12.181,0,0,0,0,0,0,0,0,0,0,0,0,0,0
0.24867,0,0,0,0,0,0,0,0,0,0,0,0,0,0
0.1874,0,0,0,0,0,0,0,0,0,0,0,0,0,0
0.11783,0,0,0,0,0,0,0,0,0,0,0,0,0,0
0.14653,0,0,0,0,0,0,0,0,0,0,0,0,0,0
0.12855,0,0,0,0,0,0,0,0,0,0,0,0,0,0
0.34558,0,0,0,0,0,0,0,0,0,0,0,0,0,0
0.10664,0,0,0,0,0,0,0,0,0,0,0,0,0,0
0.10937,0,0,0,0,0,0,0,0,0,0,0,0,0,0
0.11449,0,0,0,0,0,0,0,0,0,0,0,0,0,0
0.10805,0,0,0,0,0,0,0,0,0,0,0,0,0,0
0.11187,0,0,0,0,0,0,0,0,0,0,0,0,0,0
0.19722,0,0,0,0,0,0,0,0,0,0,0,0,0,0
0.10845,0,0,0,0,0,0,0,0,0,0,0,0,0,0
0.1018,0,0,0,0,0,0,0,0,0,0,0,0,0,0
0.10895,0,0,0,0,0,0,0,0,0,0,0,0,0,0
0.108,0,0,0,0,0,0,0,0,0,0,0,0,0,0
0.10254,0,0,0,0,0,0,0,0,0,0,0,0,0,0
0.18945,0,0,0,0,0,0,0,0,0,0,0,0,0,0
0.10345,0,0,0,0,0,0,0,0,0,0,0,0,0,0
0.10631,0,0,0,0,0,0,0,0,0,0,0,0,0,0
0.11051,0,0,0,0,0,0,0,0,0,0,0,0,0,0
0.10737,0,0,0,0,0,0,0,0,0,0,0,0,0,0
0.11165,0,0,0,0,0,0,0,0,0,0,0,0,0,0
0.19156,0,0,0,0,0,0,0,0,0,0,0,0,0,0
0.11,0,0,0,0,0,0,0,0,0,0,0,0,0,0
0.11135,0,0,0,0,0,0,0,0,0,0,0,0,0,0
0.10734,0,0,0,0,0,0,0,0,0,0,0,0,0,0
0.11122,0,0,0,0,0,0,0,0,0,0,0,0,0,0
0.10588,0,0,0,0,0,0,0,0,0,0,0,0,0,0
0.20602,0,0,0,0,0,0,0,0,0,0,0,0,0,0
0.10199,0,0,0,0,0,0,0,0,0,0,0,0,0,0
0.10265,0,0,0,0,0,0,0,0,0,0,0,0,0,0
0.11036,0,0,0,0,0,0,0,0,0,0,0,0,0,0
0.10323,0,0,0,0,0,0,0,0,0,0,0,0,0,0
0.10378,0,0,0,0,0,0,0,0,0,0,0,0,0,0
0.19546,0,0,0,0,0,0,0,0,0,0,0,0,0,0
0.10967,0,0,0,0,0,0,0,0,0,0,0,0,0,0
0.11014,0,0,0,0,0,0,0,0,0,0,0,0,0,0
0.10998,0,0,0,0,0,0,0,0,0,0,0,0,0,0
0.11217,0,0,0,0,0,0,0,0,0,0,0,0,0,0
0.11145,0,0,0,0,0,0,0,0,0,0,0,0,0,0
0.19506,0,0,0,0,0,0,0,0,0,0,0,0,0,0
0.10498,0,0,0,0,0,0,0,0,0,0,0,0,0,0
0.1104,0,0,0,0,0,0,0,0,0,0,0,0,0,0
0.09806,0,0,0,0,0,0,0,0,0,0,0,0,0,0
0.094567,0,0,0,0,0,0,0,0,0,0,0,0,0,0
0.10242,0,0,0,0,0,0,0,0,0,0,0,0,0,0
0.19283,0,0,0,0,0,0,0,0,0,0,0,0,0,0
0.095984,0,0,0,0,0,0,0,0,0,0,0,0,0,0
0.13886,0,0,0,0,0,0,0,0,0,0,0,0,0,0
0.10405,0,0,0,0,0,0,0,0,0,0,0,0,0,0
0.10594,0,0,0,0,0,0,0,0,0,0,0,0,0,0
0.10322,0,0,0,0,0,0,0,0,0,0,0,0,0,0
0.18543,0,0,0,0,0,0,0,0,0,0,0,0,0,0
0.10095,0,0,0,0,0,0,0,0,0,0,0,0,0,0
0.098868,0,0,0,0,0,0,0,0,0,0,0,0,0,0
0.1061,0,0,0,0,0,0,0,0,0,0,0,0,0,0
0.11032,0,0,0,0,0,0,0,0,0,0,0,0,0,0
0.11899,0,0,0,0,0,0,0,0,0,0,0,0,0,0
0.19164,0,0,0,0,0,0,0,0,0,0,0,0,0,0
0.1115,0,0,0,0,0,0,0,0,0,0,0,0,0,0
0.09724,0,0,0,0,0,0,0,0,0,0,0,0,0,0
0.11265,0,0,0,0,0,0,0,0,0,0,0,0,0,0
0.11232,0,0,0,0,0,0,0,0,0,0,0,0,0,0
0.11192,0,0,0,0,0,0,0,0,0,0,0,0,0,0
0.21069,0,0,0,0,0,0,0,0,0,0,0,0,0,0
0.11401,0,0,0,0,0,0,0,0,0,0,0,0,0,0
0.11248,0,0,0,0,0,0,0,0,0,0,0,0,0,0
0.10999,0,0,0,0,0,0,0,0,0,0,0,0,0,0
0.11406,0,0,0,0,0,0,0,0,0,0,0,0,0,0
0.11087,0,0,0,0,0,0,0,0,0,0,0,0,0,0
0.1873,0,0,0,0,0,0,0,0,0,0,0,0,0,0
0.098166,0,0,0,0,0,0,0,0,0,0,0,0,0,0
0.10436,0,0,0,0,0,0,0,0,0,0,0,0,0,0
0.10976,0,0,0,0,0,0,0,0,0,0,0,0,0,0
0.10895,0,0,0,0,0,0,0,0,0,0,0,0,0,0
0.10928,0,0,0,0,0,0,0,0,0,0,0,0,0,0
0.19489,0,0,0,0,0,0,0,0,0,0,0,0,0,0
0.1203,0,0,0,0,0,0,0,0,0,0,0,0,0,0
0.10572,0,0,0,0,0,0,0,0,0,0,0,0,0,0
0.11205,0,0,0,0,0,0,0,0,0,0,0,0,0,0
0.11246,0,0,0,0,0,0,0,0,0,0,0,0,0,0
0.11033,0,0,0,0,0,0,0,0,0,0,0,0,0,0
0.20091,0,0,0,0,0,0,0,0,0,0,0,0,0,0
0.12281,0,0,0,0,0,0,0,0,0,0,0,0,0,0
0.11232,0,0,0,0,0,0,0,0,0,0,0,0,0,0
0.11115,0,0,0,0,0,0,0,0,0,0,0,0,0,0
0.10432,0,0,0,0,0,0,0,0,0,0,0,0,0,0
0.10563,0,0,0,0,0,0,0,0,0,0,0,0,0,0
0.18277,0,0,0,0,0,0,0,0,0,0,0,0,0,0
0.09806,0,0,0,0,0,0,0,0,0,0,0,0,0,0
0.098101,0,0,0,0,0,0,0,0,0,0,0,0,0,0
0.11062,0,0,0,0,0,0,0,0,0,0,0,0,0,0
0.10808,0,0,0,0,0,0,0,0,0,0,0,0,0,0
0.106,0,0,0,0,0,0,0,0,0,0,0,0,0,0
0.19998,0,0,0,0,0,0,0,0,0,0,0,0,0,0
0.11166,0,0,0,0,0,0,0,0,0,0,0,0,0,0
0.1091,0,0,0,0,0,0,0,0,0,0,0,0,0,0
0.10331,0,0,0,0,0,0,0,0,0,0,0,0,0,0
0.11424,0,0,0,0,0,0,0,0,0,0,0,0,0,0
0.10439,0,0,0,0,0,0,0,0,0,0,0,0,0,0
0.18882,0,0,0,0,0,0,0,0,0,0,0,0,0,0
0.11329,0,0,0,0,0,0,0,0,0,0,0,0,0,0
0.095532,0,0,0,0,0,0,0,0,0,0,0,0,0,0
0.10335,0,0,0,0,0,0,0,0,0,0,0,0,0,0
0.10207,0,0,0,0,0,0,0,0,0,0,0,0,0,0
0.10258,0,0,0,0,0,0,0,0,0,0,0,0,0,0
0.19488,0,0,0,0,0,0,0,0,0,0,0,0,0,0
0.11156,0,0,0,0,0,0,0,0,0,0,0,0,0,0
0.10998,0,0,0,0,0,0,0,0,0,0,0,0,0,0
0.11183,0,0,0,0,0,0,0,0,0,0,0,0,0,0
0.10448,0,0,0,0,0,0,0,0,0,0,0,0,0,0
0.10978,0,0,0,0,0,0,0,0,0,0,0,0,0,0
0.19707,0,0,0,0,0,0,0,0,0,0,0,0,0,0
0.10403,0,0,0,0,0,0,0,0,0,0,0,0,0,0
0.1084,0,0,0,0,0,0,0,0,0,0,0,0,0,0
0.11697,0,0,0,0,0,0,0,0,0,0,0,0,0,0
0.10795,0,0,0,0,0,0,0,0,0,0,0,0,0,0
0.11333,0,0,0,0,0,0,0,0,0,0,0,0,0,0
0.19318,0,0,0,0,0,0,0,0,0,0,0,0,0,0
0.10418,0,0,0,0,0,0,0,0,0,0,0,0,0,0
0.10929,0,0,0,0,0,0,0,0,0,0,0,0,0,0
0.10824,0,0,0,0,0,0,0,0,0,0,0,0,0,0
0.11377,0,0,0,0,0,0,0,0,0,0,0,0,0,0
0.11669,0,0,0,0,0,0,0,0,0,0,0,0,0,0
0.1984,0,0,0,0,0,0,0,0,0,0,0,0,0,0
0.1105,0,0,0,0,0,0,0,0,0,0,0,0,0,0
0.10523,0,0,0,0,0,0,0,0,0,0,0,0,0,0
0.10505,0,0,0,0,0,0,0,0,0,0,0,0,0,0
NaN,0,0,0,0,0,0,0,0,0,0,0,0,0,0
NaN,0,0,0,0,0,0,0,0,0,0,0,0,0,0
NaN,0,0,0,0,0,0,0,0,0,0,0,0,0,0
NaN,0,0,0,0,0,0,0,0,0,0,0,0,0,0
11.378,0,0,0,0,0,0,0,0,0,0,0,0,0,0
0.22282,0,0,0,0,0,0,0,0,0,0,0,0,0,0
0.16806,0,0,0,0,0,0,0,0,0,0,0,0,0,0
0.10744,0,0,0,0,0,0,0,0,0,0,0,0,0,0
0.13163,0,0,0,0,0,0,0,0,0,0,0,0,0,0
0.12355,0,0,0,0,0,0,0,0,0,0,0,0,0,0
0.31388,0,0,0,0,0,0,0,0,0,0,0,0,0,0
0.10804,0,0,0,0,0,0,0,0,0,0,0,0,0,0
0.10378,0,0,0,0,0,0,0,0,0,0,0,0,0,0
0.1063,0,0,0,0,0,0,0,0,0,0,0,0,0,0
0.10522,0,0,0,0,0,0,0,0,0,0,0,0,0,0
0.10809,0,0,0,0,0,0,0,0,0,0,0,0,0,0
0.18995,0,0,0,0,0,0,0,0,0,0,0,0,0,0
0.12068,0,0,0,0,0,0,0,0,0,0,0,0,0,0
0.10495,0,0,0,0,0,0,0,0,0,0,0,0,0,0
0.11257,0,0,0,0,0,0,0,0,0,0,0,0,0,0
0.10932,0,0,0,0,0,0,0,0,0,0,0,0,0,0
0.10473,0,0,0,0,0,0,0,0,0,0,0,0,0,0
0.18251,0,0,0,0,0,0,0,0,0,0,0,0,0,0
0.10699,0,0,0,0,0,0,0,0,0,0,0,0,0,0
0.10926,0,0,0,0,0,0,0,0,0,0,0,0,0,0
0.11701,0,0,0,0,0,0,0,0,0,0,0,0,0,0
0.1063,0,0,0,0,0,0,0,0,0,0,0,0,0,0
0.1109,0,0,0,0,0,0,0,0,0,0,0,0,0,0
0.19466,0,0,0,0,0,0,0,0,0,0,0,0,0,0
0.10875,0,0,0,0,0,0,0,0,0,0,0,0,0,0
0.12046,0,0,0,0,0,0,0,0,0,0,0,0,0,0
0.10587,0,0,0,0,0,0,0,0,0,0,0,0,0,0
0.0985,0,0,0,0,0,0,0,0,0,0,0,0,0,0
0.10672,0,0,0,0,0,0,0,0,0,0,0,0,0,0
0.18568,0,0,0,0,0,0,0,0,0,0,0,0,0,0
0.11138,0,0,0,0,0,0,0,0,0,0,0,0,0,0
0.10109,0,0,0,0,0,0,0,0,0,0,0,0,0,0
0.10587,0,0,0,0,0,0,0,0,0,0,0,0,0,0
0.10542,0,0,0,0,0,0,0,0,0,0,0,0,0,0
0.1023,0,0,0,0,0,0,0,0,0,0,0,0,0,0
0.18848,0,0,0,0,0,0,0,0,0,0,0,0,0,0
0.11028,0,0,0,0,0,0,0,0,0,0,0,0,0,0
0.098967,0,0,0,0,0,0,0,0,0,0,0,0,0,0
0.099339,0,0,0,0,0,0,0,0,0,0,0,0,0,0
0.11025,0,0,0,0,0,0,0,0,0,0,0,0,0,0
0.10448,0,0,0,0,0,0,0,0,0,0,0,0,0,0
0.19222,0,0,0,0,0,0,0,0,0,0,0,0,0,0
0.10328,0,0,0,0,0,0,0,0,0,0,0,0,0,0
0.1169,0,0,0,0,0,0,0,0,0,0,0,0,0,0
0.10306,0,0,0,0,0,0,0,0,0,0,0,0,0,0
0.10285,0,0,0,0,0,0,0,0,0,0,0,0,0,0
0.10594,0,0,0,0,0,0,0,0,0,0,0,0,0,0
0.19005,0,0,0,0,0,0,0,0,0,0,0,0,0,0
0.11098,0,0,0,0,0,0,0,0,0,0,0,0,0,0
0.14366,0,0,0,0,0,0,0,0,0,0,0,0,0,0
0.11104,0,0,0,0,0,0,0,0,0,0,0,0,0,0
0.10119,0,0,0,0,0,0,0,0,0,0,0,0,0,0
0.097654,0,0,0,0,0,0,0,0,0,0,0,0,0,0
0.18605,0,0,0,0,0,0,0,0,0,0,0,0,0,0
0.095868,0,0,0,0,0,0,0,0,0,0,0,0,0,0
0.099253,0,0,0,0,0,0,0,0,0,0,0,0,0,0
0.097058,0,0,0,0,0,0,0,0,0,0,0,0,0,0
0.1028,0,0,0,0,0,0,0,0,0,0,0,0,0,0
0.10477,0,0,0,0,0,0,0,0,0,0,0,0,0,0
0.18799,0,0,0,0,0,0,0,0,0,0,0,0,0,0
0.10351,0,0,0,0,0,0,0,0,0,0,0,0,0,0
0.11235,0,0,0,0,0,0,0,0,0,0,0,0,0,0
0.10421,0,0,0,0,0,0,0,0,0,0,0,0,0,0
0.10327,0,0,0,0,0,0,0,0,0,0,0,0,0,0
0.10414,0,0,0,0,0,0,0,0,0,0,0,0,0,0
0.18797,0,0,0,0,0,0,0,0,0,0,0,0,0,0
0.1022,0,0,0,0,0,0,0,0,0,0,0,0,0,0
0.098877,0,0,0,0,0,0,0,0,0,0,0,0,0,0
0.095347,0,0,0,0,0,0,0,0,0,0,0,0,0,0
0.11052,0,0,0,0,0,0,0,0,0,0,0,0,0,0
0.096884,0,0,0,0,0,0,0,0,0,0,0,0,0,0
0.18127,0,0,0,0,0,0,0,0,0,0,0,0,0,0
0.10683,0,0,0,0,0,0,0,0,0,0,0,0,0,0
0.11182,0,0,0,0,0,0,0,0,0,0,0,0,0,0
0.1017,0,0,0,0,0,0,0,0,0,0,0,0,0,0
0.10763,0,0,0,0,0,0,0,0,0,0,0,0,0,0
0.094944,0,0,0,0,0,0,0,0,0,0,0,0,0,0
0.18747,0,0,0,0,0,0,0,0,0,0,0,0,0,0
0.10423,0,0,0,0,0,0,0,0,0,0,0,0,0,0
0.10512,0,0,0,0,0,0,0,0,0,0,0,0,0,0
0.098031,0,0,0,0,0,0,0,0,0,0,0,0,0,0
0.099955,0,0,0,0,0,0,0,0,0,0,0,0,0,0
0.092153,0,0,0,0,0,0,0,0,0,0,0,0,0,0
0.19921,0,0,0,0,0,0,0,0,0,0,0,0,0,0
0.10071,0,0,0,0,0,0,0,0,0,0,0,0,0,0
0.11019,0,0,0,0,0,0,0,0,0,0,0,0,0,0
0.10967,0,0,0,0,0,0,0,0,0,0,0,0,0,0
0.10988,0,0,0,0,0,0,0,0,0,0,0,0,0,0
0.094922,0,0,0,0,0,0,0,0,0,0,0,0,0,0
0.1822,0,0,0,0,0,0,0,0,0,0,0,0,0,0
0.10644,0,0,0,0,0,0,0,0,0,0,0,0,0,0
0.10516,0,0,0,0,0,0,0,0,0,0,0,0,0,0
0.10635,0,0,0,0,0,0,0,0,0,0,0,0,0,0
0.10507,0,0,0,0,0,0,0,0,0,0,0,0,0,0
0.10905,0,0,0,0,0,0,0,0,0,0,0,0,0,0
0.18874,0,0,0,0,0,0,0,0,0,0,0,0,0,0
NaN,0,0,0,0,0,0,0,0,0,0,0,0,0,0
NaN,0,0,0,0,0,0,0,0,0,0,0,0,0,0
NaN,0,0,0,0,0,0,0,0,0,0,0,0,0,0
NaN,0,0,0,0,0,0,0,0,0,0,0,0,0,0
11.27,0,0,0,0,0,0,0,0,0,0,0,0,0,0
0.24258,0,0,0,0,0,0,0,0,0,0,0,0,0,0
0.17921,0,0,0,0,0,0,0,0,0,0,0,0,0,0
0.11485,0,0,0,0,0,0,0,0,0,0,0,0,0,0
0.14644,0,0,0,0,0,0,0,0,0,0,0,0,0,0
0.12703,0,0,0,0,0,0,0,0,0,0,0,0,0,0
0.32713,0,0,0,0,0,0,0,0,0,0,0,0,0,0
0.11026,0,0,0,0,0,0,0,0,0,0,0,0,0,0
0.10512,0,0,0,0,0,0,0,0,0,0,0,0,0,0
0.1103,0,0,0,0,0,0,0,0,0,0,0,0,0,0
0.10432,0,0,0,0,0,0,0,0,0,0,0,0,0,0
0.10347,0,0,0,0,0,0,0,0,0,0,0,0,0,0
0.19115,0,0,0,0,0,0,0,0,0,0,0,0,0,0
0.10482,0,0,0,0,0,0,0,0,0,0,0,0,0,0
0.1039,0,0,0,0,0,0,0,0,0,0,0,0,0,0
0.10152,0,0,0,0,0,0,0,0,0,0,0,0,0,0
0.10127,0,0,0,0,0,0,0,0,0,0,0,0,0,0
0.10257,0,0,0,0,0,0,0,0,0,0,0,0,0,0
0.18978,0,0,0,0,0,0,0,0,0,0,0,0,0,0
0.10117,0,0,0,0,0,0,0,0,0,0,0,0,0,0
0.10351,0,0,0,0,0,0,0,0,0,0,0,0,0,0
0.10414,0,0,0,0,0,0,0,0,0,0,0,0,0,0
0.10581,0,0,0,0,0,0,0,0,0,0,0,0,0,0
0.099711,0,0,0,0,0,0,0,0,0,0,0,0,0,0
0.18582,0,0,0,0,0,0,0,0,0,0,0,0,0,0
0.1008,0,0,0,0,0,0,0,0,0,0,0,0,0,0
0.10322,0,0,0,0,0,0,0,0,0,0,0,0,0,0
0.1034,0,0,0,0,0,0,0,0,0,0,0,0,0,0
0.099936,0,0,0,0,0,0,0,0,0,0,0,0,0,0
0.10441,0,0,0,0,0,0,0,0,0,0,0,0,0,0
0.18951,0,0,0,0,0,0,0,0,0,0,0,0,0,0
0.10545,0,0,0,0,0,0,0,0,0,0,0,0,0,0
0.09956,0,0,0,0,0,0,0,0,0,0,0,0,0,0
0.10124,0,0,0,0,0,0,0,0,0,0,0,0,0,0
0.09958,0,0,0,0,0,0,0,0,0,0,0,0,0,0
0.1037,0,0,0,0,0,0,0,0,0,0,0,0,0,0
0.18304,0,0,0,0,0,0,0,0,0,0,0,0,0,0
0.099662,0,0,0,0,0,0,0,0,0,0,0,0,0,0
0.099971,0,0,0,0,0,0,0,0,0,0,0,0,0,0
0.099257,0,0,0,0,0,0,0,0,0,0,0,0,0,0
0.09976,0,0,0,0,0,0,0,0,0,0,0,0,0,0
0.099591,0,0,0,0,0,0,0,0,0,0,0,0,0,0
0.18337,0,0,0,0,0,0,0,0,0,0,0,0,0,0
0.09993,0,0,0,0,0,0,0,0,0,0,0,0,0,0
0.10057,0,0,0,0,0,0,0,0,0,0,0,0,0,0
0.10206,0,0,0,0,0,0,0,0,0,0,0,0,0,0
0.10333,0,0,0,0,0,0,0,0,0,0,0,0,0,0
0.09854,0,0,0,0,0,0,0,0,0,0,0,0,0,0
0.18422,0,0,0,0,0,0,0,0,0,0,0,0,0,0
0.10268,0,0,0,0,0,0,0,0,0,0,0,0,0,0
0.14186,0,0,0,0,0,0,0,0,0,0,0,0,0,0
0.10627,0,0,0,0,0,0,0,0,0,0,0,0,0,0
0.10493,0,0,0,0,0,0,0,0,0,0,0,0,0,0
0.10079,0,0,0,0,0,0,0,0,0,0,0,0,0,0
0.19115,0,0,0,0,0,0,0,0,0,0,0,0,0,0
0.10144,0,0,0,0,0,0,0,0,0,0,0,0,0,0
0.10392,0,0,0,0,0,0,0,0,0,0,0,0,0,0
0.10925,0,0,0,0,0,0,0,0,0,0,0,0,0,0
0.10293,0,0,0,0,0,0,0,0,0,0,0,0,0,0
0.10522,0,0,0,0,0,0,0,0,0,0,0,0,0,0
0.18329,0,0,0,0,0,0,0,0,0,0,0,0,0,0
0.11112,0,0,0,0,0,0,0,0,0,0,0,0,0,0
0.10946,0,0,0,0,0,0,0,0,0,0,0,0,0,0
0.10739,0,0,0,0,0,0,0,0,0,0,0,0,0,0
0.10379,0,0,0,0,0,0,0,0,0,0,0,0,0,0
0.11835,0,0,0,0,0,0,0,0,0,0,0,0,0,0
0.19259,0,0,0,0,0,0,0,0,0,0,0,0,0,0
0.10274,0,0,0,0,0,0,0,0,0,0,0,0,0,0
0.10139,0,0,0,0,0,0,0,0,0,0,0,0,0,0
0.11278,0,0,0,0,0,0,0,0,0,0,0,0,0,0
0.11206,0,0,0,0,0,0,0,0,0,0,0,0,0,0
0.10736,0,0,0,0,0,0,0,0,0,0,0,0,0,0
0.19567,0,0,0,0,0,0,0,0,0,0,0,0,0,0
0.11871,0,0,0,0,0,0,0,0,0,0,0,0,0,0
0.10233,0,0,0,0,0,0,0,0,0,0,0,0,0,0
0.10924,0,0,0,0,0,0,0,0,0,0,0,0,0,0
0.11153,0,0,0,0,0,0,0,0,0,0,0,0,0,0
0.10801,0,0,0,0,0,0,0,0,0,0,0,0,0,0
0.18451,0,0,0,0,0,0,0,0,0,0,0,0,0,0
0.10494,0,0,0,0,0,0,0,0,0,0,0,0,0,0
0.11295,0,0,0,0,0,0,0,0,0,0,0,0,0,0
0.11254,0,0,0,0,0,0,0,0,0,0,0,0,0,0
0.10816,0,0,0,0,0,0,0,0,0,0,0,0,0,0
0.11713,0,0,0,0,0,0,0,0,0,0,0,0,0,0
0.18715,0,0,0,0,0,0,0,0,0,0,0,0,0,0
0.11418,0,0,0,0,0,0,0,0,0,0,0,0,0,0
0.10138,0,0,0,0,0,0,0,0,0,0,0,0,0,0
0.10426,0,0,0,0,0,0,0,0,0,0,0,0,0,0
0.10953,0,0,0,0,0,0,0,0,0,0,0,0,0,0
0.10906,0,0,0,0,0,0,0,0,0,0,0,0,0,0
0.19275,0,0,0,0,0,0,0,0,0,0,0,0,0,0
0.1112,0,0,0,0,0,0,0,0,0,0,0,0,0,0
0.10854,0,0,0,0,0,0,0,0,0,0,0,0,0,0
0.10763,0,0,0,0,0,0,0,0,0,0,0,0,0,0
0.1142,0,0,0,0,0,0,0,0,0,0,0,0,0,0
0.10101,0,0,0,0,0,0,0,0,0,0,0,0,0,0
0.18645,0,0,0,0,0,0,0,0,0,0,0,0,0,0
0.10471,0,0,0,0,0,0,0,0,0,0,0,0,0,0
0.11521,0,0,0,0,0,0,0,0,0,0,0,0,0,0
0.10538,0,0,0,0,0,0,0,0,0,0,0,0,0,0
0.10716,0,0,0,0,0,0,0,0,0,0,0,0,0,0
0.10172,0,0,0,0,0,0,0,0,0,0,0,0,0,0
0.18264,0,0,0,0,0,0,0,0,0,0,0,0,0,0
0.10505,0,0,0,0,0,0,0,0,0,0,0,0,0,0
0.10734,0,0,0,0,0,0,0,0,0,0,0,0,0,0
0.10485,0,0,0,0,0,0,0,0,0,0,0,0,0,0
0.10079,0,0,0,0,0,0,0,0,0,0,0,0,0,0
0.095968,0,0,0,0,0,0,0,0,0,0,0,0,0,0
0.18082,0,0,0,0,0,0,0,0,0,0,0,0,0,0
0.11393,0,0,0,0,0,0,0,0,0,0,0,0,0,0
0.10933,0,0,0,0,0,0,0,0,0,0,0,0,0,0
0.10293,0,0,0,0,0,0,0,0,0,0,0,0,0,0
0.1093,0,0,0,0,0,0,0,0,0,0,0,0,0,0
0.096628,0,0,0,0,0,0,0,0,0,0,0,0,0,0
0.18886,0,0,0,0,0,0,0,0,0,0,0,0,0,0
0.10045,0,0,0,0,0,0,0,0,0,0,0,0,0,0
0.10553,0,0,0,0,0,0,0,0,0,0,0,0,0,0
0.10449,0,0,0,0,0,0,0,0,0,0,0,0,0,0
0.11387,0,0,0,0,0,0,0,0,0,0,0,0,0,0
0.098053,0,0,0,0,0,0,0,0,0,0,0,0,0,0
0.19104,0,0,0,0,0,0,0,0,0,0,0,0,0,0
0.099957,0,0,0,0,0,0,0,0,0,0,0,0,0,0
0.10505,0,0,0,0,0,0,0,0,0,0,0,0,0,0
0.11337,0,0,0,0,0,0,0,0,0,0,0,0,0,0
0.10638,0,0,0,0,0,0,0,0,0,0,0,0,0,0
0.098866,0,0,0,0,0,0,0,0,0,0,0,0,0,0
0.18637,0,0,0,0,0,0,0,0,0,0,0,0,0,0
0.10118,0,0,0,0,0,0,0,0,0,0,0,0,0,0
0.10351,0,0,0,0,0,0,0,0,0,0,0,0,0,0
0.10866,0,0,0,0,0,0,0,0,0,0,0,0,0,0
0.10782,0,0,0,0,0,0,0,0,0,0,0,0,0,0
0.09831,0,0,0,0,0,0,0,0,0,0,0,0,0,0
0.18402,0,0,0,0,0,0,0,0,0,0,0,0,0,0
0.10063,0,0,0,0,0,0,0,0,0,0,0,0,0,0
0.099475,0,0,0,0,0,0,0,0,0,0,0,0,0,0
0.10378,0,0,0,0,0,0,0,0,0,0,0,0,0,0
0.1096,0,0,0,0,0,0,0,0,0,0,0,0,0,0
0.10097,0,0,0,0,0,0,0,0,0,0,0,0,0,0
0.18828,0,0,0,0,0,0,0,0,0,0,0,0,0,0
0.10573,0,0,0,0,0,0,0,0,0,0,0,0,0,0
0.11211,0,0,0,0,0,0,0,0,0,0,0,0,0,0
0.105,0,0,0,0,0,0,0,0,0,0,0,0,0,0
0.11425,0,0,0,0,0,0,0,0,0,0,0,0,0,0
0.09718,0,0,0,0,0,0,0,0,0,0,0,0,0,0
0.18566,0,0,0,0,0,0,0,0,0,0,0,0,0,0
0.10894,0,0,0,0,0,0,0,0,0,0,0,0,0,0
0.11541,0,0,0,0,0,0,0,0,0,0,0,0,0,0
0.10106,0,0,0,0,0,0,0,0,0,0,0,0,0,0
0.1027,0,0,0,0,0,0,0,0,0,0,0,0,0,0
0.10609,0,0,0,0,0,0,0,0,0,0,0,0,0,0
0.18308,0,0,0,0,0,0,0,0,0,0,0,0,0,0
0.10918,0,0,0,0,0,0,0,0,0,0,0,0,0,0
0.10081,0,0,0,0,0,0,0,0,0,0,0,0,0,0
0.098916,0,0,0,0,0,0,0,0,0,0,0,0,0,0
0.10327,0,0,0,0,0,0,0,0,0,0,0,0,0,0
0.10006,0,0,0,0,0,0,0,0,0,0,0,0,0,0
0.18388,0,0,0,0,0,0,0,0,0,0,0,0,0,0
0.11185,0,0,0,0,0,0,0,0,0,0,0,0,0,0
0.10235,0,0,0,0,0,0,0,0,0,0,0,0,0,0
0.096152,0,0,0,0,0,0,0,0,0,0,0,0,0,0
0.10343,0,0,0,0,0,0,0,0,0,0,0,0,0,0
0.099674,0,0,0,0,0,0,0,0,0,0,0,0,0,0
0.18258,0,0,0,0,0,0,0,0,0,0,0,0,0,0
0.10916,0,0,0,0,0,0,0,0,0,0,0,0,0,0
0.10167,0,0,0,0,0,0,0,0,0,0,0,0,0,0
0.097602,0,0,0,0,0,0,0,0,0,0,0,0,0,0
0.10011,0,0,0,0,0,0,0,0,0,0,0,0,0,0
0.098533,0,0,0,0,0,0,0,0,0,0,0,0,0,0
0.18164,0,0,0,0,0,0,0,0,0,0,0,0,0,0
0.11235,0,0,0,0,0,0,0,0,0,0,0,0,0,0
0.11091,0,0,0,0,0,0,0,0,0,0,0,0,0,0
0.10514,0,0,0,0,0,0,0,0,0,0,0,0,0,0
0.10282,0,0,0,0,0,0,0,0,0,0,0,0,0,0
0.09666,0,0,0,0,0,0,0,0,0,0,0,0,0,0
0.18322,0,0,0,0,0,0,0,0,0,0,0,0,0,0
0.096581,0,0,0,0,0,0,0,0,0,0,0,0,0,0
0.099474,0,0,0,0,0,0,0,0,0,0,0,0,0,0
0.10514,0,0,0,0,0,0,0,0,0,0,0,0,0,0
0.10826,0,0,0,0,0,0,0,0,0,0,0,0,0,0
0.098652,0,0,0,0,0,0,0,0,0,0,0,0,0,0
0.19108,0,0,0,0,0,0,0,0,0,0,0,0,0,0
0.099586,0,0,0,0,0,0,0,0,0,0,0,0,0,0
0.10512,0,0,0,0,0,0,0,0,0,0,0,0,0,0
0.10984,0,0,0,0,0,0,0,0,0,0,0,0,0,0
0.11273,0,0,0,0,0,0,0,0,0,0,0,0,0,0
0.09508,0,0,0,0,0,0,0,0,0,0,0,0,0,0
0.19097,0,0,0,0,0,0,0,0,0,0,0,0,0,0
0.095749,0,0,0,0,0,0,0,0,0,0,0,0,0,0
0.096442,0,0,0,0,0,0,0,0,0,0,0,0,0,0
0.10243,0,0,0,0,0,0,0,0,0,0,0,0,0,0
0.11314,0,0,0,0,0,0,0,0,0,0,0,0,0,0
0.10155,0,0,0,0,0,0,0,0,0,0,0,0,0,0
0.18676,0,0,0,0,0,0,0,0,0,0,0,0,0,0
0.10865,0,0,0,0,0,0,0,0,0,0,0,0,0,0
0.11433,0,0,0,0,0,0,0,0,0,0,0,0,0,0
0.099684,0,0,0,0,0,0,0,0,0,0,0,0,0,0
0.097879,0,0,0,0,0,0,0,0,0,0,0,0,0,0
0.096577,0,0,0,0,0,0,0,0,0,0,0,0,0,0
0.18649,0,0,0,0,0,0,0,0,0,0,0,0,0,0
0.1144,0,0,0,0,0,0,0,0,0,0,0,0,0,0
0.10928,0,0,0,0,0,0,0,0,0,0,0,0,0,0
0.10078,0,0,0,0,0,0,0,0,0,0,0,0,0,0
0.10344,0,0,0,0,0,0,0,0,0,0,0,0,0,0
0.10096,0,0,0,0,0,0,0,0,0,0,0,0,0,0
0.1828,0,0,0,0,0,0,0,0,0,0,0,0,0,0
0.11155,0,0,0,0,0,0,0,0,0,0,0,0,0,0
0.10952,0,0,0,0,0,0,0,0,0,0,0,0,0,0
0.10532,0,0,0,0,0,0,0,0,0,0,0,0,0,0
0.1023,0,0,0,0,0,0,0,0,0,0,0,0,0,0
0.10433,0,0,0,0,0,0,0,0,0,0,0,0,0,0
0.1821,0,0,0,0,0,0,0,0,0,0,0,0,0,0
0.10525,0,0,0,0,0,0,0,0,0,0,0,0,0,0
0.10617,0,0,0,0,0,0,0,0,0,0,0,0,0,0
0.10152,0,0,0,0,0,0,0,0,0,0,0,0,0,0
0.098297,0,0,0,0,0,0,0,0,0,0,0,0,0,0
0.09734,0,0,0,0,0,0,0,0,0,0,0,0,0,0
0.18493,0,0,0,0,0,0,0,0,0,0,0,0,0,0
0.10578,0,0,0,0,0,0,0,0,0,0,0,0,0,0
0.10566,0,0,0,0,0,0,0,0,0,0,0,0,0,0
0.10412,0,0,0,0,0,0,0,0,0,0,0,0,0,0
0.10185,0,0,0,0,0,0,0,0,0,0,0,0,0,0
0.10135,0,0,0,0,0,0,0,0,0,0,0,0,0,0
0.17889,0,0,0,0,0,0,0,0,0,0,0,0,0,0
0.10325,0,0,0,0,0,0,0,0,0,0,0,0,0,0
0.10653,0,0,0,0,0,0,0,0,0,0,0,0,0,0
0.10524,0,0,0,0,0,0,0,0,0,0,0,0,0,0
0.10061,0,0,0,0,0,0,0,0,0,0,0,0,0,0
0.10118,0,0,0,0,0,0,0,0,0,0,0,0,0,0
0.17675,0,0,0,0,0,0,0,0,0,0,0,0,0,0
0.10608,0,0,0,0,0,0,0,0,0,0,0,0,0,0
0.10527,0,0,0,0,0,0,0,0,0,0,0,0,0,0
0.10694,0,0,0,0,0,0,0,0,0,0,0,0,0,0
0.1051,0,0,0,0,0,0,0,0,0,0,0,0,0,0
0.10268,0,0,0,0,0,0,0,0,0,0,0,0,0,0
0.17558,0,0,0,0,0,0,0,0,0,0,0,0,0,0
0.095011,0,0,0,0,0,0,0,0,0,0,0,0,0,0
0.10427,0,0,0,0,0,0,0,0,0,0,0,0,0,0
0.10522,0,0,0,0,0,0,0,0,0,0,0,0,0,0
0.10618,0,0,0,0,0,0,0,0,0,0,0,0,0,0
0.10066,0,0,0,0,0,0,0,0,0,0,0,0,0,0
0.17867,0,0,0,0,0,0,0,0,0,0,0,0,0,0
0.10545,0,0,0,0,0,0,0,0,0,0,0,0,0,0
0.10521,0,0,0,0,0,0,0,0,0,0,0,0,0,0
0.10407,0,0,0,0,0,0,0,0,0,0,0,0,0,0
0.10313,0,0,0,0,0,0,0,0,0,0,0,0,0,0
0.10611,0,0,0,0,0,0,0,0,0,0,0,0,0,0
0.18776,0,0,0,0,0,0,0,0,0,0,0,0,0,0
0.11166,0,0,0,0,0,0,0,0,0,0,0,0,0,0
0.10398,0,0,0,0,0,0,0,0,0,0,0,0,0,0
0.12026,0,0,0,0,0,0,0,0,0,0,0,0,0,0
0.10188,0,0,0,0,0,0,0,0,0,0,0,0,0,0
0.10334,0,0,0,0,0,0,0,0,0,0,0,0,0,0
0.19454,0,0,0,0,0,0,0,0,0,0,0,0,0,0
0.10481,0,0,0,0,0,0,0,0,0,0,0,0,0,0
0.11362,0,0,0,0,0,0,0,0,0,0,0,0,0,0
0.11055,0,0,0,0,0,0,0,0,0,0,0,0,0,0
0.10813,0,0,0,0,0,0,0,0,0,0,0,0,0,0
0.11127,0,0,0,0,0,0,0,0,0,0,0,0,0,0
0.20556,0,0,0,0,0,0,0,0,0,0,0,0,0,0
0.11659,0,0,0,0,0,0,0,0,0,0,0,0,0,0
0.1039,0,0,0,0,0,0,0,0,0,0,0,0,0,0
0.10628,0,0,0,0,0,0,0,0,0,0,0,0,0,0
0.10584,0,0,0,0,0,0,0,0,0,0,0,0,0,0
0.10537,0,0,0,0,0,0,0,0,0,0,0,0,0,0
0.19084,0,0,0,0,0,0,0,0,0,0,0,0,0,0
0.10514,0,0,0,0,0,0,0,0,0,0,0,0,0,0
0.105,0,0,0,0,0,0,0,0,0,0,0,0,0,0
0.10197,0,0,0,0,0,0,0,0,0,0,0,0,0,0
0.10876,0,0,0,0,0,0,0,0,0,0,0,0,0,0
0.10286,0,0,0,0,0,0,0,0,0,0,0,0,0,0
0.19461,0,0,0,0,0,0,0,0,0,0,0,0,0,0
0.10521,0,0,0,0,0,0,0,0,0,0,0,0,0,0
0.10088,0,0,0,0,0,0,0,0,0,0,0,0,0,0
0.10294,0,0,0,0,0,0,0,0,0,0,0,0,0,0
0.096663,0,0,0,0,0,0,0,0,0,0,0,0,0,0
0.095058,0,0,0,0,0,0,0,0,0,0,0,0,0,0
0.18222,0,0,0,0,0,0,0,0,0,0,0,0,0,0
0.11402,0,0,0,0,0,0,0,0,0,0,0,0,0,0
0.096009,0,0,0,0,0,0,0,0,0,0,0,0,0,0
0.09599,0,0,0,0,0,0,0,0,0,0,0,0,0,0
0.096037,0,0,0,0,0,0,0,0,0,0,0,0,0,0
0.09601,0,0,0,0,0,0,0,0,0,0,0,0,0,0
0.18158,0,0,0,0,0,0,0,0,0,0,0,0,0,0
0.098397,0,0,0,0,0,0,0,0,0,0,0,0,0,0
0.09513,0,0,0,0,0,0,0,0,0,0,0,0,0,0
0.098542,0,0,0,0,0,0,0,0,0,0,0,0,0,0
0.098947,0,0,0,0,0,0,0,0,0,0,0,0,0,0
0.10819,0,0,0,0,0,0,0,0,0,0,0,0,0,0
0.1848,0,0,0,0,0,0,0,0,0,0,0,0,0,0
0.1055,0,0,0,0,0,0,0,0,0,0,0,0,0,0
0.10342,0,0,0,0,0,0,0,0,0,0,0,0,0,0
0.10474,0,0,0,0,0,0,0,0,0,0,0,0,0,0
0.10636,0,0,0,0,0,0,0,0,0,0,0,0,0,0
0.10693,0,0,0,0,0,0,0,0,0,0,0,0,0,0
0.19109,0,0,0,0,0,0,0,0,0,0,0,0,0,0
0.10588,0,0,0,0,0,0,0,0,0,0,0,0,0,0
0.10708,0,0,0,0,0,0,0,0,0,0,0,0,0,0
0.10561,0,0,0,0,0,0,0,0,0,0,0,0,0,0
0.10139,0,0,0,0,0,0,0,0,0,0,0,0,0,0
0.10373,0,0,0,0,0,0,0,0,0,0,0,0,0,0
0.19211,0,0,0,0,0,0,0,0,0,0,0,0,0,0
0.10637,0,0,0,0,0,0,0,0,0,0,0,0,0,0
0.11126,0,0,0,0,0,0,0,0,0,0,0,0,0,0
0.10561,0,0,0,0,0,0,0,0,0,0,0,0,0,0
0.10656,0,0,0,0,0,0,0,0,0,0,0,0,0,0
0.10893,0,0,0,0,0,0,0,0,0,0,0,0,0,0
0.19628,0,0,0,0,0,0,0,0,0,0,0,0,0,0
0.10597,0,0,0,0,0,0,0,0,0,0,0,0,0,0
0.10533,0,0,0,0,0,0,0,0,0,0,0,0,0,0
0.11232,0,0,0,0,0,0,0,0,0,0,0,0,0,0
0.10341,0,0,0,0,0,0,0,0,0,0,0,0,0,0
0.099925,0,0,0,0,0,0,0,0,0,0,0,0,0,0
0.17941,0,0,0,0,0,0,0,0,0,0,0,0,0,0
0.095793,0,0,0,0,0,0,0,0,0,0,0,0,0,0
0.093632,0,0,0,0,0,0,0,0,0,0,0,0,0,0
0.093822,0,0,0,0,0,0,0,0,0,0,0,0,0,0
0.099177,0,0,0,0,0,0,0,0,0,0,0,0,0,0
0.10878,0,0,0,0,0,0,0,0,0,0,0,0,0,0
0.18674,0,0,0,0,0,0,0,0,0,0,0,0,0,0
0.099308,0,0,0,0,0,0,0,0,0,0,0,0,0,0
0.098487,0,0,0,0,0,0,0,0,0,0,0,0,0,0
0.10824,0,0,0,0,0,0,0,0,0,0,0,0,0,0
0.11247,0,0,0,0,0,0,0,0,0,0,0,0,0,0
0.1026,0,0,0,0,0,0,0,0,0,0,0,0,0,0
0.19263,0,0,0,0,0,0,0,0,0,0,0,0,0,0
NaN,0,0,0,0,0,0,0,0,0,0,0,0,0,0
NaN,0,0,0,0,0,0,0,0,0,0,0,0,0,0
NaN,0,0,0,0,0,0,0,0,0,0,0,0,0,0
NaN,0,0,0,0,0,0,0,0,0,0,0,0,0,0
12.048,0,0,0,0,0,0,0,0,0,0,0,0,0,0
0.24221,0,0,0,0,0,0,0,0,0,0,0,0,0,0
0.18526,0,0,0,0,0,0,0,0,0,0,0,0,0,0
0.11139,0,0,0,0,0,0,0,0,0,0,0,0,0,0
0.14039,0,0,0,0,0,0,0,0,0,0,0,0,0,0
0.125,0,0,0,0,0,0,0,0,0,0,0,0,0,0
0.34258,0,0,0,0,0,0,0,0,0,0,0,0,0,0
0.11182,0,0,0,0,0,0,0,0,0,0,0,0,0,0
0.10721,0,0,0,0,0,0,0,0,0,0,0,0,0,0
0.10948,0,0,0,0,0,0,0,0,0,0,0,0,0,0
0.10327,0,0,0,0,0,0,0,0,0,0,0,0,0,0
0.10368,0,0,0,0,0,0,0,0,0,0,0,0,0,0
0.20838,0,0,0,0,0,0,0,0,0,0,0,0,0,0
0.10467,0,0,0,0,0,0,0,0,0,0,0,0,0,0
0.11071,0,0,0,0,0,0,0,0,0,0,0,0,0,0
0.1003,0,0,0,0,0,0,0,0,0,0,0,0,0,0
0.1098,0,0,0,0,0,0,0,0,0,0,0,0,0,0
0.11446,0,0,0,0,0,0,0,0,0,0,0,0,0,0
0.18483,0,0,0,0,0,0,0,0,0,0,0,0,0,0
0.10878,0,0,0,0,0,0,0,0,0,0,0,0,0,0
0.11394,0,0,0,0,0,0,0,0,0,0,0,0,0,0
0.11392,0,0,0,0,0,0,0,0,0,0,0,0,0,0
0.1053,0,0,0,0,0,0,0,0,0,0,0,0,0,0
0.11297,0,0,0,0,0,0,0,0,0,0,0,0,0,0
0.19307,0,0,0,0,0,0,0,0,0,0,0,0,0,0
0.11154,0,0,0,0,0,0,0,0,0,0,0,0,0,0
0.10541,0,0,0,0,0,0,0,0,0,0,0,0,0,0
0.10836,0,0,0,0,0,0,0,0,0,0,0,0,0,0
0.11106,0,0,0,0,0,0,0,0,0,0,0,0,0,0
NaN,0,0,0,0,0,0,0,0,0,0,0,0,0,0
NaN,0,0,0,0,0,0,0,0,0,0,0,0,0,0
NaN,0,0,0,0,0,0,0,0,0,0,0,0,0,0
NaN,0,0,0,0,0,0,0,0,0,0,0,0,0,0
11.382,0,0,0,0,0,0,0,0,0,0,0,0,0,0
0.23265,0,0,0,0,0,0,0,0,0,0,0,0,0,0
0.17301,0,0,0,0,0,0,0,0,0,0,0,0,0,0
0.11036,0,0,0,0,0,0,0,0,0,0,0,0,0,0
0.13135,0,0,0,0,0,0,0,0,0,0,0,0,0,0
0.11355,0,0,0,0,0,0,0,0,0,0,0,0,0,0
0.30599,0,0,0,0,0,0,0,0,0,0,0,0,0,0
0.09675,0,0,0,0,0,0,0,0,0,0,0,0,0,0
0.093432,0,0,0,0,0,0,0,0,0,0,0,0,0,0
0.093654,0,0,0,0,0,0,0,0,0,0,0,0,0,0
0.091965,0,0,0,0,0,0,0,0,0,0,0,0,0,0
0.098623,0,0,0,0,0,0,0,0,0,0,0,0,0,0
0.18339,0,0,0,0,0,0,0,0,0,0,0,0,0,0
0.097156,0,0,0,0,0,0,0,0,0,0,0,0,0,0
0.1008,0,0,0,0,0,0,0,0,0,0,0,0,0,0
0.10286,0,0,0,0,0,0,0,0,0,0,0,0,0,0
0.098011,0,0,0,0,0,0,0,0,0,0,0,0,0,0
0.093634,0,0,0,0,0,0,0,0,0,0,0,0,0,0
0.17472,0,0,0,0,0,0,0,0,0,0,0,0,0,0
0.094488,0,0,0,0,0,0,0,0,0,0,0,0,0,0
0.094255,0,0,0,0,0,0,0,0,0,0,0,0,0,0
0.095085,0,0,0,0,0,0,0,0,0,0,0,0,0,0
0.09366,0,0,0,0,0,0,0,0,0,0,0,0,0,0
0.09213,0,0,0,0,0,0,0,0,0,0,0,0,0,0
0.17738,0,0,0,0,0,0,0,0,0,0,0,0,0,0
0.10034,0,0,0,0,0,0,0,0,0,0,0,0,0,0
0.10647,0,0,0,0,0,0,0,0,0,0,0,0,0,0
0.10489,0,0,0,0,0,0,0,0,0,0,0,0,0,0
0.10704,0,0,0,0,0,0,0,0,0,0,0,0,0,0
0.10238,0,0,0,0,0,0,0,0,0,0,0,0,0,0
0.18764,0,0,0,0,0,0,0,0,0,0,0,0,0,0
0.10431,0,0,0,0,0,0,0,0,0,0,0,0,0,0
0.10942,0,0,0,0,0,0,0,0,0,0,0,0,0,0
0.10764,0,0,0,0,0,0,0,0,0,0,0,0,0,0
0.10267,0,0,0,0,0,0,0,0,0,0,0,0,0,0
0.1086,0,0,0,0,0,0,0,0,0,0,0,0,0,0
0.18836,0,0,0,0,0,0,0,0,0,0,0,0,0,0
0.1048,0,0,0,0,0,0,0,0,0,0,0,0,0,0
0.10971,0,0,0,0,0,0,0,0,0,0,0,0,0,0
0.11614,0,0,0,0,0,0,0,0,0,0,0,0,0,0
0.11249,0,0,0,0,0,0,0,0,0,0,0,0,0,0
0.10356,0,0,0,0,0,0,0,0,0,0,0,0,0,0
0.18521,0,0,0,0,0,0,0,0,0,0,0,0,0,0
0.10458,0,0,0,0,0,0,0,0,0,0,0,0,0,0
0.10816,0,0,0,0,0,0,0,0,0,0,0,0,0,0
0.094475,0,0,0,0,0,0,0,0,0,0,0,0,0,0
0.096567,0,0,0,0,0,0,0,0,0,0,0,0,0,0
0.10134,0,0,0,0,0,0,0,0,0,0,0,0,0,0
0.22337,0,0,0,0,0,0,0,0,0,0,0,0,0,0
0.13932,0,0,0,0,0,0,0,0,0,0,0,0,0,0
0.13802,0,0,0,0,0,0,0,0,0,0,0,0,0,0
0.10298,0,0,0,0,0,0,0,0,0,0,0,0,0,0
0.099175,0,0,0,0,0,0,0,0,0,0,0,0,0,0
0.10029,0,0,0,0,0,0,0,0,0,0,0,0,0,0
0.17038,0,0,0,0,0,0,0,0,0,0,0,0,0,0
0.10208,0,0,0,0,0,0,0,0,0,0,0,0,0,0
0.099965,0,0,0,0,0,0,0,0,0,0,0,0,0,0
0.099101,0,0,0,0,0,0,0,0,0,0,0,0,0,0
0.10064,0,0,0,0,0,0,0,0,0,0,0,0,0,0
0.10309,0,0,0,0,0,0,0,0,0,0,0,0,0,0
0.16942,0,0,0,0,0,0,0,0,0,0,0,0,0,0
0.10147,0,0,0,0,0,0,0,0,0,0,0,0,0,0
0.10156,0,0,0,0,0,0,0,0,0,0,0,0,0,0
0.10082,0,0,0,0,0,0,0,0,0,0,0,0,0,0
0.1008,0,0,0,0,0,0,0,0,0,0,0,0,0,0
0.10501,0,0,0,0,0,0,0,0,0,0,0,0,0,0
0.18436,0,0,0,0,0,0,0,0,0,0,0,0,0,0
0.10036,0,0,0,0,0,0,0,0,0,0,0,0,0,0
0.10308,0,0,0,0,0,0,0,0,0,0,0,0,0,0
0.10038,0,0,0,0,0,0,0,0,0,0,0,0,0,0
0.10265,0,0,0,0,0,0,0,0,0,0,0,0,0,0
0.10119,0,0,0,0,0,0,0,0,0,0,0,0,0,0
0.17226,0,0,0,0,0,0,0,0,0,0,0,0,0,0
0.10427,0,0,0,0,0,0,0,0,0,0,0,0,0,0
0.10248,0,0,0,0,0,0,0,0,0,0,0,0,0,0
0.10116,0,0,0,0,0,0,0,0,0,0,0,0,0,0
0.10071,0,0,0,0,0,0,0,0,0,0,0,0,0,0
0.099928,0,0,0,0,0,0,0,0,0,0,0,0,0,0
0.17082,0,0,0,0,0,0,0,0,0,0,0,0,0,0
0.096125,0,0,0,0,0,0,0,0,0,0,0,0,0,0
0.096569,0,0,0,0,0,0,0,0,0,0,0,0,0,0
0.095123,0,0,0,0,0,0,0,0,0,0,0,0,0,0
0.095232,0,0,0,0,0,0,0,0,0,0,0,0,0,0
0.094956,0,0,0,0,0,0,0,0,0,0,0,0,0,0
0.16773,0,0,0,0,0,0,0,0,0,0,0,0,0,0
0.09334,0,0,0,0,0,0,0,0,0,0,0,0,0,0
0.094687,0,0,0,0,0,0,0,0,0,0,0,0,0,0
0.094154,0,0,0,0,0,0,0,0,0,0,0,0,0,0
0.095006,0,0,0,0,0,0,0,0,0,0,0,0,0,0
0.096124,0,0,0,0,0,0,0,0,0,0,0,0,0,0
0.16777,0,0,0,0,0,0,0,0,0,0,0,0,0,0
0.094624,0,0,0,0,0,0,0,0,0,0,0,0,0,0
0.094862,0,0,0,0,0,0,0,0,0,0,0,0,0,0
0.096282,0,0,0,0,0,0,0,0,0,0,0,0,0,0
0.096661,0,0,0,0,0,0,0,0,0,0,0,0,0,0
0.097296,0,0,0,0,0,0,0,0,0,0,0,0,0,0
0.16982,0,0,0,0,0,0,0,0,0,0,0,0,0,0
0.096198,0,0,0,0,0,0,0,0,0,0,0,0,0,0
0.09654,0,0,0,0,0,0,0,0,0,0,0,0,0,0
0.097791,0,0,0,0,0,0,0,0,0,0,0,0,0,0
0.096615,0,0,0,0,0,0,0,0,0,0,0,0,0,0
0.095089,0,0,0,0,0,0,0,0,0,0,0,0,0,0
0.16937,0,0,0,0,0,0,0,0,0,0,0,0,0,0
0.094776,0,0,0,0,0,0,0,0,0,0,0,0,0,0
0.0967,0,0,0,0,0,0,0,0,0,0,0,0,0,0
0.097692,0,0,0,0,0,0,0,0,0,0,0,0,0,0
0.096593,0,0,0,0,0,0,0,0,0,0,0,0,0,0
0.094693,0,0,0,0,0,0,0,0,0,0,0,0,0,0
0.16872,0,0,0,0,0,0,0,0,0,0,0,0,0,0
0.095396,0,0,0,0,0,0,0,0,0,0,0,0,0,0
