11.504,0,0,0,0,0,0,0,0,0,0,0,0,0,0
0.24693,0,0,0,0,0,0,0,0,0,0,0,0,0,0
0.18391,0,0,0,0,0,0,0,0,0,0,0,0,0,0
0.12101,0,0,0,0,0,0,0,0,0,0,0,0,0,0
0.13309,0,0,0,0,0,0,0,0,0,0,0,0,0,0
0.11953,0,0,0,0,0,0,0,0,0,0,0,0,0,0
0.3274,0,0,0,0,0,0,0,0,0,0,0,0,0,0
0.097222,0,0,0,0,0,0,0,0,0,0,0,0,0,0
0.095163,0,0,0,0,0,0,0,0,0,0,0,0,0,0
0.10133,0,0,0,0,0,0,0,0,0,0,0,0,0,0
0.10103,0,0,0,0,0,0,0,0,0,0,0,0,0,0
0.1004,0,0,0,0,0,0,0,0,0,0,0,0,0,0
0.17347,0,0,0,0,0,0,0,0,0,0,0,0,0,0
0.092368,0,0,0,0,0,0,0,0,0,0,0,0,0,0
0.094681,0,0,0,0,0,0,0,0,0,0,0,0,0,0
0.13634,0,0,0,0,0,0,0,0,0,0,0,0,0,0
0.12907,0,0,0,0,0,0,0,0,0,0,0,0,0,0
0.087229,0,0,0,0,0,0,0,0,0,0,0,0,0,0
0.15797,0,0,0,0,0,0,0,0,0,0,0,0,0,0
0.088277,0,0,0,0,0,0,0,0,0,0,0,0,0,0
0.088301,0,0,0,0,0,0,0,0,0,0,0,0,0,0
0.088767,0,0,0,0,0,0,0,0,0,0,0,0,0,0
0.087339,0,0,0,0,0,0,0,0,0,0,0,0,0,0
0.087531,0,0,0,0,0,0,0,0,0,0,0,0,0,0
0.15689,0,0,0,0,0,0,0,0,0,0,0,0,0,0
0.08609,0,0,0,0,0,0,0,0,0,0,0,0,0,0
0.087584,0,0,0,0,0,0,0,0,0,0,0,0,0,0
0.091876,0,0,0,0,0,0,0,0,0,0,0,0,0,0
0.088954,0,0,0,0,0,0,0,0,0,0,0,0,0,0
0.089386,0,0,0,0,0,0,0,0,0,0,0,0,0,0
0.16347,0,0,0,0,0,0,0,0,0,0,0,0,0,0
0.088723,0,0,0,0,0,0,0,0,0,0,0,0,0,0
0.088339,0,0,0,0,0,0,0,0,0,0,0,0,0,0
0.088275,0,0,0,0,0,0,0,0,0,0,0,0,0,0
0.088785,0,0,0,0,0,0,0,0,0,0,0,0,0,0
0.088681,0,0,0,0,0,0,0,0,0,0,0,0,0,0
0.15509,0,0,0,0,0,0,0,0,0,0,0,0,0,0
0.085797,0,0,0,0,0,0,0,0,0,0,0,0,0,0
0.08784,0,0,0,0,0,0,0,0,0,0,0,0,0,0
0.086163,0,0,0,0,0,0,0,0,0,0,0,0,0,0
0.086228,0,0,0,0,0,0,0,0,0,0,0,0,0,0
0.090719,0,0,0,0,0,0,0,0,0,0,0,0,0,0
0.15535,0,0,0,0,0,0,0,0,0,0,0,0,0,0
0.089204,0,0,0,0,0,0,0,0,0,0,0,0,0,0
0.08753,0,0,0,0,0,0,0,0,0,0,0,0,0,0
0.089356,0,0,0,0,0,0,0,0,0,0,0,0,0,0
0.089838,0,0,0,0,0,0,0,0,0,0,0,0,0,0
0.091105,0,0,0,0,0,0,0,0,0,0,0,0,0,0
0.16386,0,0,0,0,0,0,0,0,0,0,0,0,0,0
0.09223,0,0,0,0,0,0,0,0,0,0,0,0,0,0
0.13165,0,0,0,0,0,0,0,0,0,0,0,0,0,0
0.094089,0,0,0,0,0,0,0,0,0,0,0,0,0,0
0.094627,0,0,0,0,0,0,0,0,0,0,0,0,0,0
0.091589,0,0,0,0,0,0,0,0,0,0,0,0,0,0
0.16984,0,0,0,0,0,0,0,0,0,0,0,0,0,0
0.090945,0,0,0,0,0,0,0,0,0,0,0,0,0,0
0.090978,0,0,0,0,0,0,0,0,0,0,0,0,0,0
0.08715,0,0,0,0,0,0,0,0,0,0,0,0,0,0
0.088806,0,0,0,0,0,0,0,0,0,0,0,0,0,0
0.088514,0,0,0,0,0,0,0,0,0,0,0,0,0,0
0.15916,0,0,0,0,0,0,0,0,0,0,0,0,0,0
0.088689,0,0,0,0,0,0,0,0,0,0,0,0,0,0
0.089483,0,0,0,0,0,0,0,0,0,0,0,0,0,0
0.092772,0,0,0,0,0,0,0,0,0,0,0,0,0,0
0.090116,0,0,0,0,0,0,0,0,0,0,0,0,0,0
0.09035,0,0,0,0,0,0,0,0,0,0,0,0,0,0
0.16148,0,0,0,0,0,0,0,0,0,0,0,0,0,0
0.090865,0,0,0,0,0,0,0,0,0,0,0,0,0,0
0.091367,0,0,0,0,0,0,0,0,0,0,0,0,0,0
0.089631,0,0,0,0,0,0,0,0,0,0,0,0,0,0
0.089517,0,0,0,0,0,0,0,0,0,0,0,0,0,0
0.095267,0,0,0,0,0,0,0,0,0,0,0,0,0,0
0.16244,0,0,0,0,0,0,0,0,0,0,0,0,0,0
0.093473,0,0,0,0,0,0,0,0,0,0,0,0,0,0
0.092299,0,0,0,0,0,0,0,0,0,0,0,0,0,0
0.092087,0,0,0,0,0,0,0,0,0,0,0,0,0,0
0.091567,0,0,0,0,0,0,0,0,0,0,0,0,0,0
0.092371,0,0,0,0,0,0,0,0,0,0,0,0,0,0
0.16209,0,0,0,0,0,0,0,0,0,0,0,0,0,0
0.09316,0,0,0,0,0,0,0,0,0,0,0,0,0,0
0.093884,0,0,0,0,0,0,0,0,0,0,0,0,0,0
0.092649,0,0,0,0,0,0,0,0,0,0,0,0,0,0
0.09497,0,0,0,0,0,0,0,0,0,0,0,0,0,0
0.094114,0,0,0,0,0,0,0,0,0,0,0,0,0,0
0.1688,0,0,0,0,0,0,0,0,0,0,0,0,0,0
0.097208,0,0,0,0,0,0,0,0,0,0,0,0,0,0
0.093494,0,0,0,0,0,0,0,0,0,0,0,0,0,0
0.092788,0,0,0,0,0,0,0,0,0,0,0,0,0,0
0.092643,0,0,0,0,0,0,0,0,0,0,0,0,0,0
0.092746,0,0,0,0,0,0,0,0,0,0,0,0,0,0
0.16263,0,0,0,0,0,0,0,0,0,0,0,0,0,0
0.091774,0,0,0,0,0,0,0,0,0,0,0,0,0,0
0.094068,0,0,0,0,0,0,0,0,0,0,0,0,0,0
0.093557,0,0,0,0,0,0,0,0,0,0,0,0,0,0
0.10318,0,0,0,0,0,0,0,0,0,0,0,0,0,0
0.09233,0,0,0,0,0,0,0,0,0,0,0,0,0,0
0.32473,0,0,0,0,0,0,0,0,0,0,0,0,0,0
0.091566,0,0,0,0,0,0,0,0,0,0,0,0,0,0
0.09623,0,0,0,0,0,0,0,0,0,0,0,0,0,0
0.095748,0,0,0,0,0,0,0,0,0,0,0,0,0,0
0.096567,0,0,0,0,0,0,0,0,0,0,0,0,0,0
0.09585,0,0,0,0,0,0,0,0,0,0,0,0,0,0
0.16415,0,0,0,0,0,0,0,0,0,0,0,0,0,0
0.091869,0,0,0,0,0,0,0,0,0,0,0,0,0,0
0.090819,0,0,0,0,0,0,0,0,0,0,0,0,0,0
0.090195,0,0,0,0,0,0,0,0,0,0,0,0,0,0
0.090253,0,0,0,0,0,0,0,0,0,0,0,0,0,0
0.088915,0,0,0,0,0,0,0,0,0,0,0,0,0,0
0.15768,0,0,0,0,0,0,0,0,0,0,0,0,0,0
0.089526,0,0,0,0,0,0,0,0,0,0,0,0,0,0
0.091954,0,0,0,0,0,0,0,0,0,0,0,0,0,0
0.093092,0,0,0,0,0,0,0,0,0,0,0,0,0,0
0.091828,0,0,0,0,0,0,0,0,0,0,0,0,0,0
0.091064,0,0,0,0,0,0,0,0,0,0,0,0,0,0
0.16268,0,0,0,0,0,0,0,0,0,0,0,0,0,0
0.092842,0,0,0,0,0,0,0,0,0,0,0,0,0,0
0.09317,0,0,0,0,0,0,0,0,0,0,0,0,0,0
0.094327,0,0,0,0,0,0,0,0,0,0,0,0,0,0
0.09333,0,0,0,0,0,0,0,0,0,0,0,0,0,0
0.094635,0,0,0,0,0,0,0,0,0,0,0,0,0,0
0.16432,0,0,0,0,0,0,0,0,0,0,0,0,0,0
0.096307,0,0,0,0,0,0,0,0,0,0,0,0,0,0
0.095879,0,0,0,0,0,0,0,0,0,0,0,0,0,0
0.093623,0,0,0,0,0,0,0,0,0,0,0,0,0,0
0.097272,0,0,0,0,0,0,0,0,0,0,0,0,0,0
0.099619,0,0,0,0,0,0,0,0,0,0,0,0,0,0
0.16811,0,0,0,0,0,0,0,0,0,0,0,0,0,0
0.092886,0,0,0,0,0,0,0,0,0,0,0,0,0,0
0.092861,0,0,0,0,0,0,0,0,0,0,0,0,0,0
0.095746,0,0,0,0,0,0,0,0,0,0,0,0,0,0
0.093285,0,0,0,0,0,0,0,0,0,0,0,0,0,0
0.094034,0,0,0,0,0,0,0,0,0,0,0,0,0,0
0.16146,0,0,0,0,0,0,0,0,0,0,0,0,0,0
0.091487,0,0,0,0,0,0,0,0,0,0,0,0,0,0
0.090924,0,0,0,0,0,0,0,0,0,0,0,0,0,0
0.091907,0,0,0,0,0,0,0,0,0,0,0,0,0,0
0.091155,0,0,0,0,0,0,0,0,0,0,0,0,0,0
0.091488,0,0,0,0,0,0,0,0,0,0,0,0,0,0
0.16042,0,0,0,0,0,0,0,0,0,0,0,0,0,0
0.089852,0,0,0,0,0,0,0,0,0,0,0,0,0,0
0.089214,0,0,0,0,0,0,0,0,0,0,0,0,0,0
0.087986,0,0,0,0,0,0,0,0,0,0,0,0,0,0
0.088155,0,0,0,0,0,0,0,0,0,0,0,0,0,0
0.090698,0,0,0,0,0,0,0,0,0,0,0,0,0,0
0.17106,0,0,0,0,0,0,0,0,0,0,0,0,0,0
0.09269,0,0,0,0,0,0,0,0,0,0,0,0,0,0
0.1031,0,0,0,0,0,0,0,0,0,0,0,0,0,0
0.092094,0,0,0,0,0,0,0,0,0,0,0,0,0,0
0.091528,0,0,0,0,0,0,0,0,0,0,0,0,0,0
0.09671,0,0,0,0,0,0,0,0,0,0,0,0,0,0
0.16678,0,0,0,0,0,0,0,0,0,0,0,0,0,0
0.092609,0,0,0,0,0,0,0,0,0,0,0,0,0,0
0.091866,0,0,0,0,0,0,0,0,0,0,0,0,0,0
0.091222,0,0,0,0,0,0,0,0,0,0,0,0,0,0
0.09191,0,0,0,0,0,0,0,0,0,0,0,0,0,0
0.092373,0,0,0,0,0,0,0,0,0,0,0,0,0,0
0.16617,0,0,0,0,0,0,0,0,0,0,0,0,0,0
0.093941,0,0,0,0,0,0,0,0,0,0,0,0,0,0
0.096704,0,0,0,0,0,0,0,0,0,0,0,0,0,0
0.099332,0,0,0,0,0,0,0,0,0,0,0,0,0,0
0.097242,0,0,0,0,0,0,0,0,0,0,0,0,0,0
0.096656,0,0,0,0,0,0,0,0,0,0,0,0,0,0
0.17567,0,0,0,0,0,0,0,0,0,0,0,0,0,0
0.098115,0,0,0,0,0,0,0,0,0,0,0,0,0,0
0.097236,0,0,0,0,0,0,0,0,0,0,0,0,0,0
0.10214,0,0,0,0,0,0,0,0,0,0,0,0,0,0
0.10028,0,0,0,0,0,0,0,0,0,0,0,0,0,0
0.10137,0,0,0,0,0,0,0,0,0,0,0,0,0,0
0.18107,0,0,0,0,0,0,0,0,0,0,0,0,0,0
0.10191,0,0,0,0,0,0,0,0,0,0,0,0,0,0
0.1044,0,0,0,0,0,0,0,0,0,0,0,0,0,0
0.11237,0,0,0,0,0,0,0,0,0,0,0,0,0,0
0.10417,0,0,0,0,0,0,0,0,0,0,0,0,0,0
0.099332,0,0,0,0,0,0,0,0,0,0,0,0,0,0
0.17839,0,0,0,0,0,0,0,0,0,0,0,0,0,0
0.098414,0,0,0,0,0,0,0,0,0,0,0,0,0,0
0.10113,0,0,0,0,0,0,0,0,0,0,0,0,0,0
0.10078,0,0,0,0,0,0,0,0,0,0,0,0,0,0
0.09966,0,0,0,0,0,0,0,0,0,0,0,0,0,0
0.10153,0,0,0,0,0,0,0,0,0,0,0,0,0,0
0.17802,0,0,0,0,0,0,0,0,0,0,0,0,0,0
0.10145,0,0,0,0,0,0,0,0,0,0,0,0,0,0
0.1002,0,0,0,0,0,0,0,0,0,0,0,0,0,0
0.099233,0,0,0,0,0,0,0,0,0,0,0,0,0,0
0.10232,0,0,0,0,0,0,0,0,0,0,0,0,0,0
0.10448,0,0,0,0,0,0,0,0,0,0,0,0,0,0
0.18004,0,0,0,0,0,0,0,0,0,0,0,0,0,0
0.10208,0,0,0,0,0,0,0,0,0,0,0,0,0,0
0.10463,0,0,0,0,0,0,0,0,0,0,0,0,0,0
0.10165,0,0,0,0,0,0,0,0,0,0,0,0,0,0
0.104,0,0,0,0,0,0,0,0,0,0,0,0,0,0
0.12571,0,0,0,0,0,0,0,0,0,0,0,0,0,0
0.22034,0,0,0,0,0,0,0,0,0,0,0,0,0,0
0.11277,0,0,0,0,0,0,0,0,0,0,0,0,0,0
0.11462,0,0,0,0,0,0,0,0,0,0,0,0,0,0
0.11225,0,0,0,0,0,0,0,0,0,0,0,0,0,0
0.10685,0,0,0,0,0,0,0,0,0,0,0,0,0,0
0.10762,0,0,0,0,0,0,0,0,0,0,0,0,0,0
0.1778,0,0,0,0,0,0,0,0,0,0,0,0,0,0
0.10781,0,0,0,0,0,0,0,0,0,0,0,0,0,0
0.10491,0,0,0,0,0,0,0,0,0,0,0,0,0,0
0.11074,0,0,0,0,0,0,0,0,0,0,0,0,0,0
0.11019,0,0,0,0,0,0,0,0,0,0,0,0,0,0
0.10144,0,0,0,0,0,0,0,0,0,0,0,0,0,0
0.19035,0,0,0,0,0,0,0,0,0,0,0,0,0,0
0.12154,0,0,0,0,0,0,0,0,0,0,0,0,0,0
0.10435,0,0,0,0,0,0,0,0,0,0,0,0,0,0
0.10456,0,0,0,0,0,0,0,0,0,0,0,0,0,0
0.11635,0,0,0,0,0,0,0,0,0,0,0,0,0,0
0.11947,0,0,0,0,0,0,0,0,0,0,0,0,0,0
0.20233,0,0,0,0,0,0,0,0,0,0,0,0,0,0
0.10866,0,0,0,0,0,0,0,0,0,0,0,0,0,0
0.11214,0,0,0,0,0,0,0,0,0,0,0,0,0,0
0.11027,0,0,0,0,0,0,0,0,0,0,0,0,0,0
0.10633,0,0,0,0,0,0,0,0,0,0,0,0,0,0
0.10456,0,0,0,0,0,0,0,0,0,0,0,0,0,0
0.18452,0,0,0,0,0,0,0,0,0,0,0,0,0,0
0.095762,0,0,0,0,0,0,0,0,0,0,0,0,0,0
0.10052,0,0,0,0,0,0,0,0,0,0,0,0,0,0
0.10501,0,0,0,0,0,0,0,0,0,0,0,0,0,0
0.099663,0,0,0,0,0,0,0,0,0,0,0,0,0,0
0.094938,0,0,0,0,0,0,0,0,0,0,0,0,0,0
0.19202,0,0,0,0,0,0,0,0,0,0,0,0,0,0
0.093065,0,0,0,0,0,0,0,0,0,0,0,0,0,0
0.108,0,0,0,0,0,0,0,0,0,0,0,0,0,0
0.093628,0,0,0,0,0,0,0,0,0,0,0,0,0,0
0.10153,0,0,0,0,0,0,0,0,0,0,0,0,0,0
0.10354,0,0,0,0,0,0,0,0,0,0,0,0,0,0
0.19617,0,0,0,0,0,0,0,0,0,0,0,0,0,0
0.11036,0,0,0,0,0,0,0,0,0,0,0,0,0,0
0.10641,0,0,0,0,0,0,0,0,0,0,0,0,0,0
0.10059,0,0,0,0,0,0,0,0,0,0,0,0,0,0
0.10224,0,0,0,0,0,0,0,0,0,0,0,0,0,0
0.095922,0,0,0,0,0,0,0,0,0,0,0,0,0,0
0.18009,0,0,0,0,0,0,0,0,0,0,0,0,0,0
0.098721,0,0,0,0,0,0,0,0,0,0,0,0,0,0
0.1065,0,0,0,0,0,0,0,0,0,0,0,0,0,0
0.10079,0,0,0,0,0,0,0,0,0,0,0,0,0,0
0.095689,0,0,0,0,0,0,0,0,0,0,0,0,0,0
0.09988,0,0,0,0,0,0,0,0,0,0,0,0,0,0
0.19264,0,0,0,0,0,0,0,0,0,0,0,0,0,0
0.1027,0,0,0,0,0,0,0,0,0,0,0,0,0,0
0.11385,0,0,0,0,0,0,0,0,0,0,0,0,0,0
0.10689,0,0,0,0,0,0,0,0,0,0,0,0,0,0
0.10709,0,0,0,0,0,0,0,0,0,0,0,0,0,0
0.10789,0,0,0,0,0,0,0,0,0,0,0,0,0,0
0.18191,0,0,0,0,0,0,0,0,0,0,0,0,0,0
0.10957,0,0,0,0,0,0,0,0,0,0,0,0,0,0
0.11046,0,0,0,0,0,0,0,0,0,0,0,0,0,0
0.10531,0,0,0,0,0,0,0,0,0,0,0,0,0,0
0.10454,0,0,0,0,0,0,0,0,0,0,0,0,0,0
0.11128,0,0,0,0,0,0,0,0,0,0,0,0,0,0
0.19365,0,0,0,0,0,0,0,0,0,0,0,0,0,0
0.10476,0,0,0,0,0,0,0,0,0,0,0,0,0,0
0.10252,0,0,0,0,0,0,0,0,0,0,0,0,0,0
0.10337,0,0,0,0,0,0,0,0,0,0,0,0,0,0
0.10231,0,0,0,0,0,0,0,0,0,0,0,0,0,0
0.10174,0,0,0,0,0,0,0,0,0,0,0,0,0,0
0.19,0,0,0,0,0,0,0,0,0,0,0,0,0,0
0.11455,0,0,0,0,0,0,0,0,0,0,0,0,0,0
0.11405,0,0,0,0,0,0,0,0,0,0,0,0,0,0
0.10083,0,0,0,0,0,0,0,0,0,0,0,0,0,0
0.10051,0,0,0,0,0,0,0,0,0,0,0,0,0,0
0.1079,0,0,0,0,0,0,0,0,0,0,0,0,0,0
0.18867,0,0,0,0,0,0,0,0,0,0,0,0,0,0
0.10245,0,0,0,0,0,0,0,0,0,0,0,0,0,0
0.10365,0,0,0,0,0,0,0,0,0,0,0,0,0,0
0.10357,0,0,0,0,0,0,0,0,0,0,0,0,0,0
0.11262,0,0,0,0,0,0,0,0,0,0,0,0,0,0
0.10578,0,0,0,0,0,0,0,0,0,0,0,0,0,0
0.18971,0,0,0,0,0,0,0,0,0,0,0,0,0,0
0.10534,0,0,0,0,0,0,0,0,0,0,0,0,0,0
0.1023,0,0,0,0,0,0,0,0,0,0,0,0,0,0
0.10248,0,0,0,0,0,0,0,0,0,0,0,0,0,0
0.10083,0,0,0,0,0,0,0,0,0,0,0,0,0,0
0.10088,0,0,0,0,0,0,0,0,0,0,0,0,0,0
0.18826,0,0,0,0,0,0,0,0,0,0,0,0,0,0
0.11893,0,0,0,0,0,0,0,0,0,0,0,0,0,0
0.10201,0,0,0,0,0,0,0,0,0,0,0,0,0,0
0.10378,0,0,0,0,0,0,0,0,0,0,0,0,0,0
0.10669,0,0,0,0,0,0,0,0,0,0,0,0,0,0
0.11015,0,0,0,0,0,0,0,0,0,0,0,0,0,0
0.18115,0,0,0,0,0,0,0,0,0,0,0,0,0,0
0.097961,0,0,0,0,0,0,0,0,0,0,0,0,0,0
0.10235,0,0,0,0,0,0,0,0,0,0,0,0,0,0
0.11106,0,0,0,0,0,0,0,0,0,0,0,0,0,0
0.10205,0,0,0,0,0,0,0,0,0,0,0,0,0,0
0.10441,0,0,0,0,0,0,0,0,0,0,0,0,0,0
0.19698,0,0,0,0,0,0,0,0,0,0,0,0,0,0
0.10638,0,0,0,0,0,0,0,0,0,0,0,0,0,0
0.1027,0,0,0,0,0,0,0,0,0,0,0,0,0,0
0.10242,0,0,0,0,0,0,0,0,0,0,0,0,0,0
0.10923,0,0,0,0,0,0,0,0,0,0,0,0,0,0
0.10174,0,0,0,0,0,0,0,0,0,0,0,0,0,0
0.19094,0,0,0,0,0,0,0,0,0,0,0,0,0,0
0.11294,0,0,0,0,0,0,0,0,0,0,0,0,0,0
0.10067,0,0,0,0,0,0,0,0,0,0,0,0,0,0
0.10092,0,0,0,0,0,0,0,0,0,0,0,0,0,0
0.10546,0,0,0,0,0,0,0,0,0,0,0,0,0,0
0.10271,0,0,0,0,0,0,0,0,0,0,0,0,0,0
0.18486,0,0,0,0,0,0,0,0,0,0,0,0,0,0
0.10557,0,0,0,0,0,0,0,0,0,0,0,0,0,0
0.10437,0,0,0,0,0,0,0,0,0,0,0,0,0,0
0.10301,0,0,0,0,0,0,0,0,0,0,0,0,0,0
0.1058,0,0,0,0,0,0,0,0,0,0,0,0,0,0
0.10436,0,0,0,0,0,0,0,0,0,0,0,0,0,0
0.18981,0,0,0,0,0,0,0,0,0,0,0,0,0,0
0.10881,0,0,0,0,0,0,0,0,0,0,0,0,0,0
0.10966,0,0,0,0,0,0,0,0,0,0,0,0,0,0
0.098906,0,0,0,0,0,0,0,0,0,0,0,0,0,0
0.10211,0,0,0,0,0,0,0,0,0,0,0,0,0,0
0.10352,0,0,0,0,0,0,0,0,0,0,0,0,0,0
0.19678,0,0,0,0,0,0,0,0,0,0,0,0,0,0
0.094945,0,0,0,0,0,0,0,0,0,0,0,0,0,0
0.096937,0,0,0,0,0,0,0,0,0,0,0,0,0,0
0.095833,0,0,0,0,0,0,0,0,0,0,0,0,0,0
0.097172,0,0,0,0,0,0,0,0,0,0,0,0,0,0
0.094772,0,0,0,0,0,0,0,0,0,0,0,0,0,0
0.16223,0,0,0,0,0,0,0,0,0,0,0,0,0,0
0.096358,0,0,0,0,0,0,0,0,0,0,0,0,0,0
0.098338,0,0,0,0,0,0,0,0,0,0,0,0,0,0
0.096472,0,0,0,0,0,0,0,0,0,0,0,0,0,0
0.094302,0,0,0,0,0,0,0,0,0,0,0,0,0,0
0.09368,0,0,0,0,0,0,0,0,0,0,0,0,0,0
0.16381,0,0,0,0,0,0,0,0,0,0,0,0,0,0
0.095496,0,0,0,0,0,0,0,0,0,0,0,0,0,0
0.09345,0,0,0,0,0,0,0,0,0,0,0,0,0,0
0.091708,0,0,0,0,0,0,0,0,0,0,0,0,0,0
0.093372,0,0,0,0,0,0,0,0,0,0,0,0,0,0
0.10128,0,0,0,0,0,0,0,0,0,0,0,0,0,0
0.16407,0,0,0,0,0,0,0,0,0,0,0,0,0,0
0.09696,0,0,0,0,0,0,0,0,0,0,0,0,0,0
0.15494,0,0,0,0,0,0,0,0,0,0,0,0,0,0
0.15438,0,0,0,0,0,0,0,0,0,0,0,0,0,0
0.092852,0,0,0,0,0,0,0,0,0,0,0,0,0,0
0.09372,0,0,0,0,0,0,0,0,0,0,0,0,0,0
0.16046,0,0,0,0,0,0,0,0,0,0,0,0,0,0
0.09093,0,0,0,0,0,0,0,0,0,0,0,0,0,0
0.090688,0,0,0,0,0,0,0,0,0,0,0,0,0,0
0.0995,0,0,0,0,0,0,0,0,0,0,0,0,0,0
0.091834,0,0,0,0,0,0,0,0,0,0,0,0,0,0
0.093787,0,0,0,0,0,0,0,0,0,0,0,0,0,0
0.16278,0,0,0,0,0,0,0,0,0,0,0,0,0,0
0.095691,0,0,0,0,0,0,0,0,0,0,0,0,0,0
0.099203,0,0,0,0,0,0,0,0,0,0,0,0,0,0
0.097342,0,0,0,0,0,0,0,0,0,0,0,0,0,0
0.099114,0,0,0,0,0,0,0,0,0,0,0,0,0,0
0.10159,0,0,0,0,0,0,0,0,0,0,0,0,0,0
0.17203,0,0,0,0,0,0,0,0,0,0,0,0,0,0
0.1005,0,0,0,0,0,0,0,0,0,0,0,0,0,0
0.099332,0,0,0,0,0,0,0,0,0,0,0,0,0,0
0.10049,0,0,0,0,0,0,0,0,0,0,0,0,0,0
0.099026,0,0,0,0,0,0,0,0,0,0,0,0,0,0
0.095521,0,0,0,0,0,0,0,0,0,0,0,0,0,0
0.17421,0,0,0,0,0,0,0,0,0,0,0,0,0,0
0.10057,0,0,0,0,0,0,0,0,0,0,0,0,0,0
0.10131,0,0,0,0,0,0,0,0,0,0,0,0,0,0
0.10064,0,0,0,0,0,0,0,0,0,0,0,0,0,0
0.098445,0,0,0,0,0,0,0,0,0,0,0,0,0,0
0.10287,0,0,0,0,0,0,0,0,0,0,0,0,0,0
0.1761,0,0,0,0,0,0,0,0,0,0,0,0,0,0
0.10347,0,0,0,0,0,0,0,0,0,0,0,0,0,0
0.10173,0,0,0,0,0,0,0,0,0,0,0,0,0,0
0.094604,0,0,0,0,0,0,0,0,0,0,0,0,0,0
0.093281,0,0,0,0,0,0,0,0,0,0,0,0,0,0
0.098438,0,0,0,0,0,0,0,0,0,0,0,0,0,0
0.17439,0,0,0,0,0,0,0,0,0,0,0,0,0,0
0.10141,0,0,0,0,0,0,0,0,0,0,0,0,0,0
0.10154,0,0,0,0,0,0,0,0,0,0,0,0,0,0
0.101,0,0,0,0,0,0,0,0,0,0,0,0,0,0
0.10245,0,0,0,0,0,0,0,0,0,0,0,0,0,0
0.10225,0,0,0,0,0,0,0,0,0,0,0,0,0,0
0.17289,0,0,0,0,0,0,0,0,0,0,0,0,0,0
0.10085,0,0,0,0,0,0,0,0,0,0,0,0,0,0
0.099022,0,0,0,0,0,0,0,0,0,0,0,0,0,0
0.10142,0,0,0,0,0,0,0,0,0,0,0,0,0,0
0.098906,0,0,0,0,0,0,0,0,0,0,0,0,0,0
0.098973,0,0,0,0,0,0,0,0,0,0,0,0,0,0
0.17357,0,0,0,0,0,0,0,0,0,0,0,0,0,0
0.10345,0,0,0,0,0,0,0,0,0,0,0,0,0,0
0.10014,0,0,0,0,0,0,0,0,0,0,0,0,0,0
0.099361,0,0,0,0,0,0,0,0,0,0,0,0,0,0
0.099763,0,0,0,0,0,0,0,0,0,0,0,0,0,0
0.099782,0,0,0,0,0,0,0,0,0,0,0,0,0,0
0.17794,0,0,0,0,0,0,0,0,0,0,0,0,0,0
0.10144,0,0,0,0,0,0,0,0,0,0,0,0,0,0
0.10048,0,0,0,0,0,0,0,0,0,0,0,0,0,0
0.10111,0,0,0,0,0,0,0,0,0,0,0,0,0,0
0.099746,0,0,0,0,0,0,0,0,0,0,0,0,0,0
0.10116,0,0,0,0,0,0,0,0,0,0,0,0,0,0
0.17757,0,0,0,0,0,0,0,0,0,0,0,0,0,0
0.10319,0,0,0,0,0,0,0,0,0,0,0,0,0,0
0.10196,0,0,0,0,0,0,0,0,0,0,0,0,0,0
0.10013,0,0,0,0,0,0,0,0,0,0,0,0,0,0
0.10018,0,0,0,0,0,0,0,0,0,0,0,0,0,0
0.10294,0,0,0,0,0,0,0,0,0,0,0,0,0,0
0.18198,0,0,0,0,0,0,0,0,0,0,0,0,0,0
0.10497,0,0,0,0,0,0,0,0,0,0,0,0,0,0
0.10288,0,0,0,0,0,0,0,0,0,0,0,0,0,0
0.10165,0,0,0,0,0,0,0,0,0,0,0,0,0,0
0.10222,0,0,0,0,0,0,0,0,0,0,0,0,0,0
0.10282,0,0,0,0,0,0,0,0,0,0,0,0,0,0
0.17895,0,0,0,0,0,0,0,0,0,0,0,0,0,0
0.1041,0,0,0,0,0,0,0,0,0,0,0,0,0,0
0.10169,0,0,0,0,0,0,0,0,0,0,0,0,0,0
0.10384,0,0,0,0,0,0,0,0,0,0,0,0,0,0
0.10222,0,0,0,0,0,0,0,0,0,0,0,0,0,0
0.2185,0,0,0,0,0,0,0,0,0,0,0,0,0,0
0.20423,0,0,0,0,0,0,0,0,0,0,0,0,0,0
0.10605,0,0,0,0,0,0,0,0,0,0,0,0,0,0
0.099054,0,0,0,0,0,0,0,0,0,0,0,0,0,0
0.099617,0,0,0,0,0,0,0,0,0,0,0,0,0,0
0.10085,0,0,0,0,0,0,0,0,0,0,0,0,0,0
0.097543,0,0,0,0,0,0,0,0,0,0,0,0,0,0
0.16855,0,0,0,0,0,0,0,0,0,0,0,0,0,0
0.096507,0,0,0,0,0,0,0,0,0,0,0,0,0,0
0.095838,0,0,0,0,0,0,0,0,0,0,0,0,0,0
0.097857,0,0,0,0,0,0,0,0,0,0,0,0,0,0
0.096418,0,0,0,0,0,0,0,0,0,0,0,0,0,0
0.09807,0,0,0,0,0,0,0,0,0,0,0,0,0,0
0.1709,0,0,0,0,0,0,0,0,0,0,0,0,0,0
0.098759,0,0,0,0,0,0,0,0,0,0,0,0,0,0
0.095326,0,0,0,0,0,0,0,0,0,0,0,0,0,0
0.094296,0,0,0,0,0,0,0,0,0,0,0,0,0,0
0.094939,0,0,0,0,0,0,0,0,0,0,0,0,0,0
0.095065,0,0,0,0,0,0,0,0,0,0,0,0,0,0
0.16744,0,0,0,0,0,0,0,0,0,0,0,0,0,0
0.093792,0,0,0,0,0,0,0,0,0,0,0,0,0,0
0.092008,0,0,0,0,0,0,0,0,0,0,0,0,0,0
0.092919,0,0,0,0,0,0,0,0,0,0,0,0,0,0
0.09122,0,0,0,0,0,0,0,0,0,0,0,0,0,0
0.094584,0,0,0,0,0,0,0,0,0,0,0,0,0,0
0.16791,0,0,0,0,0,0,0,0,0,0,0,0,0,0
0.095117,0,0,0,0,0,0,0,0,0,0,0,0,0,0
0.093916,0,0,0,0,0,0,0,0,0,0,0,0,0,0
0.096704,0,0,0,0,0,0,0,0,0,0,0,0,0,0
0.093343,0,0,0,0,0,0,0,0,0,0,0,0,0,0
0.094989,0,0,0,0,0,0,0,0,0,0,0,0,0,0
0.16542,0,0,0,0,0,0,0,0,0,0,0,0,0,0
0.093,0,0,0,0,0,0,0,0,0,0,0,0,0,0
0.093413,0,0,0,0,0,0,0,0,0,0,0,0,0,0
0.094885,0,0,0,0,0,0,0,0,0,0,0,0,0,0
0.092914,0,0,0,0,0,0,0,0,0,0,0,0,0,0
0.095403,0,0,0,0,0,0,0,0,0,0,0,0,0,0
0.16823,0,0,0,0,0,0,0,0,0,0,0,0,0,0
0.094204,0,0,0,0,0,0,0,0,0,0,0,0,0,0
0.093581,0,0,0,0,0,0,0,0,0,0,0,0,0,0
0.093729,0,0,0,0,0,0,0,0,0,0,0,0,0,0
0.092009,0,0,0,0,0,0,0,0,0,0,0,0,0,0
0.093233,0,0,0,0,0,0,0,0,0,0,0,0,0,0
0.16733,0,0,0,0,0,0,0,0,0,0,0,0,0,0
0.093679,0,0,0,0,0,0,0,0,0,0,0,0,0,0
0.092296,0,0,0,0,0,0,0,0,0,0,0,0,0,0
0.090945,0,0,0,0,0,0,0,0,0,0,0,0,0,0
0.094475,0,0,0,0,0,0,0,0,0,0,0,0,0,0
0.09579,0,0,0,0,0,0,0,0,0,0,0,0,0,0
0.16471,0,0,0,0,0,0,0,0,0,0,0,0,0,0
0.09136,0,0,0,0,0,0,0,0,0,0,0,0,0,0
0.090513,0,0,0,0,0,0,0,0,0,0,0,0,0,0
0.097631,0,0,0,0,0,0,0,0,0,0,0,0,0,0
0.098458,0,0,0,0,0,0,0,0,0,0,0,0,0,0
0.091218,0,0,0,0,0,0,0,0,0,0,0,0,0,0
0.16564,0,0,0,0,0,0,0,0,0,0,0,0,0,0
0.093631,0,0,0,0,0,0,0,0,0,0,0,0,0,0
0.092838,0,0,0,0,0,0,0,0,0,0,0,0,0,0
0.095641,0,0,0,0,0,0,0,0,0,0,0,0,0,0
0.092706,0,0,0,0,0,0,0,0,0,0,0,0,0,0
0.094142,0,0,0,0,0,0,0,0,0,0,0,0,0,0
0.18163,0,0,0,0,0,0,0,0,0,0,0,0,0,0
0.096172,0,0,0,0,0,0,0,0,0,0,0,0,0,0
0.093601,0,0,0,0,0,0,0,0,0,0,0,0,0,0
0.093757,0,0,0,0,0,0,0,0,0,0,0,0,0,0
0.09174,0,0,0,0,0,0,0,0,0,0,0,0,0,0
0.093639,0,0,0,0,0,0,0,0,0,0,0,0,0,0
0.17119,0,0,0,0,0,0,0,0,0,0,0,0,0,0
0.093387,0,0,0,0,0,0,0,0,0,0,0,0,0,0
0.093526,0,0,0,0,0,0,0,0,0,0,0,0,0,0
0.090818,0,0,0,0,0,0,0,0,0,0,0,0,0,0
0.093489,0,0,0,0,0,0,0,0,0,0,0,0,0,0
0.092152,0,0,0,0,0,0,0,0,0,0,0,0,0,0
0.17112,0,0,0,0,0,0,0,0,0,0,0,0,0,0
0.090527,0,0,0,0,0,0,0,0,0,0,0,0,0,0
0.088535,0,0,0,0,0,0,0,0,0,0,0,0,0,0
0.091254,0,0,0,0,0,0,0,0,0,0,0,0,0,0
0.08953,0,0,0,0,0,0,0,0,0,0,0,0,0,0
0.090517,0,0,0,0,0,0,0,0,0,0,0,0,0,0
0.16898,0,0,0,0,0,0,0,0,0,0,0,0,0,0
0.088993,0,0,0,0,0,0,0,0,0,0,0,0,0,0
0.089828,0,0,0,0,0,0,0,0,0,0,0,0,0,0
0.089631,0,0,0,0,0,0,0,0,0,0,0,0,0,0
0.089523,0,0,0,0,0,0,0,0,0,0,0,0,0,0
0.089611,0,0,0,0,0,0,0,0,0,0,0,0,0,0
0.16877,0,0,0,0,0,0,0,0,0,0,0,0,0,0
0.088714,0,0,0,0,0,0,0,0,0,0,0,0,0,0
0.0991,0,0,0,0,0,0,0,0,0,0,0,0,0,0
0.090567,0,0,0,0,0,0,0,0,0,0,0,0,0,0
0.090441,0,0,0,0,0,0,0,0,0,0,0,0,0,0
0.09037,0,0,0,0,0,0,0,0,0,0,0,0,0,0
0.17041,0,0,0,0,0,0,0,0,0,0,0,0,0,0
0.091826,0,0,0,0,0,0,0,0,0,0,0,0,0,0
0.091336,0,0,0,0,0,0,0,0,0,0,0,0,0,0
0.092712,0,0,0,0,0,0,0,0,0,0,0,0,0,0
0.09127,0,0,0,0,0,0,0,0,0,0,0,0,0,0
0.090351,0,0,0,0,0,0,0,0,0,0,0,0,0,0
0.16951,0,0,0,0,0,0,0,0,0,0,0,0,0,0
0.09256,0,0,0,0,0,0,0,0,0,0,0,0,0,0
0.092126,0,0,0,0,0,0,0,0,0,0,0,0,0,0
0.090629,0,0,0,0,0,0,0,0,0,0,0,0,0,0
0.090311,0,0,0,0,0,0,0,0,0,0,0,0,0,0
0.093718,0,0,0,0,0,0,0,0,0,0,0,0,0,0
0.1713,0,0,0,0,0,0,0,0,0,0,0,0,0,0
0.093909,0,0,0,0,0,0,0,0,0,0,0,0,0,0
0.089956,0,0,0,0,0,0,0,0,0,0,0,0,0,0
0.091148,0,0,0,0,0,0,0,0,0,0,0,0,0,0
0.093417,0,0,0,0,0,0,0,0,0,0,0,0,0,0
0.091483,0,0,0,0,0,0,0,0,0,0,0,0,0,0
0.17605,0,0,0,0,0,0,0,0,0,0,0,0,0,0
0.092425,0,0,0,0,0,0,0,0,0,0,0,0,0,0
0.098279,0,0,0,0,0,0,0,0,0,0,0,0,0,0
0.095475,0,0,0,0,0,0,0,0,0,0,0,0,0,0
0.095704,0,0,0,0,0,0,0,0,0,0,0,0,0,0
0.10746,0,0,0,0,0,0,0,0,0,0,0,0,0,0
0.17564,0,0,0,0,0,0,0,0,0,0,0,0,0,0
0.097412,0,0,0,0,0,0,0,0,0,0,0,0,0,0
0.090029,0,0,0,0,0,0,0,0,0,0,0,0,0,0
0.093718,0,0,0,0,0,0,0,0,0,0,0,0,0,0
0.1066,0,0,0,0,0,0,0,0,0,0,0,0,0,0
0.10527,0,0,0,0,0,0,0,0,0,0,0,0,0,0
0.19289,0,0,0,0,0,0,0,0,0,0,0,0,0,0
0.098362,0,0,0,0,0,0,0,0,0,0,0,0,0,0
0.09845,0,0,0,0,0,0,0,0,0,0,0,0,0,0
0.095552,0,0,0,0,0,0,0,0,0,0,0,0,0,0
0.10714,0,0,0,0,0,0,0,0,0,0,0,0,0,0
0.11135,0,0,0,0,0,0,0,0,0,0,0,0,0,0
0.19698,0,0,0,0,0,0,0,0,0,0,0,0,0,0
0.10578,0,0,0,0,0,0,0,0,0,0,0,0,0,0
0.11104,0,0,0,0,0,0,0,0,0,0,0,0,0,0
0.095325,0,0,0,0,0,0,0,0,0,0,0,0,0,0
0.096166,0,0,0,0,0,0,0,0,0,0,0,0,0,0
0.096881,0,0,0,0,0,0,0,0,0,0,0,0,0,0
0.18641,0,0,0,0,0,0,0,0,0,0,0,0,0,0
0.10922,0,0,0,0,0,0,0,0,0,0,0,0,0,0
0.10084,0,0,0,0,0,0,0,0,0,0,0,0,0,0
0.098701,0,0,0,0,0,0,0,0,0,0,0,0,0,0
0.10434,0,0,0,0,0,0,0,0,0,0,0,0,0,0
0.10683,0,0,0,0,0,0,0,0,0,0,0,0,0,0
0.18882,0,0,0,0,0,0,0,0,0,0,0,0,0,0
0.10932,0,0,0,0,0,0,0,0,0,0,0,0,0,0
0.10669,0,0,0,0,0,0,0,0,0,0,0,0,0,0
0.10239,0,0,0,0,0,0,0,0,0,0,0,0,0,0
0.10496,0,0,0,0,0,0,0,0,0,0,0,0,0,0
0.10126,0,0,0,0,0,0,0,0,0,0,0,0,0,0
0.19909,0,0,0,0,0,0,0,0,0,0,0,0,0,0
0.11127,0,0,0,0,0,0,0,0,0,0,0,0,0,0
0.10483,0,0,0,0,0,0,0,0,0,0,0,0,0,0
0.10761,0,0,0,0,0,0,0,0,0,0,0,0,0,0
0.1053,0,0,0,0,0,0,0,0,0,0,0,0,0,0
0.107,0,0,0,0,0,0,0,0,0,0,0,0,0,0
0.18598,0,0,0,0,0,0,0,0,0,0,0,0,0,0
0.10353,0,0,0,0,0,0,0,0,0,0,0,0,0,0
0.11256,0,0,0,0,0,0,0,0,0,0,0,0,0,0
0.097646,0,0,0,0,0,0,0,0,0,0,0,0,0,0
0.097819,0,0,0,0,0,0,0,0,0,0,0,0,0,0
0.10567,0,0,0,0,0,0,0,0,0,0,0,0,0,0
0.18889,0,0,0,0,0,0,0,0,0,0,0,0,0,0
0.10195,0,0,0,0,0,0,0,0,0,0,0,0,0,0
0.10184,0,0,0,0,0,0,0,0,0,0,0,0,0,0
0.096497,0,0,0,0,0,0,0,0,0,0,0,0,0,0
0.095566,0,0,0,0,0,0,0,0,0,0,0,0,0,0
0.095991,0,0,0,0,0,0,0,0,0,0,0,0,0,0
0.18607,0,0,0,0,0,0,0,0,0,0,0,0,0,0
0.099603,0,0,0,0,0,0,0,0,0,0,0,0,0,0
0.099138,0,0,0,0,0,0,0,0,0,0,0,0,0,0
0.10703,0,0,0,0,0,0,0,0,0,0,0,0,0,0
0.10506,0,0,0,0,0,0,0,0,0,0,0,0,0,0
0.11726,0,0,0,0,0,0,0,0,0,0,0,0,0,0
0.19302,0,0,0,0,0,0,0,0,0,0,0,0,0,0
0.09787,0,0,0,0,0,0,0,0,0,0,0,0,0,0
0.095508,0,0,0,0,0,0,0,0,0,0,0,0,0,0
0.089982,0,0,0,0,0,0,0,0,0,0,0,0,0,0
0.083438,0,0,0,0,0,0,0,0,0,0,0,0,0,0
0.086672,0,0,0,0,0,0,0,0,0,0,0,0,0,0
0.15254,0,0,0,0,0,0,0,0,0,0,0,0,0,0
0.085648,0,0,0,0,0,0,0,0,0,0,0,0,0,0
0.082749,0,0,0,0,0,0,0,0,0,0,0,0,0,0
0.084739,0,0,0,0,0,0,0,0,0,0,0,0,0,0
0.085391,0,0,0,0,0,0,0,0,0,0,0,0,0,0
0.084936,0,0,0,0,0,0,0,0,0,0,0,0,0,0
0.15366,0,0,0,0,0,0,0,0,0,0,0,0,0,0
0.085957,0,0,0,0,0,0,0,0,0,0,0,0,0,0
0.087459,0,0,0,0,0,0,0,0,0,0,0,0,0,0
0.09302,0,0,0,0,0,0,0,0,0,0,0,0,0,0
0.1005,0,0,0,0,0,0,0,0,0,0,0,0,0,0
0.09794,0,0,0,0,0,0,0,0,0,0,0,0,0,0
0.16398,0,0,0,0,0,0,0,0,0,0,0,0,0,0
0.09996,0,0,0,0,0,0,0,0,0,0,0,0,0,0
0.10161,0,0,0,0,0,0,0,0,0,0,0,0,0,0
0.10053,0,0,0,0,0,0,0,0,0,0,0,0,0,0
0.10026,0,0,0,0,0,0,0,0,0,0,0,0,0,0
0.10304,0,0,0,0,0,0,0,0,0,0,0,0,0,0
0.27199,0,0,0,0,0,0,0,0,0,0,0,0,0,0
0.095906,0,0,0,0,0,0,0,0,0,0,0,0,0,0
0.096878,0,0,0,0,0,0,0,0,0,0,0,0,0,0
0.096073,0,0,0,0,0,0,0,0,0,0,0,0,0,0
0.093839,0,0,0,0,0,0,0,0,0,0,0,0,0,0
0.094658,0,0,0,0,0,0,0,0,0,0,0,0,0,0
0.16318,0,0,0,0,0,0,0,0,0,0,0,0,0,0
0.094345,0,0,0,0,0,0,0,0,0,0,0,0,0,0
0.095473,0,0,0,0,0,0,0,0,0,0,0,0,0,0
0.093969,0,0,0,0,0,0,0,0,0,0,0,0,0,0
0.091885,0,0,0,0,0,0,0,0,0,0,0,0,0,0
0.098206,0,0,0,0,0,0,0,0,0,0,0,0,0,0
0.16454,0,0,0,0,0,0,0,0,0,0,0,0,0,0
0.09575,0,0,0,0,0,0,0,0,0,0,0,0,0,0
0.092557,0,0,0,0,0,0,0,0,0,0,0,0,0,0
0.092953,0,0,0,0,0,0,0,0,0,0,0,0,0,0
0.091101,0,0,0,0,0,0,0,0,0,0,0,0,0,0
0.09142,0,0,0,0,0,0,0,0,0,0,0,0,0,0
0.16226,0,0,0,0,0,0,0,0,0,0,0,0,0,0
0.089866,0,0,0,0,0,0,0,0,0,0,0,0,0,0
0.090166,0,0,0,0,0,0,0,0,0,0,0,0,0,0
0.091019,0,0,0,0,0,0,0,0,0,0,0,0,0,0
0.089434,0,0,0,0,0,0,0,0,0,0,0,0,0,0
0.094916,0,0,0,0,0,0,0,0,0,0,0,0,0,0
0.16007,0,0,0,0,0,0,0,0,0,0,0,0,0,0
0.092682,0,0,0,0,0,0,0,0,0,0,0,0,0,0
0.093128,0,0,0,0,0,0,0,0,0,0,0,0,0,0
0.094449,0,0,0,0,0,0,0,0,0,0,0,0,0,0
0.092499,0,0,0,0,0,0,0,0,0,0,0,0,0,0
0.091972,0,0,0,0,0,0,0,0,0,0,0,0,0,0
0.16744,0,0,0,0,0,0,0,0,0,0,0,0,0,0
0.091384,0,0,0,0,0,0,0,0,0,0,0,0,0,0
0.091798,0,0,0,0,0,0,0,0,0,0,0,0,0,0
0.090085,0,0,0,0,0,0,0,0,0,0,0,0,0,0
0.091561,0,0,0,0,0,0,0,0,0,0,0,0,0,0
0.090931,0,0,0,0,0,0,0,0,0,0,0,0,0,0
0.16211,0,0,0,0,0,0,0,0,0,0,0,0,0,0
0.090834,0,0,0,0,0,0,0,0,0,0,0,0,0,0
0.091152,0,0,0,0,0,0,0,0,0,0,0,0,0,0
0.089015,0,0,0,0,0,0,0,0,0,0,0,0,0,0
0.090959,0,0,0,0,0,0,0,0,0,0,0,0,0,0
0.090127,0,0,0,0,0,0,0,0,0,0,0,0,0,0
0.16018,0,0,0,0,0,0,0,0,0,0,0,0,0,0
0.08829,0,0,0,0,0,0,0,0,0,0,0,0,0,0
0.090772,0,0,0,0,0,0,0,0,0,0,0,0,0,0
0.089167,0,0,0,0,0,0,0,0,0,0,0,0,0,0
0.089507,0,0,0,0,0,0,0,0,0,0,0,0,0,0
0.087954,0,0,0,0,0,0,0,0,0,0,0,0,0,0
0.15938,0,0,0,0,0,0,0,0,0,0,0,0,0,0
0.088467,0,0,0,0,0,0,0,0,0,0,0,0,0,0
0.091772,0,0,0,0,0,0,0,0,0,0,0,0,0,0
0.091038,0,0,0,0,0,0,0,0,0,0,0,0,0,0
0.090938,0,0,0,0,0,0,0,0,0,0,0,0,0,0
0.090813,0,0,0,0,0,0,0,0,0,0,0,0,0,0
0.15932,0,0,0,0,0,0,0,0,0,0,0,0,0,0
0.091449,0,0,0,0,0,0,0,0,0,0,0,0,0,0
0.089863,0,0,0,0,0,0,0,0,0,0,0,0,0,0
0.090352,0,0,0,0,0,0,0,0,0,0,0,0,0,0
0.087573,0,0,0,0,0,0,0,0,0,0,0,0,0,0
0.091267,0,0,0,0,0,0,0,0,0,0,0,0,0,0
0.1603,0,0,0,0,0,0,0,0,0,0,0,0,0,0
