1
263.00,92.00,331.00,92.00,331.00,128.00,263.00,128.00
265.00,96.00,331.00,96.00,331.00,130.00,265.00,130.00
266.00,99.00,331.00,99.00,331.00,133.00,266.00,133.00
267.00,102.00,331.00,102.00,331.00,135.00,267.00,135.00
265.00,104.00,331.00,104.00,331.00,138.00,265.00,138.00
265.00,107.00,330.00,107.00,330.00,140.00,265.00,140.00
265.00,108.00,329.00,108.00,329.00,142.00,265.00,142.00
264.00,109.00,327.00,109.00,327.00,142.00,264.00,142.00
261.00,109.00,325.00,109.00,325.00,143.00,261.00,143.00
259.00,109.00,324.00,109.00,324.00,143.00,259.00,143.00
259.00,110.00,325.00,110.00,325.00,144.00,259.00,144.00
259.00,109.00,325.00,109.00,325.00,144.00,259.00,144.00
258.00,109.00,324.00,109.00,324.00,144.00,258.00,144.00
257.00,109.00,324.00,109.00,324.00,143.00,257.00,143.00
257.00,108.00,322.00,108.00,322.00,142.00,257.00,142.00
257.00,108.00,321.00,108.00,321.00,141.00,257.00,141.00
255.00,107.00,322.00,107.00,322.00,142.00,255.00,142.00
254.00,107.00,320.00,107.00,320.00,141.00,254.00,141.00
253.00,106.00,319.00,106.00,319.00,140.00,253.00,140.00
251.00,105.00,318.00,105.00,318.00,140.00,251.00,140.00
250.00,105.00,317.00,105.00,317.00,139.00,250.00,139.00
247.00,103.00,316.00,103.00,316.00,139.00,247.00,139.00
246.00,103.00,314.00,103.00,314.00,138.00,246.00,138.00
244.00,102.00,313.00,102.00,313.00,138.00,244.00,138.00
243.00,101.00,311.00,101.00,311.00,137.00,243.00,137.00
242.00,101.00,309.00,101.00,309.00,136.00,242.00,136.00
240.00,100.00,308.00,100.00,308.00,136.00,240.00,136.00
239.00,100.00,306.00,100.00,306.00,135.00,239.00,135.00
238.00,99.00,305.00,99.00,305.00,134.00,238.00,134.00
236.00,99.00,304.00,99.00,304.00,135.00,236.00,135.00
235.00,99.00,301.00,99.00,301.00,133.00,235.00,133.00
233.00,98.00,300.00,98.00,300.00,133.00,233.00,133.00
231.00,98.00,297.00,98.00,297.00,132.00,231.00,132.00
229.00,98.00,294.00,98.00,294.00,132.00,229.00,132.00
228.00,99.00,293.00,99.00,293.00,133.00,228.00,133.00
228.00,100.00,291.00,100.00,291.00,133.00,228.00,133.00
226.00,101.00,289.00,101.00,289.00,134.00,226.00,134.00
226.00,103.00,288.00,103.00,288.00,135.00,226.00,135.00
227.00,104.00,287.00,104.00,287.00,136.00,227.00,136.00
227.00,106.00,286.00,106.00,286.00,137.00,227.00,137.00
229.00,107.00,287.00,107.00,287.00,137.00,229.00,137.00
229.00,108.00,288.00,108.00,288.00,139.00,229.00,139.00
231.00,109.00,289.00,109.00,289.00,139.00,231.00,139.00
232.00,110.00,290.00,110.00,290.00,140.00,232.00,140.00
233.00,110.00,290.00,110.00,290.00,139.00,233.00,139.00
234.00,112.00,290.00,112.00,290.00,141.00,234.00,141.00
236.00,113.00,290.00,113.00,290.00,141.00,236.00,141.00
236.00,112.00,290.00,112.00,290.00,140.00,236.00,140.00
237.00,113.00,289.00,113.00,289.00,140.00,237.00,140.00
239.00,114.00,290.00,114.00,290.00,140.00,239.00,140.00
240.00,113.00,290.00,113.00,290.00,139.00,240.00,139.00
240.00,113.00,291.00,113.00,291.00,139.00,240.00,139.00
241.00,112.00,290.00,112.00,290.00,138.00,241.00,138.00
242.00,111.00,290.00,111.00,290.00,136.00,242.00,136.00
242.00,111.00,290.00,111.00,290.00,136.00,242.00,136.00
244.00,111.00,290.00,111.00,290.00,134.00,244.00,134.00
244.00,110.00,290.00,110.00,290.00,134.00,244.00,134.00
243.00,110.00,291.00,110.00,291.00,135.00,243.00,135.00
243.00,111.00,291.00,111.00,291.00,135.00,243.00,135.00
244.00,112.00,291.00,112.00,291.00,136.00,244.00,136.00
246.00,113.00,291.00,113.00,291.00,136.00,246.00,136.00
246.00,114.00,290.00,114.00,290.00,137.00,246.00,137.00
247.00,115.00,290.00,115.00,290.00,137.00,247.00,137.00
248.00,115.00,290.00,115.00,290.00,137.00,248.00,137.00
249.00,115.00,290.00,115.00,290.00,136.00,249.00,136.00
249.00,116.00,289.00,116.00,289.00,136.00,249.00,136.00
249.00,116.00,289.00,116.00,289.00,137.00,249.00,137.00
249.00,117.00,289.00,117.00,289.00,138.00,249.00,138.00
250.00,117.00,289.00,117.00,289.00,137.00,250.00,137.00
249.00,118.00,290.00,118.00,290.00,138.00,249.00,138.00
250.00,118.00,289.00,118.00,289.00,138.00,250.00,138.00
250.00,118.00,290.00,118.00,290.00,138.00,250.00,138.00
251.00,118.00,289.00,118.00,289.00,138.00,251.00,138.00
251.00,118.00,290.00,118.00,290.00,138.00,251.00,138.00
251.00,118.00,290.00,118.00,290.00,138.00,251.00,138.00
252.00,118.00,289.00,118.00,289.00,137.00,252.00,137.00
252.00,118.00,290.00,118.00,290.00,137.00,252.00,137.00
252.00,118.00,289.00,118.00,289.00,137.00,252.00,137.00
250.00,118.00,289.00,118.00,289.00,137.00,250.00,137.00
250.00,117.00,289.00,117.00,289.00,137.00,250.00,137.00
251.00,118.00,288.00,118.00,288.00,137.00,251.00,137.00
252.00,118.00,288.00,118.00,288.00,137.00,252.00,137.00
252.00,118.00,288.00,118.00,288.00,136.00,252.00,136.00
252.00,118.00,288.00,118.00,288.00,136.00,252.00,136.00
252.00,118.00,288.00,118.00,288.00,136.00,252.00,136.00
252.00,117.00,288.00,117.00,288.00,135.00,252.00,135.00
252.00,117.00,288.00,117.00,288.00,136.00,252.00,136.00
252.00,116.00,289.00,116.00,289.00,136.00,252.00,136.00
251.00,116.00,290.00,116.00,290.00,136.00,251.00,136.00
251.00,116.00,290.00,116.00,290.00,136.00,251.00,136.00
251.00,116.00,290.00,116.00,290.00,136.00,251.00,136.00
251.00,116.00,291.00,116.00,291.00,137.00,251.00,137.00
251.00,116.00,292.00,116.00,292.00,136.00,251.00,136.00
251.00,115.00,292.00,115.00,292.00,136.00,251.00,136.00
251.00,115.00,291.00,115.00,291.00,136.00,251.00,136.00
250.00,115.00,291.00,115.00,291.00,137.00,250.00,137.00
250.00,115.00,292.00,115.00,292.00,137.00,250.00,137.00
251.00,115.00,293.00,115.00,293.00,137.00,251.00,137.00
251.00,114.00,293.00,114.00,293.00,137.00,251.00,137.00
252.00,115.00,294.00,115.00,294.00,137.00,252.00,137.00
253.00,115.00,295.00,115.00,295.00,136.00,253.00,136.00
255.00,115.00,295.00,115.00,295.00,136.00,255.00,136.00
256.00,115.00,295.00,115.00,295.00,135.00,256.00,135.00
258.00,115.00,296.00,115.00,296.00,135.00,258.00,135.00
259.00,116.00,296.00,116.00,296.00,135.00,259.00,135.00
261.00,116.00,297.00,116.00,297.00,134.00,261.00,134.00
261.00,116.00,297.00,116.00,297.00,134.00,261.00,134.00
262.00,116.00,297.00,116.00,297.00,133.00,262.00,133.00
262.00,115.00,296.00,115.00,296.00,133.00,262.00,133.00
263.00,115.00,297.00,115.00,297.00,133.00,263.00,133.00
264.00,114.00,297.00,114.00,297.00,131.00,264.00,131.00
265.00,113.00,298.00,113.00,298.00,130.00,265.00,130.00
265.00,112.00,296.00,112.00,296.00,128.00,265.00,128.00
255.00,113.00,287.00,113.00,287.00,129.00,255.00,129.00
252.00,115.00,284.00,115.00,284.00,132.00,252.00,132.00
258.00,111.00,290.00,111.00,290.00,128.00,258.00,128.00
259.00,112.00,290.00,112.00,290.00,128.00,259.00,128.00
260.00,112.00,290.00,112.00,290.00,127.00,260.00,127.00
260.00,112.00,289.00,112.00,289.00,127.00,260.00,127.00
260.00,112.00,289.00,112.00,289.00,127.00,260.00,127.00
260.00,112.00,288.00,112.00,288.00,127.00,260.00,127.00
259.00,111.00,288.00,111.00,288.00,126.00,259.00,126.00
258.00,111.00,287.00,111.00,287.00,126.00,258.00,126.00
257.00,110.00,285.00,110.00,285.00,124.00,257.00,124.00
256.00,110.00,284.00,110.00,284.00,124.00,256.00,124.00
254.00,109.00,282.00,109.00,282.00,124.00,254.00,124.00
253.00,110.00,281.00,110.00,281.00,124.00,253.00,124.00
251.00,109.00,279.00,109.00,279.00,124.00,251.00,124.00
249.00,110.00,276.00,110.00,276.00,124.00,249.00,124.00
246.00,110.00,274.00,110.00,274.00,124.00,246.00,124.00
245.00,110.00,273.00,110.00,273.00,124.00,245.00,124.00
242.00,110.00,270.00,110.00,270.00,124.00,242.00,124.00
241.00,111.00,269.00,111.00,269.00,126.00,241.00,126.00
239.00,112.00,267.00,112.00,267.00,126.00,239.00,126.00
237.00,113.00,265.00,113.00,265.00,127.00,237.00,127.00
236.00,113.00,263.00,113.00,263.00,127.00,236.00,127.00
234.00,114.00,261.00,114.00,261.00,128.00,234.00,128.00
233.00,115.00,259.00,115.00,259.00,128.00,233.00,128.00
231.00,116.00,257.00,116.00,257.00,129.00,231.00,129.00
229.00,116.00,256.00,116.00,256.00,129.00,229.00,129.00
227.00,116.00,254.00,116.00,254.00,130.00,227.00,130.00
226.00,117.00,253.00,117.00,253.00,131.00,226.00,131.00
225.00,117.00,252.00,117.00,252.00,131.00,225.00,131.00
223.00,117.00,250.00,117.00,250.00,131.00,223.00,131.00
222.00,117.00,249.00,117.00,249.00,131.00,222.00,131.00
219.00,117.00,247.00,117.00,247.00,131.00,219.00,131.00
218.00,118.00,246.00,118.00,246.00,132.00,218.00,132.00
217.00,118.00,245.00,118.00,245.00,132.00,217.00,132.00
216.00,120.00,243.00,120.00,243.00,134.00,216.00,134.00
215.00,121.00,242.00,121.00,242.00,135.00,215.00,135.00
214.00,124.00,241.00,124.00,241.00,138.00,214.00,138.00
213.00,126.00,240.00,126.00,240.00,140.00,213.00,140.00
211.00,126.00,239.00,126.00,239.00,140.00,211.00,140.00
209.00,127.00,238.00,127.00,238.00,142.00,209.00,142.00
209.00,127.00,237.00,127.00,237.00,141.00,209.00,141.00
209.00,127.00,236.00,127.00,236.00,141.00,209.00,141.00
207.00,127.00,235.00,127.00,235.00,141.00,207.00,141.00
207.00,128.00,234.00,128.00,234.00,142.00,207.00,142.00
205.00,128.00,233.00,128.00,233.00,143.00,205.00,143.00
204.00,128.00,231.00,128.00,231.00,142.00,204.00,142.00
203.00,128.00,231.00,128.00,231.00,142.00,203.00,142.00
203.00,128.00,230.00,128.00,230.00,142.00,203.00,142.00
203.00,128.00,230.00,128.00,230.00,142.00,203.00,142.00
202.00,127.00,229.00,127.00,229.00,141.00,202.00,141.00
201.00,126.00,229.00,126.00,229.00,141.00,201.00,141.00
200.00,125.00,227.00,125.00,227.00,139.00,200.00,139.00
199.00,124.00,226.00,124.00,226.00,138.00,199.00,138.00
197.00,122.00,224.00,122.00,224.00,136.00,197.00,136.00
196.00,121.00,223.00,121.00,223.00,135.00,196.00,135.00
194.00,119.00,221.00,119.00,221.00,133.00,194.00,133.00
192.00,118.00,220.00,118.00,220.00,132.00,192.00,132.00
191.00,116.00,219.00,116.00,219.00,131.00,191.00,131.00
190.00,116.00,218.00,116.00,218.00,130.00,190.00,130.00
188.00,115.00,216.00,115.00,216.00,129.00,188.00,129.00
186.00,113.00,215.00,113.00,215.00,127.00,186.00,127.00
186.00,112.00,213.00,112.00,213.00,126.00,186.00,126.00
185.00,111.00,212.00,111.00,212.00,125.00,185.00,125.00
182.00,109.00,210.00,109.00,210.00,124.00,182.00,124.00
182.00,109.00,209.00,109.00,209.00,123.00,182.00,123.00
180.00,108.00,208.00,108.00,208.00,122.00,180.00,122.00
179.00,107.00,207.00,107.00,207.00,121.00,179.00,121.00
177.00,106.00,205.00,106.00,205.00,121.00,177.00,121.00
176.00,107.00,203.00,107.00,203.00,120.00,176.00,120.00
175.00,106.00,201.00,106.00,201.00,120.00,175.00,120.00
173.00,106.00,200.00,106.00,200.00,120.00,173.00,120.00
171.00,106.00,198.00,106.00,198.00,120.00,171.00,120.00
170.00,106.00,197.00,106.00,197.00,120.00,170.00,120.00
168.00,105.00,196.00,105.00,196.00,119.00,168.00,119.00
168.00,106.00,195.00,106.00,195.00,119.00,168.00,119.00
167.00,106.00,194.00,106.00,194.00,120.00,167.00,120.00
165.00,105.00,192.00,105.00,192.00,119.00,165.00,119.00
165.00,105.00,192.00,105.00,192.00,119.00,165.00,119.00
163.00,104.00,190.00,104.00,190.00,118.00,163.00,118.00
162.00,104.00,190.00,104.00,190.00,118.00,162.00,118.00
161.00,103.00,188.00,103.00,188.00,117.00,161.00,117.00
160.00,104.00,188.00,104.00,188.00,118.00,160.00,118.00
159.00,103.00,187.00,103.00,187.00,117.00,159.00,117.00
159.00,103.00,187.00,103.00,187.00,117.00,159.00,117.00
159.00,103.00,186.00,103.00,186.00,117.00,159.00,117.00
159.00,104.00,186.00,104.00,186.00,118.00,159.00,118.00
159.00,105.00,186.00,105.00,186.00,119.00,159.00,119.00
158.00,104.00,185.00,104.00,185.00,118.00,158.00,118.00
157.00,105.00,185.00,105.00,185.00,119.00,157.00,119.00
157.00,106.00,184.00,106.00,184.00,120.00,157.00,120.00
155.00,105.00,183.00,105.00,183.00,120.00,155.00,120.00
154.00,106.00,182.00,106.00,182.00,120.00,154.00,120.00
153.00,106.00,181.00,106.00,181.00,121.00,153.00,121.00
158.00,108.00,186.00,108.00,186.00,122.00,158.00,122.00
158.00,108.00,185.00,108.00,185.00,122.00,158.00,122.00
157.00,107.00,185.00,107.00,185.00,122.00,157.00,122.00
157.00,108.00,186.00,108.00,186.00,123.00,157.00,123.00
156.00,108.00,185.00,108.00,185.00,123.00,156.00,123.00
156.00,108.00,186.00,108.00,186.00,124.00,156.00,124.00
155.00,107.00,185.00,107.00,185.00,122.00,155.00,122.00
155.00,107.00,185.00,107.00,185.00,123.00,155.00,123.00
155.00,108.00,185.00,108.00,185.00,123.00,155.00,123.00
155.00,108.00,185.00,108.00,185.00,123.00,155.00,123.00
155.00,108.00,185.00,108.00,185.00,123.00,155.00,123.00
154.00,107.00,185.00,107.00,185.00,123.00,154.00,123.00
154.00,108.00,184.00,108.00,184.00,123.00,154.00,123.00
154.00,108.00,184.00,108.00,184.00,124.00,154.00,124.00
152.00,107.00,184.00,107.00,184.00,124.00,152.00,124.00
153.00,108.00,184.00,108.00,184.00,123.00,153.00,123.00
152.00,107.00,184.00,107.00,184.00,123.00,152.00,123.00
153.00,107.00,184.00,107.00,184.00,123.00,153.00,123.00
153.00,107.00,184.00,107.00,184.00,123.00,153.00,123.00
152.00,107.00,184.00,107.00,184.00,123.00,152.00,123.00
152.00,107.00,184.00,107.00,184.00,124.00,152.00,124.00
152.00,107.00,184.00,107.00,184.00,123.00,152.00,123.00
152.00,107.00,184.00,107.00,184.00,123.00,152.00,123.00
151.00,107.00,184.00,107.00,184.00,124.00,151.00,124.00
151.00,107.00,184.00,107.00,184.00,124.00,151.00,124.00
151.00,107.00,184.00,107.00,184.00,124.00,151.00,124.00
150.00,107.00,184.00,107.00,184.00,124.00,150.00,124.00
150.00,106.00,184.00,106.00,184.00,124.00,150.00,124.00
150.00,106.00,184.00,106.00,184.00,123.00,150.00,123.00
150.00,106.00,184.00,106.00,184.00,124.00,150.00,124.00
149.00,106.00,183.00,106.00,183.00,124.00,149.00,124.00
149.00,106.00,183.00,106.00,183.00,123.00,149.00,123.00
148.00,106.00,182.00,106.00,182.00,123.00,148.00,123.00
147.00,105.00,181.00,105.00,181.00,123.00,147.00,123.00
147.00,106.00,181.00,106.00,181.00,123.00,147.00,123.00
146.00,106.00,180.00,106.00,180.00,123.00,146.00,123.00
145.00,105.00,180.00,105.00,180.00,124.00,145.00,124.00
145.00,105.00,179.00,105.00,179.00,123.00,145.00,123.00
144.00,105.00,179.00,105.00,179.00,123.00,144.00,123.00
145.00,105.00,179.00,105.00,179.00,123.00,145.00,123.00
145.00,105.00,178.00,105.00,178.00,122.00,145.00,122.00
144.00,104.00,178.00,104.00,178.00,122.00,144.00,122.00
144.00,103.00,178.00,103.00,178.00,121.00,144.00,121.00
144.00,103.00,179.00,103.00,179.00,121.00,144.00,121.00
144.00,103.00,178.00,103.00,178.00,120.00,144.00,120.00
144.00,102.00,179.00,102.00,179.00,121.00,144.00,121.00
143.00,102.00,180.00,102.00,180.00,121.00,143.00,121.00
144.00,102.00,180.00,102.00,180.00,120.00,144.00,120.00
144.00,101.00,181.00,101.00,181.00,120.00,144.00,120.00
144.00,101.00,180.00,101.00,180.00,120.00,144.00,120.00
144.00,100.00,181.00,100.00,181.00,119.00,144.00,119.00
143.00,100.00,182.00,100.00,182.00,119.00,143.00,119.00
143.00,99.00,182.00,99.00,182.00,119.00,143.00,119.00
144.00,99.00,182.00,99.00,182.00,118.00,144.00,118.00
144.00,99.00,182.00,99.00,182.00,118.00,144.00,118.00
144.00,98.00,182.00,98.00,182.00,118.00,144.00,118.00
144.00,97.00,183.00,97.00,183.00,118.00,144.00,118.00
143.00,97.00,184.00,97.00,184.00,118.00,143.00,118.00
144.00,98.00,184.00,98.00,184.00,118.00,144.00,118.00
144.00,97.00,185.00,97.00,185.00,118.00,144.00,118.00
143.00,97.00,185.00,97.00,185.00,119.00,143.00,119.00
143.00,96.00,186.00,96.00,186.00,118.00,143.00,118.00
144.00,97.00,185.00,97.00,185.00,118.00,144.00,118.00
144.00,96.00,185.00,96.00,185.00,118.00,144.00,118.00
144.00,96.00,185.00,96.00,185.00,117.00,144.00,117.00
144.00,96.00,186.00,96.00,186.00,118.00,144.00,118.00
143.00,95.00,186.00,95.00,186.00,117.00,143.00,117.00
144.00,95.00,186.00,95.00,186.00,116.00,144.00,116.00
144.00,95.00,187.00,95.00,187.00,117.00,144.00,117.00
144.00,95.00,186.00,95.00,186.00,117.00,144.00,117.00
144.00,95.00,186.00,95.00,186.00,117.00,144.00,117.00
145.00,95.00,186.00,95.00,186.00,116.00,145.00,116.00
145.00,95.00,186.00,95.00,186.00,117.00,145.00,117.00
144.00,95.00,187.00,95.00,187.00,118.00,144.00,118.00
144.00,95.00,187.00,95.00,187.00,117.00,144.00,117.00
145.00,96.00,188.00,96.00,188.00,118.00,145.00,118.00
145.00,95.00,187.00,95.00,187.00,117.00,145.00,117.00
145.00,95.00,188.00,95.00,188.00,117.00,145.00,117.00
146.00,95.00,187.00,95.00,187.00,117.00,146.00,117.00
146.00,95.00,187.00,95.00,187.00,117.00,146.00,117.00
146.00,96.00,188.00,96.00,188.00,117.00,146.00,117.00
147.00,96.00,188.00,96.00,188.00,117.00,147.00,117.00
146.00,96.00,189.00,96.00,189.00,118.00,146.00,118.00
147.00,96.00,189.00,96.00,189.00,117.00,147.00,117.00
148.00,97.00,188.00,97.00,188.00,118.00,148.00,118.00
148.00,97.00,189.00,97.00,189.00,118.00,148.00,118.00
149.00,97.00,189.00,97.00,189.00,118.00,149.00,118.00
150.00,98.00,189.00,98.00,189.00,118.00,150.00,118.00
149.00,98.00,189.00,98.00,189.00,118.00,149.00,118.00
150.00,98.00,189.00,98.00,189.00,118.00,150.00,118.00
150.00,98.00,189.00,98.00,189.00,118.00,150.00,118.00
151.00,98.00,189.00,98.00,189.00,118.00,151.00,118.00
151.00,99.00,189.00,99.00,189.00,118.00,151.00,118.00
151.00,99.00,189.00,99.00,189.00,118.00,151.00,118.00
151.00,99.00,189.00,99.00,189.00,119.00,151.00,119.00
151.00,99.00,190.00,99.00,190.00,119.00,151.00,119.00
151.00,99.00,189.00,99.00,189.00,119.00,151.00,119.00
151.00,100.00,189.00,100.00,189.00,119.00,151.00,119.00
151.00,100.00,189.00,100.00,189.00,120.00,151.00,120.00
151.00,100.00,189.00,100.00,189.00,120.00,151.00,120.00
151.00,101.00,189.00,101.00,189.00,121.00,151.00,121.00
152.00,102.00,188.00,102.00,188.00,120.00,152.00,120.00
152.00,102.00,188.00,102.00,188.00,121.00,152.00,121.00
151.00,102.00,187.00,102.00,187.00,121.00,151.00,121.00
150.00,103.00,187.00,103.00,187.00,122.00,150.00,122.00
149.00,103.00,187.00,103.00,187.00,122.00,149.00,122.00
147.00,103.00,186.00,103.00,186.00,123.00,147.00,123.00
146.00,103.00,186.00,103.00,186.00,124.00,146.00,124.00
145.00,103.00,186.00,103.00,186.00,124.00,145.00,124.00
146.00,103.00,186.00,103.00,186.00,123.00,146.00,123.00
147.00,102.00,185.00,102.00,185.00,122.00,147.00,122.00
148.00,102.00,186.00,102.00,186.00,121.00,148.00,121.00
149.00,101.00,186.00,101.00,186.00,121.00,149.00,121.00
150.00,101.00,187.00,101.00,187.00,120.00,150.00,120.00
152.00,101.00,188.00,101.00,188.00,120.00,152.00,120.00
152.00,100.00,189.00,100.00,189.00,119.00,152.00,119.00
155.00,101.00,190.00,101.00,190.00,119.00,155.00,119.00
156.00,100.00,190.00,100.00,190.00,118.00,156.00,118.00
158.00,101.00,192.00,101.00,192.00,119.00,158.00,119.00
159.00,101.00,194.00,101.00,194.00,119.00,159.00,119.00
160.00,100.00,195.00,100.00,195.00,118.00,160.00,118.00
161.00,100.00,197.00,100.00,197.00,118.00,161.00,118.00
163.00,100.00,197.00,100.00,197.00,118.00,163.00,118.00
163.00,99.00,198.00,99.00,198.00,118.00,163.00,118.00
164.00,99.00,199.00,99.00,199.00,117.00,164.00,117.00
166.00,98.00,200.00,98.00,200.00,116.00,166.00,116.00
167.00,98.00,202.00,98.00,202.00,116.00,167.00,116.00
168.00,97.00,203.00,97.00,203.00,115.00,168.00,115.00
170.00,96.00,203.00,96.00,203.00,113.00,170.00,113.00
173.00,96.00,206.00,96.00,206.00,113.00,173.00,113.00
175.00,95.00,208.00,95.00,208.00,112.00,175.00,112.00
177.00,95.00,209.00,95.00,209.00,112.00,177.00,112.00
179.00,94.00,211.00,94.00,211.00,110.00,179.00,110.00
181.00,94.00,213.00,94.00,213.00,110.00,181.00,110.00
183.00,93.00,214.00,93.00,214.00,108.00,183.00,108.00
186.00,93.00,216.00,93.00,216.00,108.00,186.00,108.00
188.00,91.00,217.00,91.00,217.00,106.00,188.00,106.00
190.00,89.00,218.00,89.00,218.00,103.00,190.00,103.00
191.00,88.00,219.00,88.00,219.00,102.00,191.00,102.00
193.00,87.00,221.00,87.00,221.00,102.00,193.00,102.00
194.00,88.00,222.00,88.00,222.00,102.00,194.00,102.00
196.00,88.00,224.00,88.00,224.00,103.00,196.00,103.00
198.00,88.00,224.00,88.00,224.00,102.00,198.00,102.00
198.00,90.00,225.00,90.00,225.00,104.00,198.00,104.00
198.00,91.00,226.00,91.00,226.00,105.00,198.00,105.00
199.00,91.00,227.00,91.00,227.00,105.00,199.00,105.00
200.00,92.00,228.00,92.00,228.00,106.00,200.00,106.00
201.00,91.00,229.00,91.00,229.00,105.00,201.00,105.00
202.00,91.00,230.00,91.00,230.00,106.00,202.00,106.00
202.00,92.00,230.00,92.00,230.00,106.00,202.00,106.00
197.00,91.00,225.00,91.00,225.00,106.00,197.00,106.00
196.00,88.00,225.00,88.00,225.00,103.00,196.00,103.00
198.00,89.00,226.00,89.00,226.00,103.00,198.00,103.00
199.00,88.00,228.00,88.00,228.00,103.00,199.00,103.00
201.00,87.00,229.00,87.00,229.00,101.00,201.00,101.00
202.00,87.00,230.00,87.00,230.00,101.00,202.00,101.00
203.00,88.00,230.00,88.00,230.00,102.00,203.00,102.00
204.00,89.00,231.00,89.00,231.00,103.00,204.00,103.00
205.00,90.00,231.00,90.00,231.00,103.00,205.00,103.00
206.00,91.00,232.00,91.00,232.00,104.00,206.00,104.00
207.00,91.00,233.00,91.00,233.00,105.00,207.00,105.00
208.00,92.00,234.00,92.00,234.00,105.00,208.00,105.00
209.00,93.00,235.00,93.00,235.00,106.00,209.00,106.00
211.00,94.00,236.00,94.00,236.00,107.00,211.00,107.00
212.00,95.00,236.00,95.00,236.00,107.00,212.00,107.00
213.00,95.00,237.00,95.00,237.00,107.00,213.00,107.00
213.00,96.00,238.00,96.00,238.00,108.00,213.00,108.00
212.00,93.00,237.00,93.00,237.00,106.00,212.00,106.00
214.00,94.00,238.00,94.00,238.00,106.00,214.00,106.00
218.00,100.00,241.00,100.00,241.00,112.00,218.00,112.00
217.00,100.00,241.00,100.00,241.00,112.00,217.00,112.00
219.00,102.00,242.00,102.00,242.00,113.00,219.00,113.00
219.00,104.00,241.00,104.00,241.00,115.00,219.00,115.00
219.00,104.00,242.00,104.00,242.00,116.00,219.00,116.00
220.00,106.00,243.00,106.00,243.00,117.00,220.00,117.00
221.00,107.00,243.00,107.00,243.00,118.00,221.00,118.00
218.00,122.00,240.00,122.00,240.00,133.00,218.00,133.00
218.00,123.00,239.00,123.00,239.00,134.00,218.00,134.00
218.00,124.00,239.00,124.00,239.00,135.00,218.00,135.00
218.00,125.00,238.00,125.00,238.00,135.00,218.00,135.00
218.00,125.00,238.00,125.00,238.00,135.00,218.00,135.00
218.00,125.00,237.00,125.00,237.00,135.00,218.00,135.00
218.00,126.00,237.00,126.00,237.00,136.00,218.00,136.00
217.00,126.00,237.00,126.00,237.00,136.00,217.00,136.00
217.00,126.00,236.00,126.00,236.00,136.00,217.00,136.00
216.00,126.00,236.00,126.00,236.00,137.00,216.00,137.00
216.00,127.00,236.00,127.00,236.00,137.00,216.00,137.00
215.00,127.00,236.00,127.00,236.00,137.00,215.00,137.00
214.00,127.00,236.00,127.00,236.00,138.00,214.00,138.00
213.00,127.00,236.00,127.00,236.00,138.00,213.00,138.00
214.00,127.00,235.00,127.00,235.00,138.00,214.00,138.00
213.00,128.00,235.00,128.00,235.00,139.00,213.00,139.00
212.00,129.00,235.00,129.00,235.00,140.00,212.00,140.00
211.00,129.00,234.00,129.00,234.00,140.00,211.00,140.00
211.00,129.00,233.00,129.00,233.00,141.00,211.00,141.00
211.00,130.00,233.00,130.00,233.00,140.00,211.00,140.00
210.00,129.00,232.00,129.00,232.00,140.00,210.00,140.00
209.00,129.00,231.00,129.00,231.00,141.00,209.00,141.00
208.00,129.00,230.00,129.00,230.00,141.00,208.00,141.00
207.00,129.00,229.00,129.00,229.00,140.00,207.00,140.00
206.00,128.00,228.00,128.00,228.00,140.00,206.00,140.00
205.00,128.00,227.00,128.00,227.00,139.00,205.00,139.00
204.00,127.00,225.00,127.00,225.00,138.00,204.00,138.00
203.00,126.00,225.00,126.00,225.00,137.00,203.00,137.00
202.00,125.00,223.00,125.00,223.00,136.00,202.00,136.00
201.00,125.00,222.00,125.00,222.00,135.00,201.00,135.00
200.00,124.00,221.00,124.00,221.00,135.00,200.00,135.00
198.00,123.00,220.00,123.00,220.00,134.00,198.00,134.00
197.00,124.00,219.00,124.00,219.00,135.00,197.00,135.00
195.00,122.00,218.00,122.00,218.00,134.00,195.00,134.00
194.00,122.00,217.00,122.00,217.00,134.00,194.00,134.00
193.00,121.00,216.00,121.00,216.00,133.00,193.00,133.00
193.00,121.00,215.00,121.00,215.00,132.00,193.00,132.00
191.00,120.00,215.00,120.00,215.00,132.00,191.00,132.00
190.00,120.00,214.00,120.00,214.00,132.00,190.00,132.00
190.00,119.00,214.00,119.00,214.00,131.00,190.00,131.00
189.00,118.00,213.00,118.00,213.00,130.00,189.00,130.00
189.00,118.00,213.00,118.00,213.00,130.00,189.00,130.00
189.00,117.00,213.00,117.00,213.00,129.00,189.00,129.00
189.00,116.00,213.00,116.00,213.00,129.00,189.00,129.00
188.00,116.00,213.00,116.00,213.00,128.00,188.00,128.00
187.00,115.00,213.00,115.00,213.00,128.00,187.00,128.00
188.00,114.00,213.00,114.00,213.00,127.00,188.00,127.00
188.00,114.00,212.00,114.00,212.00,126.00,188.00,126.00
188.00,113.00,212.00,113.00,212.00,125.00,188.00,125.00
188.00,113.00,212.00,113.00,212.00,125.00,188.00,125.00
188.00,112.00,211.00,112.00,211.00,124.00,188.00,124.00
187.00,111.00,211.00,111.00,211.00,123.00,187.00,123.00
187.00,110.00,211.00,110.00,211.00,123.00,187.00,123.00
186.00,110.00,210.00,110.00,210.00,122.00,186.00,122.00
186.00,108.00,210.00,108.00,210.00,121.00,186.00,121.00
185.00,107.00,209.00,107.00,209.00,119.00,185.00,119.00
184.00,106.00,207.00,106.00,207.00,117.00,184.00,117.00
181.00,105.00,205.00,105.00,205.00,117.00,181.00,117.00
179.00,104.00,202.00,104.00,202.00,115.00,179.00,115.00
177.00,103.00,200.00,103.00,200.00,115.00,177.00,115.00
175.00,103.00,198.00,103.00,198.00,114.00,175.00,114.00
173.00,102.00,195.00,102.00,195.00,113.00,173.00,113.00
171.00,102.00,193.00,102.00,193.00,113.00,171.00,113.00
168.00,102.00,192.00,102.00,192.00,114.00,168.00,114.00
166.00,102.00,189.00,102.00,189.00,113.00,166.00,113.00
165.00,102.00,188.00,102.00,188.00,113.00,165.00,113.00
163.00,101.00,186.00,101.00,186.00,113.00,163.00,113.00
162.00,101.00,184.00,101.00,184.00,112.00,162.00,112.00
161.00,101.00,182.00,101.00,182.00,112.00,161.00,112.00
159.00,102.00,180.00,102.00,180.00,112.00,159.00,112.00
157.00,101.00,179.00,101.00,179.00,112.00,157.00,112.00
155.00,101.00,176.00,101.00,176.00,112.00,155.00,112.00
153.00,101.00,174.00,101.00,174.00,111.00,153.00,111.00
151.00,101.00,172.00,101.00,172.00,111.00,151.00,111.00
150.00,101.00,170.00,101.00,170.00,111.00,150.00,111.00
148.00,102.00,168.00,102.00,168.00,112.00,148.00,112.00
142.00,113.00,162.00,113.00,162.00,124.00,142.00,124.00
140.00,114.00,161.00,114.00,161.00,124.00,140.00,124.00
139.00,114.00,160.00,114.00,160.00,125.00,139.00,125.00
137.00,113.00,159.00,113.00,159.00,125.00,137.00,125.00
136.00,113.00,158.00,113.00,158.00,124.00,136.00,124.00
135.00,112.00,157.00,112.00,157.00,124.00,135.00,124.00
133.00,111.00,157.00,111.00,157.00,123.00,133.00,123.00
133.00,111.00,156.00,111.00,156.00,123.00,133.00,123.00
132.00,111.00,155.00,111.00,155.00,122.00,132.00,122.00
131.00,110.00,154.00,110.00,154.00,122.00,131.00,122.00
130.00,109.00,154.00,109.00,154.00,121.00,130.00,121.00
129.00,109.00,152.00,109.00,152.00,121.00,129.00,121.00
128.00,108.00,152.00,108.00,152.00,120.00,128.00,120.00
127.00,108.00,151.00,108.00,151.00,120.00,127.00,120.00
126.00,108.00,150.00,108.00,150.00,120.00,126.00,120.00
125.00,108.00,150.00,108.00,150.00,120.00,125.00,120.00
124.00,107.00,149.00,107.00,149.00,120.00,124.00,120.00
123.00,107.00,148.00,107.00,148.00,120.00,123.00,120.00
122.00,107.00,147.00,107.00,147.00,120.00,122.00,120.00
121.00,107.00,147.00,107.00,147.00,120.00,121.00,120.00
120.00,106.00,146.00,106.00,146.00,119.00,120.00,119.00
119.00,107.00,144.00,107.00,144.00,120.00,119.00,120.00
118.00,107.00,144.00,107.00,144.00,120.00,118.00,120.00
116.00,107.00,143.00,107.00,143.00,121.00,116.00,121.00
115.00,108.00,142.00,108.00,142.00,121.00,115.00,121.00
113.00,108.00,140.00,108.00,140.00,122.00,113.00,122.00
112.00,108.00,139.00,108.00,139.00,122.00,112.00,122.00
110.00,108.00,137.00,108.00,137.00,122.00,110.00,122.00
108.00,109.00,135.00,109.00,135.00,122.00,108.00,122.00
107.00,109.00,134.00,109.00,134.00,123.00,107.00,123.00
105.00,109.00,132.00,109.00,132.00,123.00,105.00,123.00
104.00,110.00,131.00,110.00,131.00,123.00,104.00,123.00
102.00,110.00,129.00,110.00,129.00,124.00,102.00,124.00
100.00,109.00,127.00,109.00,127.00,123.00,100.00,123.00
99.00,110.00,126.00,110.00,126.00,124.00,99.00,124.00
97.00,109.00,124.00,109.00,124.00,123.00,97.00,123.00
96.00,110.00,123.00,110.00,123.00,123.00,96.00,123.00
94.00,109.00,121.00,109.00,121.00,123.00,94.00,123.00
93.00,110.00,120.00,110.00,120.00,123.00,93.00,123.00
92.00,109.00,118.00,109.00,118.00,123.00,92.00,123.00
90.00,109.00,117.00,109.00,117.00,122.00,90.00,122.00
89.00,108.00,115.00,108.00,115.00,122.00,89.00,122.00
87.00,109.00,115.00,109.00,115.00,123.00,87.00,123.00
86.00,108.00,112.00,108.00,112.00,122.00,86.00,122.00
85.00,109.00,112.00,109.00,112.00,122.00,85.00,122.00
83.00,108.00,110.00,108.00,110.00,123.00,83.00,123.00
81.00,108.00,108.00,108.00,108.00,122.00,81.00,122.00
79.00,109.00,106.00,109.00,106.00,123.00,79.00,123.00
78.00,109.00,105.00,109.00,105.00,123.00,78.00,123.00
76.00,109.00,103.00,109.00,103.00,123.00,76.00,123.00
74.00,110.00,101.00,110.00,101.00,124.00,74.00,124.00
72.00,111.00,99.00,111.00,99.00,124.00,72.00,124.00
70.00,111.00,97.00,111.00,97.00,125.00,70.00,125.00
68.00,112.00,95.00,112.00,95.00,125.00,68.00,125.00
67.00,112.00,93.00,112.00,93.00,126.00,67.00,126.00
65.00,113.00,91.00,113.00,91.00,126.00,65.00,126.00
63.00,113.00,88.00,113.00,88.00,126.00,63.00,126.00
61.00,114.00,87.00,114.00,87.00,127.00,61.00,127.00
59.00,115.00,85.00,115.00,85.00,128.00,59.00,128.00
57.00,114.00,84.00,114.00,84.00,128.00,57.00,128.00
56.00,115.00,83.00,115.00,83.00,129.00,56.00,129.00
56.00,116.00,81.00,116.00,81.00,129.00,56.00,129.00
54.00,115.00,80.00,115.00,80.00,128.00,54.00,128.00
53.00,116.00,79.00,116.00,79.00,129.00,53.00,129.00
52.00,115.00,78.00,115.00,78.00,129.00,52.00,129.00
50.00,114.00,77.00,114.00,77.00,128.00,50.00,128.00
48.00,113.00,76.00,113.00,76.00,128.00,48.00,128.00
47.00,112.00,75.00,112.00,75.00,127.00,47.00,127.00
46.00,112.00,74.00,112.00,74.00,126.00,46.00,126.00
45.00,111.00,73.00,111.00,73.00,125.00,45.00,125.00
44.00,110.00,72.00,110.00,72.00,124.00,44.00,124.00
44.00,110.00,72.00,110.00,72.00,124.00,44.00,124.00
44.00,110.00,72.00,110.00,72.00,124.00,44.00,124.00
43.00,110.00,72.00,110.00,72.00,125.00,43.00,125.00
43.00,110.00,73.00,110.00,73.00,125.00,43.00,125.00
44.00,111.00,74.00,111.00,74.00,126.00,44.00,126.00
44.00,112.00,74.00,112.00,74.00,127.00,44.00,127.00
45.00,113.00,75.00,113.00,75.00,128.00,45.00,128.00
46.00,114.00,74.00,114.00,74.00,129.00,46.00,129.00
46.00,116.00,74.00,116.00,74.00,131.00,46.00,131.00
46.00,117.00,74.00,117.00,74.00,132.00,46.00,132.00
46.00,119.00,74.00,119.00,74.00,133.00,46.00,133.00
46.00,120.00,74.00,120.00,74.00,135.00,46.00,135.00
46.00,122.00,75.00,122.00,75.00,136.00,46.00,136.00
47.00,124.00,75.00,124.00,75.00,138.00,47.00,138.00
47.00,125.00,76.00,125.00,76.00,140.00,47.00,140.00
48.00,127.00,76.00,127.00,76.00,141.00,48.00,141.00
47.00,129.00,76.00,129.00,76.00,144.00,47.00,144.00
47.00,131.00,76.00,131.00,76.00,146.00,47.00,146.00
46.00,133.00,75.00,133.00,75.00,148.00,46.00,148.00
45.00,136.00,76.00,136.00,76.00,151.00,45.00,151.00
45.00,138.00,76.00,138.00,76.00,154.00,45.00,154.00
44.00,140.00,75.00,140.00,75.00,157.00,44.00,157.00
43.00,143.00,74.00,143.00,74.00,159.00,43.00,159.00
41.00,145.00,72.00,145.00,72.00,161.00,41.00,161.00
39.00,147.00,70.00,147.00,70.00,163.00,39.00,163.00
38.00,149.00,69.00,149.00,69.00,165.00,38.00,165.00
35.00,151.00,67.00,151.00,67.00,167.00,35.00,167.00
33.00,152.00,65.00,152.00,65.00,169.00,33.00,169.00
31.00,154.00,63.00,154.00,63.00,170.00,31.00,170.00
29.00,155.00,61.00,155.00,61.00,172.00,29.00,172.00
28.00,157.00,59.00,157.00,59.00,173.00,28.00,173.00
27.00,159.00,57.00,159.00,57.00,175.00,27.00,175.00
27.00,161.00,57.00,161.00,57.00,177.00,27.00,177.00
24.00,162.00,56.00,162.00,56.00,178.00,24.00,178.00
24.00,164.00,56.00,164.00,56.00,180.00,24.00,180.00
24.00,165.00,56.00,165.00,56.00,181.00,24.00,181.00
25.00,167.00,55.00,167.00,55.00,183.00,25.00,183.00
25.00,168.00,55.00,168.00,55.00,184.00,25.00,184.00
24.00,168.00,55.00,168.00,55.00,184.00,24.00,184.00
25.00,168.00,56.00,168.00,56.00,184.00,25.00,184.00
26.00,168.00,57.00,168.00,57.00,184.00,26.00,184.00
27.00,167.00,57.00,167.00,57.00,183.00,27.00,183.00
28.00,167.00,57.00,167.00,57.00,182.00,28.00,182.00
29.00,167.00,58.00,167.00,58.00,182.00,29.00,182.00
30.00,167.00,60.00,167.00,60.00,183.00,30.00,183.00
31.00,167.00,60.00,167.00,60.00,182.00,31.00,182.00
33.00,166.00,62.00,166.00,62.00,182.00,33.00,182.00
33.00,165.00,63.00,165.00,63.00,180.00,33.00,180.00
34.00,166.00,64.00,166.00,64.00,181.00,34.00,181.00
35.00,166.00,65.00,166.00,65.00,182.00,35.00,182.00
35.00,165.00,65.00,165.00,65.00,181.00,35.00,181.00
37.00,166.00,66.00,166.00,66.00,181.00,37.00,181.00
37.00,166.00,66.00,166.00,66.00,180.00,37.00,180.00
38.00,166.00,67.00,166.00,67.00,181.00,38.00,181.00
38.00,165.00,68.00,165.00,68.00,180.00,38.00,180.00
39.00,166.00,70.00,166.00,70.00,181.00,39.00,181.00
40.00,165.00,70.00,165.00,70.00,181.00,40.00,181.00
41.00,166.00,71.00,166.00,71.00,181.00,41.00,181.00
42.00,166.00,72.00,166.00,72.00,181.00,42.00,181.00
43.00,166.00,74.00,166.00,74.00,182.00,43.00,182.00
44.00,166.00,75.00,166.00,75.00,182.00,44.00,182.00
45.00,166.00,76.00,166.00,76.00,181.00,45.00,181.00
46.00,165.00,76.00,165.00,76.00,181.00,46.00,181.00
48.00,166.00,78.00,166.00,78.00,181.00,48.00,181.00
49.00,165.00,79.00,165.00,79.00,180.00,49.00,180.00
51.00,165.00,81.00,165.00,81.00,181.00,51.00,181.00
52.00,165.00,83.00,165.00,83.00,181.00,52.00,181.00
54.00,165.00,84.00,165.00,84.00,181.00,54.00,181.00
56.00,165.00,85.00,165.00,85.00,180.00,56.00,180.00
58.00,165.00,88.00,165.00,88.00,181.00,58.00,181.00
60.00,165.00,90.00,165.00,90.00,180.00,60.00,180.00
62.00,165.00,92.00,165.00,92.00,181.00,62.00,181.00
64.00,165.00,95.00,165.00,95.00,181.00,64.00,181.00
66.00,165.00,97.00,165.00,97.00,181.00,66.00,181.00
68.00,165.00,98.00,165.00,98.00,181.00,68.00,181.00
71.00,166.00,101.00,166.00,101.00,182.00,71.00,182.00
73.00,166.00,103.00,166.00,103.00,181.00,73.00,181.00
76.00,165.00,106.00,165.00,106.00,181.00,76.00,181.00
78.00,165.00,108.00,165.00,108.00,180.00,78.00,180.00
81.00,165.00,109.00,165.00,109.00,180.00,81.00,180.00
84.00,165.00,113.00,165.00,113.00,180.00,84.00,180.00
85.00,166.00,114.00,166.00,114.00,181.00,85.00,181.00
87.00,166.00,116.00,166.00,116.00,180.00,87.00,180.00
88.00,166.00,118.00,166.00,118.00,181.00,88.00,181.00
89.00,165.00,118.00,165.00,118.00,180.00,89.00,180.00
90.00,166.00,120.00,166.00,120.00,181.00,90.00,181.00
91.00,166.00,121.00,166.00,121.00,181.00,91.00,181.00
92.00,166.00,123.00,166.00,123.00,182.00,92.00,182.00
93.00,165.00,124.00,165.00,124.00,181.00,93.00,181.00
94.00,166.00,126.00,166.00,126.00,182.00,94.00,182.00
95.00,165.00,126.00,165.00,126.00,181.00,95.00,181.00
97.00,165.00,127.00,165.00,127.00,181.00,97.00,181.00
97.00,165.00,127.00,165.00,127.00,180.00,97.00,180.00
99.00,166.00,128.00,166.00,128.00,181.00,99.00,181.00
100.00,166.00,129.00,166.00,129.00,181.00,100.00,181.00
101.00,166.00,129.00,166.00,129.00,180.00,101.00,180.00
100.00,165.00,129.00,165.00,129.00,180.00,100.00,180.00
101.00,165.00,129.00,165.00,129.00,180.00,101.00,180.00
102.00,166.00,130.00,166.00,130.00,180.00,102.00,180.00
104.00,166.00,131.00,166.00,131.00,180.00,104.00,180.00
105.00,165.00,133.00,165.00,133.00,180.00,105.00,180.00
107.00,166.00,135.00,166.00,135.00,181.00,107.00,181.00
113.00,168.00,141.00,168.00,141.00,182.00,113.00,182.00
119.00,169.00,148.00,169.00,148.00,184.00,119.00,184.00
125.00,171.00,155.00,171.00,155.00,186.00,125.00,186.00
131.00,172.00,162.00,172.00,162.00,188.00,131.00,188.00
138.00,174.00,170.00,174.00,170.00,190.00,138.00,190.00
143.00,175.00,176.00,175.00,176.00,192.00,143.00,192.00
150.00,178.00,182.00,178.00,182.00,194.00,150.00,194.00
155.00,179.00,188.00,179.00,188.00,195.00,155.00,195.00
161.00,181.00,195.00,181.00,195.00,198.00,161.00,198.00
166.00,182.00,200.00,182.00,200.00,199.00,166.00,199.00
172.00,183.00,207.00,183.00,207.00,200.00,172.00,200.00
178.00,183.00,213.00,183.00,213.00,202.00,178.00,202.00
183.00,184.00,218.00,184.00,218.00,202.00,183.00,202.00
189.00,185.00,224.00,185.00,224.00,203.00,189.00,203.00
195.00,186.00,230.00,186.00,230.00,204.00,195.00,204.00
200.00,187.00,235.00,187.00,235.00,205.00,200.00,205.00
206.00,187.00,240.00,187.00,240.00,205.00,206.00,205.00
211.00,187.00,245.00,187.00,245.00,204.00,211.00,204.00
216.00,187.00,249.00,187.00,249.00,205.00,216.00,205.00
222.00,188.00,254.00,188.00,254.00,205.00,222.00,205.00
227.00,189.00,259.00,189.00,259.00,205.00,227.00,205.00
232.00,189.00,264.00,189.00,264.00,205.00,232.00,205.00
237.00,189.00,269.00,189.00,269.00,206.00,237.00,206.00
242.00,189.00,273.00,189.00,273.00,205.00,242.00,205.00
246.00,189.00,277.00,189.00,277.00,205.00,246.00,205.00
251.00,190.00,282.00,190.00,282.00,206.00,251.00,206.00
255.00,189.00,286.00,189.00,286.00,205.00,255.00,205.00
259.00,189.00,290.00,189.00,290.00,205.00,259.00,205.00
264.00,190.00,295.00,190.00,295.00,206.00,264.00,206.00
268.00,190.00,299.00,190.00,299.00,206.00,268.00,206.00
272.00,190.00,303.00,190.00,303.00,206.00,272.00,206.00
276.00,189.00,306.00,189.00,306.00,205.00,276.00,205.00
281.00,190.00,312.00,190.00,312.00,206.00,281.00,206.00
285.00,190.00,315.00,190.00,315.00,206.00,285.00,206.00
289.00,190.00,319.00,190.00,319.00,205.00,289.00,205.00
292.00,189.00,323.00,189.00,323.00,205.00,292.00,205.00
297.00,191.00,327.00,191.00,327.00,206.00,297.00,206.00
301.00,190.00,330.00,190.00,330.00,205.00,301.00,205.00
305.00,191.00,335.00,191.00,335.00,206.00,305.00,206.00
308.00,191.00,338.00,191.00,338.00,206.00,308.00,206.00
312.00,191.00,341.00,191.00,341.00,206.00,312.00,206.00
315.00,191.00,345.00,191.00,345.00,206.00,315.00,206.00
319.00,191.00,349.00,191.00,349.00,206.00,319.00,206.00
322.00,190.00,353.00,190.00,353.00,206.00,322.00,206.00
326.00,190.00,357.00,190.00,357.00,206.00,326.00,206.00
330.00,191.00,362.00,191.00,362.00,207.00,330.00,207.00
334.00,190.00,364.00,190.00,364.00,206.00,334.00,206.00
337.00,189.00,369.00,189.00,369.00,205.00,337.00,205.00
340.00,188.00,372.00,188.00,372.00,204.00,340.00,204.00
