11.764,0,0,0,0,0,0,0,0,0,0,0,0,0,0
0.19526,0,0,0,0,0,0,0,0,0,0,0,0,0,0
0.14426,0,0,0,0,0,0,0,0,0,0,0,0,0,0
0.080886,0,0,0,0,0,0,0,0,0,0,0,0,0,0
0.10806,0,0,0,0,0,0,0,0,0,0,0,0,0,0
0.093508,0,0,0,0,0,0,0,0,0,0,0,0,0,0
0.26965,0,0,0,0,0,0,0,0,0,0,0,0,0,0
0.075144,0,0,0,0,0,0,0,0,0,0,0,0,0,0
0.071888,0,0,0,0,0,0,0,0,0,0,0,0,0,0
0.07087,0,0,0,0,0,0,0,0,0,0,0,0,0,0
0.075357,0,0,0,0,0,0,0,0,0,0,0,0,0,0
0.07552,0,0,0,0,0,0,0,0,0,0,0,0,0,0
0.15189,0,0,0,0,0,0,0,0,0,0,0,0,0,0
0.076851,0,0,0,0,0,0,0,0,0,0,0,0,0,0
0.072935,0,0,0,0,0,0,0,0,0,0,0,0,0,0
0.15029,0,0,0,0,0,0,0,0,0,0,0,0,0,0
0.14281,0,0,0,0,0,0,0,0,0,0,0,0,0,0
0.07052,0,0,0,0,0,0,0,0,0,0,0,0,0,0
0.1366,0,0,0,0,0,0,0,0,0,0,0,0,0,0
0.068731,0,0,0,0,0,0,0,0,0,0,0,0,0,0
0.070775,0,0,0,0,0,0,0,0,0,0,0,0,0,0
0.069595,0,0,0,0,0,0,0,0,0,0,0,0,0,0
0.070238,0,0,0,0,0,0,0,0,0,0,0,0,0,0
0.071164,0,0,0,0,0,0,0,0,0,0,0,0,0,0
0.13757,0,0,0,0,0,0,0,0,0,0,0,0,0,0
0.070661,0,0,0,0,0,0,0,0,0,0,0,0,0,0
0.070633,0,0,0,0,0,0,0,0,0,0,0,0,0,0
0.07052,0,0,0,0,0,0,0,0,0,0,0,0,0,0
0.070017,0,0,0,0,0,0,0,0,0,0,0,0,0,0
0.070366,0,0,0,0,0,0,0,0,0,0,0,0,0,0
0.15036,0,0,0,0,0,0,0,0,0,0,0,0,0,0
0.070583,0,0,0,0,0,0,0,0,0,0,0,0,0,0
0.071534,0,0,0,0,0,0,0,0,0,0,0,0,0,0
0.070737,0,0,0,0,0,0,0,0,0,0,0,0,0,0
0.071605,0,0,0,0,0,0,0,0,0,0,0,0,0,0
0.072781,0,0,0,0,0,0,0,0,0,0,0,0,0,0
0.13671,0,0,0,0,0,0,0,0,0,0,0,0,0,0
0.071203,0,0,0,0,0,0,0,0,0,0,0,0,0,0
0.071761,0,0,0,0,0,0,0,0,0,0,0,0,0,0
0.071998,0,0,0,0,0,0,0,0,0,0,0,0,0,0
0.070563,0,0,0,0,0,0,0,0,0,0,0,0,0,0
0.069471,0,0,0,0,0,0,0,0,0,0,0,0,0,0
0.13661,0,0,0,0,0,0,0,0,0,0,0,0,0,0
0.091969,0,0,0,0,0,0,0,0,0,0,0,0,0,0
0.071445,0,0,0,0,0,0,0,0,0,0,0,0,0,0
0.071568,0,0,0,0,0,0,0,0,0,0,0,0,0,0
0.07129,0,0,0,0,0,0,0,0,0,0,0,0,0,0
0.071706,0,0,0,0,0,0,0,0,0,0,0,0,0,0
0.13845,0,0,0,0,0,0,0,0,0,0,0,0,0,0
0.074436,0,0,0,0,0,0,0,0,0,0,0,0,0,0
0.11595,0,0,0,0,0,0,0,0,0,0,0,0,0,0
0.078067,0,0,0,0,0,0,0,0,0,0,0,0,0,0
0.076059,0,0,0,0,0,0,0,0,0,0,0,0,0,0
0.074817,0,0,0,0,0,0,0,0,0,0,0,0,0,0
0.1482,0,0,0,0,0,0,0,0,0,0,0,0,0,0
0.07834,0,0,0,0,0,0,0,0,0,0,0,0,0,0
0.073611,0,0,0,0,0,0,0,0,0,0,0,0,0,0
0.075295,0,0,0,0,0,0,0,0,0,0,0,0,0,0
0.074977,0,0,0,0,0,0,0,0,0,0,0,0,0,0
0.07463,0,0,0,0,0,0,0,0,0,0,0,0,0,0
0.14145,0,0,0,0,0,0,0,0,0,0,0,0,0,0
0.074394,0,0,0,0,0,0,0,0,0,0,0,0,0,0
0.076247,0,0,0,0,0,0,0,0,0,0,0,0,0,0
0.075378,0,0,0,0,0,0,0,0,0,0,0,0,0,0
0.073815,0,0,0,0,0,0,0,0,0,0,0,0,0,0
0.072889,0,0,0,0,0,0,0,0,0,0,0,0,0,0
0.13879,0,0,0,0,0,0,0,0,0,0,0,0,0,0
0.074408,0,0,0,0,0,0,0,0,0,0,0,0,0,0
0.073564,0,0,0,0,0,0,0,0,0,0,0,0,0,0
0.073017,0,0,0,0,0,0,0,0,0,0,0,0,0,0
0.074262,0,0,0,0,0,0,0,0,0,0,0,0,0,0
0.072875,0,0,0,0,0,0,0,0,0,0,0,0,0,0
0.14479,0,0,0,0,0,0,0,0,0,0,0,0,0,0
0.07625,0,0,0,0,0,0,0,0,0,0,0,0,0,0
0.07527,0,0,0,0,0,0,0,0,0,0,0,0,0,0
0.073917,0,0,0,0,0,0,0,0,0,0,0,0,0,0
0.073622,0,0,0,0,0,0,0,0,0,0,0,0,0,0
0.074628,0,0,0,0,0,0,0,0,0,0,0,0,0,0
0.14515,0,0,0,0,0,0,0,0,0,0,0,0,0,0
0.074241,0,0,0,0,0,0,0,0,0,0,0,0,0,0
0.073353,0,0,0,0,0,0,0,0,0,0,0,0,0,0
0.076665,0,0,0,0,0,0,0,0,0,0,0,0,0,0
0.075019,0,0,0,0,0,0,0,0,0,0,0,0,0,0
0.07525,0,0,0,0,0,0,0,0,0,0,0,0,0,0
0.13998,0,0,0,0,0,0,0,0,0,0,0,0,0,0
0.076544,0,0,0,0,0,0,0,0,0,0,0,0,0,0
0.074573,0,0,0,0,0,0,0,0,0,0,0,0,0,0
0.076419,0,0,0,0,0,0,0,0,0,0,0,0,0,0
0.075057,0,0,0,0,0,0,0,0,0,0,0,0,0,0
0.075696,0,0,0,0,0,0,0,0,0,0,0,0,0,0
0.14027,0,0,0,0,0,0,0,0,0,0,0,0,0,0
0.07444,0,0,0,0,0,0,0,0,0,0,0,0,0,0
0.07624,0,0,0,0,0,0,0,0,0,0,0,0,0,0
0.076483,0,0,0,0,0,0,0,0,0,0,0,0,0,0
0.076226,0,0,0,0,0,0,0,0,0,0,0,0,0,0
0.075051,0,0,0,0,0,0,0,0,0,0,0,0,0,0
0.1444,0,0,0,0,0,0,0,0,0,0,0,0,0,0
0.076151,0,0,0,0,0,0,0,0,0,0,0,0,0,0
0.074034,0,0,0,0,0,0,0,0,0,0,0,0,0,0
0.074975,0,0,0,0,0,0,0,0,0,0,0,0,0,0
0.07541,0,0,0,0,0,0,0,0,0,0,0,0,0,0
0.075835,0,0,0,0,0,0,0,0,0,0,0,0,0,0
0.14389,0,0,0,0,0,0,0,0,0,0,0,0,0,0
0.075955,0,0,0,0,0,0,0,0,0,0,0,0,0,0
0.076716,0,0,0,0,0,0,0,0,0,0,0,0,0,0
0.075403,0,0,0,0,0,0,0,0,0,0,0,0,0,0
0.075372,0,0,0,0,0,0,0,0,0,0,0,0,0,0
0.074472,0,0,0,0,0,0,0,0,0,0,0,0,0,0
0.1406,0,0,0,0,0,0,0,0,0,0,0,0,0,0
0.072767,0,0,0,0,0,0,0,0,0,0,0,0,0,0
0.078795,0,0,0,0,0,0,0,0,0,0,0,0,0,0
0.16026,0,0,0,0,0,0,0,0,0,0,0,0,0,0
0.15641,0,0,0,0,0,0,0,0,0,0,0,0,0,0
0.078754,0,0,0,0,0,0,0,0,0,0,0,0,0,0
0.14959,0,0,0,0,0,0,0,0,0,0,0,0,0,0
0.07641,0,0,0,0,0,0,0,0,0,0,0,0,0,0
0.076118,0,0,0,0,0,0,0,0,0,0,0,0,0,0
0.076738,0,0,0,0,0,0,0,0,0,0,0,0,0,0
0.077073,0,0,0,0,0,0,0,0,0,0,0,0,0,0
0.073624,0,0,0,0,0,0,0,0,0,0,0,0,0,0
0.13844,0,0,0,0,0,0,0,0,0,0,0,0,0,0
0.072869,0,0,0,0,0,0,0,0,0,0,0,0,0,0
0.073211,0,0,0,0,0,0,0,0,0,0,0,0,0,0
0.072229,0,0,0,0,0,0,0,0,0,0,0,0,0,0
0.073503,0,0,0,0,0,0,0,0,0,0,0,0,0,0
0.074449,0,0,0,0,0,0,0,0,0,0,0,0,0,0
0.13932,0,0,0,0,0,0,0,0,0,0,0,0,0,0
0.074922,0,0,0,0,0,0,0,0,0,0,0,0,0,0
0.072747,0,0,0,0,0,0,0,0,0,0,0,0,0,0
0.073339,0,0,0,0,0,0,0,0,0,0,0,0,0,0
0.073833,0,0,0,0,0,0,0,0,0,0,0,0,0,0
0.07501,0,0,0,0,0,0,0,0,0,0,0,0,0,0
0.13872,0,0,0,0,0,0,0,0,0,0,0,0,0,0
0.073882,0,0,0,0,0,0,0,0,0,0,0,0,0,0
0.074838,0,0,0,0,0,0,0,0,0,0,0,0,0,0
0.072528,0,0,0,0,0,0,0,0,0,0,0,0,0,0
0.072804,0,0,0,0,0,0,0,0,0,0,0,0,0,0
0.074198,0,0,0,0,0,0,0,0,0,0,0,0,0,0
0.14217,0,0,0,0,0,0,0,0,0,0,0,0,0,0
0.075343,0,0,0,0,0,0,0,0,0,0,0,0,0,0
0.073389,0,0,0,0,0,0,0,0,0,0,0,0,0,0
0.074796,0,0,0,0,0,0,0,0,0,0,0,0,0,0
0.075421,0,0,0,0,0,0,0,0,0,0,0,0,0,0
0.072728,0,0,0,0,0,0,0,0,0,0,0,0,0,0
0.14186,0,0,0,0,0,0,0,0,0,0,0,0,0,0
0.072953,0,0,0,0,0,0,0,0,0,0,0,0,0,0
0.076647,0,0,0,0,0,0,0,0,0,0,0,0,0,0
0.075009,0,0,0,0,0,0,0,0,0,0,0,0,0,0
0.073156,0,0,0,0,0,0,0,0,0,0,0,0,0,0
0.075321,0,0,0,0,0,0,0,0,0,0,0,0,0,0
0.14356,0,0,0,0,0,0,0,0,0,0,0,0,0,0
0.07525,0,0,0,0,0,0,0,0,0,0,0,0,0,0
0.072494,0,0,0,0,0,0,0,0,0,0,0,0,0,0
0.074984,0,0,0,0,0,0,0,0,0,0,0,0,0,0
0.075169,0,0,0,0,0,0,0,0,0,0,0,0,0,0
0.074297,0,0,0,0,0,0,0,0,0,0,0,0,0,0
0.13985,0,0,0,0,0,0,0,0,0,0,0,0,0,0
0.072685,0,0,0,0,0,0,0,0,0,0,0,0,0,0
0.072969,0,0,0,0,0,0,0,0,0,0,0,0,0,0
0.073854,0,0,0,0,0,0,0,0,0,0,0,0,0,0
0.07543,0,0,0,0,0,0,0,0,0,0,0,0,0,0
0.073812,0,0,0,0,0,0,0,0,0,0,0,0,0,0
0.1425,0,0,0,0,0,0,0,0,0,0,0,0,0,0
0.074834,0,0,0,0,0,0,0,0,0,0,0,0,0,0
0.073178,0,0,0,0,0,0,0,0,0,0,0,0,0,0
0.073065,0,0,0,0,0,0,0,0,0,0,0,0,0,0
0.073757,0,0,0,0,0,0,0,0,0,0,0,0,0,0
0.074026,0,0,0,0,0,0,0,0,0,0,0,0,0,0
0.13892,0,0,0,0,0,0,0,0,0,0,0,0,0,0
0.075277,0,0,0,0,0,0,0,0,0,0,0,0,0,0
0.07553,0,0,0,0,0,0,0,0,0,0,0,0,0,0
0.073836,0,0,0,0,0,0,0,0,0,0,0,0,0,0
0.072065,0,0,0,0,0,0,0,0,0,0,0,0,0,0
0.073192,0,0,0,0,0,0,0,0,0,0,0,0,0,0
0.14054,0,0,0,0,0,0,0,0,0,0,0,0,0,0
0.073487,0,0,0,0,0,0,0,0,0,0,0,0,0,0
0.084588,0,0,0,0,0,0,0,0,0,0,0,0,0,0
0.075819,0,0,0,0,0,0,0,0,0,0,0,0,0,0
0.075003,0,0,0,0,0,0,0,0,0,0,0,0,0,0
0.072654,0,0,0,0,0,0,0,0,0,0,0,0,0,0
0.14203,0,0,0,0,0,0,0,0,0,0,0,0,0,0
0.074283,0,0,0,0,0,0,0,0,0,0,0,0,0,0
0.074867,0,0,0,0,0,0,0,0,0,0,0,0,0,0
0.074065,0,0,0,0,0,0,0,0,0,0,0,0,0,0
0.073649,0,0,0,0,0,0,0,0,0,0,0,0,0,0
0.071849,0,0,0,0,0,0,0,0,0,0,0,0,0,0
0.14834,0,0,0,0,0,0,0,0,0,0,0,0,0,0
0.076823,0,0,0,0,0,0,0,0,0,0,0,0,0,0
0.078914,0,0,0,0,0,0,0,0,0,0,0,0,0,0
0.077422,0,0,0,0,0,0,0,0,0,0,0,0,0,0
0.075554,0,0,0,0,0,0,0,0,0,0,0,0,0,0
0.074959,0,0,0,0,0,0,0,0,0,0,0,0,0,0
0.15181,0,0,0,0,0,0,0,0,0,0,0,0,0,0
0.074167,0,0,0,0,0,0,0,0,0,0,0,0,0,0
0.075506,0,0,0,0,0,0,0,0,0,0,0,0,0,0
0.076246,0,0,0,0,0,0,0,0,0,0,0,0,0,0
0.076944,0,0,0,0,0,0,0,0,0,0,0,0,0,0
0.075127,0,0,0,0,0,0,0,0,0,0,0,0,0,0
0.15049,0,0,0,0,0,0,0,0,0,0,0,0,0,0
0.074813,0,0,0,0,0,0,0,0,0,0,0,0,0,0
0.078762,0,0,0,0,0,0,0,0,0,0,0,0,0,0
0.07682,0,0,0,0,0,0,0,0,0,0,0,0,0,0
0.075546,0,0,0,0,0,0,0,0,0,0,0,0,0,0
0.07565,0,0,0,0,0,0,0,0,0,0,0,0,0,0
0.14939,0,0,0,0,0,0,0,0,0,0,0,0,0,0
0.075223,0,0,0,0,0,0,0,0,0,0,0,0,0,0
0.076486,0,0,0,0,0,0,0,0,0,0,0,0,0,0
0.075497,0,0,0,0,0,0,0,0,0,0,0,0,0,0
0.075322,0,0,0,0,0,0,0,0,0,0,0,0,0,0
0.074145,0,0,0,0,0,0,0,0,0,0,0,0,0,0
0.14755,0,0,0,0,0,0,0,0,0,0,0,0,0,0
0.076571,0,0,0,0,0,0,0,0,0,0,0,0,0,0
0.075405,0,0,0,0,0,0,0,0,0,0,0,0,0,0
0.073689,0,0,0,0,0,0,0,0,0,0,0,0,0,0
0.072843,0,0,0,0,0,0,0,0,0,0,0,0,0,0
0.074681,0,0,0,0,0,0,0,0,0,0,0,0,0,0
0.14915,0,0,0,0,0,0,0,0,0,0,0,0,0,0
0.074814,0,0,0,0,0,0,0,0,0,0,0,0,0,0
0.076554,0,0,0,0,0,0,0,0,0,0,0,0,0,0
0.0747,0,0,0,0,0,0,0,0,0,0,0,0,0,0
0.073119,0,0,0,0,0,0,0,0,0,0,0,0,0,0
0.074396,0,0,0,0,0,0,0,0,0,0,0,0,0,0
0.14847,0,0,0,0,0,0,0,0,0,0,0,0,0,0
0.073796,0,0,0,0,0,0,0,0,0,0,0,0,0,0
0.072588,0,0,0,0,0,0,0,0,0,0,0,0,0,0
0.07481,0,0,0,0,0,0,0,0,0,0,0,0,0,0
0.074796,0,0,0,0,0,0,0,0,0,0,0,0,0,0
0.076066,0,0,0,0,0,0,0,0,0,0,0,0,0,0
0.14754,0,0,0,0,0,0,0,0,0,0,0,0,0,0
0.076781,0,0,0,0,0,0,0,0,0,0,0,0,0,0
0.076676,0,0,0,0,0,0,0,0,0,0,0,0,0,0
0.074009,0,0,0,0,0,0,0,0,0,0,0,0,0,0
0.07477,0,0,0,0,0,0,0,0,0,0,0,0,0,0
0.077191,0,0,0,0,0,0,0,0,0,0,0,0,0,0
0.15127,0,0,0,0,0,0,0,0,0,0,0,0,0,0
0.072509,0,0,0,0,0,0,0,0,0,0,0,0,0,0
0.073542,0,0,0,0,0,0,0,0,0,0,0,0,0,0
0.074133,0,0,0,0,0,0,0,0,0,0,0,0,0,0
0.073507,0,0,0,0,0,0,0,0,0,0,0,0,0,0
0.075059,0,0,0,0,0,0,0,0,0,0,0,0,0,0
0.1483,0,0,0,0,0,0,0,0,0,0,0,0,0,0
0.074521,0,0,0,0,0,0,0,0,0,0,0,0,0,0
0.073938,0,0,0,0,0,0,0,0,0,0,0,0,0,0
0.073532,0,0,0,0,0,0,0,0,0,0,0,0,0,0
0.073597,0,0,0,0,0,0,0,0,0,0,0,0,0,0
0.072547,0,0,0,0,0,0,0,0,0,0,0,0,0,0
0.14899,0,0,0,0,0,0,0,0,0,0,0,0,0,0
0.072208,0,0,0,0,0,0,0,0,0,0,0,0,0,0
0.073412,0,0,0,0,0,0,0,0,0,0,0,0,0,0
0.080146,0,0,0,0,0,0,0,0,0,0,0,0,0,0
0.075027,0,0,0,0,0,0,0,0,0,0,0,0,0,0
0.077746,0,0,0,0,0,0,0,0,0,0,0,0,0,0
0.14636,0,0,0,0,0,0,0,0,0,0,0,0,0,0
0.073058,0,0,0,0,0,0,0,0,0,0,0,0,0,0
0.074343,0,0,0,0,0,0,0,0,0,0,0,0,0,0
0.071448,0,0,0,0,0,0,0,0,0,0,0,0,0,0
0.071774,0,0,0,0,0,0,0,0,0,0,0,0,0,0
0.071798,0,0,0,0,0,0,0,0,0,0,0,0,0,0
0.19024,0,0,0,0,0,0,0,0,0,0,0,0,0,0
0.097731,0,0,0,0,0,0,0,0,0,0,0,0,0,0
0.094378,0,0,0,0,0,0,0,0,0,0,0,0,0,0
0.067249,0,0,0,0,0,0,0,0,0,0,0,0,0,0
0.069466,0,0,0,0,0,0,0,0,0,0,0,0,0,0
0.069214,0,0,0,0,0,0,0,0,0,0,0,0,0,0
0.13356,0,0,0,0,0,0,0,0,0,0,0,0,0,0
0.067456,0,0,0,0,0,0,0,0,0,0,0,0,0,0
0.070454,0,0,0,0,0,0,0,0,0,0,0,0,0,0
0.067697,0,0,0,0,0,0,0,0,0,0,0,0,0,0
0.067135,0,0,0,0,0,0,0,0,0,0,0,0,0,0
0.068059,0,0,0,0,0,0,0,0,0,0,0,0,0,0
0.13063,0,0,0,0,0,0,0,0,0,0,0,0,0,0
0.067136,0,0,0,0,0,0,0,0,0,0,0,0,0,0
0.066646,0,0,0,0,0,0,0,0,0,0,0,0,0,0
0.068411,0,0,0,0,0,0,0,0,0,0,0,0,0,0
0.069446,0,0,0,0,0,0,0,0,0,0,0,0,0,0
0.070556,0,0,0,0,0,0,0,0,0,0,0,0,0,0
0.1343,0,0,0,0,0,0,0,0,0,0,0,0,0,0
0.071851,0,0,0,0,0,0,0,0,0,0,0,0,0,0
0.069828,0,0,0,0,0,0,0,0,0,0,0,0,0,0
0.069148,0,0,0,0,0,0,0,0,0,0,0,0,0,0
0.069052,0,0,0,0,0,0,0,0,0,0,0,0,0,0
0.069422,0,0,0,0,0,0,0,0,0,0,0,0,0,0
0.13846,0,0,0,0,0,0,0,0,0,0,0,0,0,0
0.069718,0,0,0,0,0,0,0,0,0,0,0,0,0,0
0.070127,0,0,0,0,0,0,0,0,0,0,0,0,0,0
0.068822,0,0,0,0,0,0,0,0,0,0,0,0,0,0
0.068224,0,0,0,0,0,0,0,0,0,0,0,0,0,0
0.067237,0,0,0,0,0,0,0,0,0,0,0,0,0,0
0.13826,0,0,0,0,0,0,0,0,0,0,0,0,0,0
0.069919,0,0,0,0,0,0,0,0,0,0,0,0,0,0
0.069956,0,0,0,0,0,0,0,0,0,0,0,0,0,0
0.069055,0,0,0,0,0,0,0,0,0,0,0,0,0,0
0.069239,0,0,0,0,0,0,0,0,0,0,0,0,0,0
0.070575,0,0,0,0,0,0,0,0,0,0,0,0,0,0
0.13957,0,0,0,0,0,0,0,0,0,0,0,0,0,0
0.071296,0,0,0,0,0,0,0,0,0,0,0,0,0,0
0.071937,0,0,0,0,0,0,0,0,0,0,0,0,0,0
0.072847,0,0,0,0,0,0,0,0,0,0,0,0,0,0
0.071643,0,0,0,0,0,0,0,0,0,0,0,0,0,0
0.071389,0,0,0,0,0,0,0,0,0,0,0,0,0,0
0.1405,0,0,0,0,0,0,0,0,0,0,0,0,0,0
0.070347,0,0,0,0,0,0,0,0,0,0,0,0,0,0
0.071325,0,0,0,0,0,0,0,0,0,0,0,0,0,0
0.070018,0,0,0,0,0,0,0,0,0,0,0,0,0,0
0.071213,0,0,0,0,0,0,0,0,0,0,0,0,0,0
0.070165,0,0,0,0,0,0,0,0,0,0,0,0,0,0
0.13939,0,0,0,0,0,0,0,0,0,0,0,0,0,0
0.069895,0,0,0,0,0,0,0,0,0,0,0,0,0,0
0.072068,0,0,0,0,0,0,0,0,0,0,0,0,0,0
0.071647,0,0,0,0,0,0,0,0,0,0,0,0,0,0
0.071914,0,0,0,0,0,0,0,0,0,0,0,0,0,0
0.069954,0,0,0,0,0,0,0,0,0,0,0,0,0,0
0.1364,0,0,0,0,0,0,0,0,0,0,0,0,0,0
0.0696,0,0,0,0,0,0,0,0,0,0,0,0,0,0
0.070027,0,0,0,0,0,0,0,0,0,0,0,0,0,0
0.069177,0,0,0,0,0,0,0,0,0,0,0,0,0,0
0.068903,0,0,0,0,0,0,0,0,0,0,0,0,0,0
0.069879,0,0,0,0,0,0,0,0,0,0,0,0,0,0
0.1361,0,0,0,0,0,0,0,0,0,0,0,0,0,0
0.068889,0,0,0,0,0,0,0,0,0,0,0,0,0,0
0.069524,0,0,0,0,0,0,0,0,0,0,0,0,0,0
0.069046,0,0,0,0,0,0,0,0,0,0,0,0,0,0
0.068631,0,0,0,0,0,0,0,0,0,0,0,0,0,0
0.069826,0,0,0,0,0,0,0,0,0,0,0,0,0,0
0.13932,0,0,0,0,0,0,0,0,0,0,0,0,0,0
0.06947,0,0,0,0,0,0,0,0,0,0,0,0,0,0
0.069832,0,0,0,0,0,0,0,0,0,0,0,0,0,0
0.069662,0,0,0,0,0,0,0,0,0,0,0,0,0,0
0.069345,0,0,0,0,0,0,0,0,0,0,0,0,0,0
0.069158,0,0,0,0,0,0,0,0,0,0,0,0,0,0
0.14081,0,0,0,0,0,0,0,0,0,0,0,0,0,0
0.070193,0,0,0,0,0,0,0,0,0,0,0,0,0,0
0.069433,0,0,0,0,0,0,0,0,0,0,0,0,0,0
0.068865,0,0,0,0,0,0,0,0,0,0,0,0,0,0
0.070422,0,0,0,0,0,0,0,0,0,0,0,0,0,0
0.071973,0,0,0,0,0,0,0,0,0,0,0,0,0,0
0.15664,0,0,0,0,0,0,0,0,0,0,0,0,0,0
0.071433,0,0,0,0,0,0,0,0,0,0,0,0,0,0
0.072862,0,0,0,0,0,0,0,0,0,0,0,0,0,0
0.07246,0,0,0,0,0,0,0,0,0,0,0,0,0,0
0.071105,0,0,0,0,0,0,0,0,0,0,0,0,0,0
0.070705,0,0,0,0,0,0,0,0,0,0,0,0,0,0
0.14047,0,0,0,0,0,0,0,0,0,0,0,0,0,0
0.070552,0,0,0,0,0,0,0,0,0,0,0,0,0,0
0.069928,0,0,0,0,0,0,0,0,0,0,0,0,0,0
0.071197,0,0,0,0,0,0,0,0,0,0,0,0,0,0
0.068927,0,0,0,0,0,0,0,0,0,0,0,0,0,0
0.069198,0,0,0,0,0,0,0,0,0,0,0,0,0,0
0.13703,0,0,0,0,0,0,0,0,0,0,0,0,0,0
0.069621,0,0,0,0,0,0,0,0,0,0,0,0,0,0
0.069298,0,0,0,0,0,0,0,0,0,0,0,0,0,0
0.069273,0,0,0,0,0,0,0,0,0,0,0,0,0,0
0.068862,0,0,0,0,0,0,0,0,0,0,0,0,0,0
0.070028,0,0,0,0,0,0,0,0,0,0,0,0,0,0
0.13332,0,0,0,0,0,0,0,0,0,0,0,0,0,0
0.068358,0,0,0,0,0,0,0,0,0,0,0,0,0,0
0.069128,0,0,0,0,0,0,0,0,0,0,0,0,0,0
0.068001,0,0,0,0,0,0,0,0,0,0,0,0,0,0
0.067437,0,0,0,0,0,0,0,0,0,0,0,0,0,0
0.067233,0,0,0,0,0,0,0,0,0,0,0,0,0,0
0.13366,0,0,0,0,0,0,0,0,0,0,0,0,0,0
0.15531,0,0,0,0,0,0,0,0,0,0,0,0,0,0
0.15084,0,0,0,0,0,0,0,0,0,0,0,0,0,0
0.071151,0,0,0,0,0,0,0,0,0,0,0,0,0,0
0.070437,0,0,0,0,0,0,0,0,0,0,0,0,0,0
0.071434,0,0,0,0,0,0,0,0,0,0,0,0,0,0
0.14159,0,0,0,0,0,0,0,0,0,0,0,0,0,0
0.071263,0,0,0,0,0,0,0,0,0,0,0,0,0,0
0.069235,0,0,0,0,0,0,0,0,0,0,0,0,0,0
0.07175,0,0,0,0,0,0,0,0,0,0,0,0,0,0
0.068516,0,0,0,0,0,0,0,0,0,0,0,0,0,0
0.068987,0,0,0,0,0,0,0,0,0,0,0,0,0,0
0.13459,0,0,0,0,0,0,0,0,0,0,0,0,0,0
0.067755,0,0,0,0,0,0,0,0,0,0,0,0,0,0
0.067683,0,0,0,0,0,0,0,0,0,0,0,0,0,0
0.067605,0,0,0,0,0,0,0,0,0,0,0,0,0,0
0.068059,0,0,0,0,0,0,0,0,0,0,0,0,0,0
0.067748,0,0,0,0,0,0,0,0,0,0,0,0,0,0
0.13679,0,0,0,0,0,0,0,0,0,0,0,0,0,0
0.068321,0,0,0,0,0,0,0,0,0,0,0,0,0,0
0.068439,0,0,0,0,0,0,0,0,0,0,0,0,0,0
0.067103,0,0,0,0,0,0,0,0,0,0,0,0,0,0
0.068051,0,0,0,0,0,0,0,0,0,0,0,0,0,0
0.066954,0,0,0,0,0,0,0,0,0,0,0,0,0,0
0.13591,0,0,0,0,0,0,0,0,0,0,0,0,0,0
0.067363,0,0,0,0,0,0,0,0,0,0,0,0,0,0
0.067358,0,0,0,0,0,0,0,0,0,0,0,0,0,0
0.06818,0,0,0,0,0,0,0,0,0,0,0,0,0,0
0.067331,0,0,0,0,0,0,0,0,0,0,0,0,0,0
0.067018,0,0,0,0,0,0,0,0,0,0,0,0,0,0
0.13576,0,0,0,0,0,0,0,0,0,0,0,0,0,0
0.066981,0,0,0,0,0,0,0,0,0,0,0,0,0,0
0.065847,0,0,0,0,0,0,0,0,0,0,0,0,0,0
0.067426,0,0,0,0,0,0,0,0,0,0,0,0,0,0
0.06703,0,0,0,0,0,0,0,0,0,0,0,0,0,0
0.067926,0,0,0,0,0,0,0,0,0,0,0,0,0,0
0.13638,0,0,0,0,0,0,0,0,0,0,0,0,0,0
0.066652,0,0,0,0,0,0,0,0,0,0,0,0,0,0
0.069127,0,0,0,0,0,0,0,0,0,0,0,0,0,0
0.073792,0,0,0,0,0,0,0,0,0,0,0,0,0,0
0.070937,0,0,0,0,0,0,0,0,0,0,0,0,0,0
0.070539,0,0,0,0,0,0,0,0,0,0,0,0,0,0
0.13697,0,0,0,0,0,0,0,0,0,0,0,0,0,0
0.068925,0,0,0,0,0,0,0,0,0,0,0,0,0,0
0.068159,0,0,0,0,0,0,0,0,0,0,0,0,0,0
0.067895,0,0,0,0,0,0,0,0,0,0,0,0,0,0
0.06981,0,0,0,0,0,0,0,0,0,0,0,0,0,0
0.068933,0,0,0,0,0,0,0,0,0,0,0,0,0,0
0.13804,0,0,0,0,0,0,0,0,0,0,0,0,0,0
0.069511,0,0,0,0,0,0,0,0,0,0,0,0,0,0
0.069354,0,0,0,0,0,0,0,0,0,0,0,0,0,0
0.070193,0,0,0,0,0,0,0,0,0,0,0,0,0,0
0.068633,0,0,0,0,0,0,0,0,0,0,0,0,0,0
0.071231,0,0,0,0,0,0,0,0,0,0,0,0,0,0
0.13924,0,0,0,0,0,0,0,0,0,0,0,0,0,0
0.069292,0,0,0,0,0,0,0,0,0,0,0,0,0,0
0.068513,0,0,0,0,0,0,0,0,0,0,0,0,0,0
0.069715,0,0,0,0,0,0,0,0,0,0,0,0,0,0
0.070592,0,0,0,0,0,0,0,0,0,0,0,0,0,0
0.070574,0,0,0,0,0,0,0,0,0,0,0,0,0,0
0.13896,0,0,0,0,0,0,0,0,0,0,0,0,0,0
0.068964,0,0,0,0,0,0,0,0,0,0,0,0,0,0
0.0704,0,0,0,0,0,0,0,0,0,0,0,0,0,0
0.071616,0,0,0,0,0,0,0,0,0,0,0,0,0,0
0.073417,0,0,0,0,0,0,0,0,0,0,0,0,0,0
0.071456,0,0,0,0,0,0,0,0,0,0,0,0,0,0
0.13791,0,0,0,0,0,0,0,0,0,0,0,0,0,0
0.069392,0,0,0,0,0,0,0,0,0,0,0,0,0,0
0.068557,0,0,0,0,0,0,0,0,0,0,0,0,0,0
0.068342,0,0,0,0,0,0,0,0,0,0,0,0,0,0
0.069524,0,0,0,0,0,0,0,0,0,0,0,0,0,0
0.074681,0,0,0,0,0,0,0,0,0,0,0,0,0,0
0.13859,0,0,0,0,0,0,0,0,0,0,0,0,0,0
0.070376,0,0,0,0,0,0,0,0,0,0,0,0,0,0
0.070186,0,0,0,0,0,0,0,0,0,0,0,0,0,0
0.070025,0,0,0,0,0,0,0,0,0,0,0,0,0,0
0.071387,0,0,0,0,0,0,0,0,0,0,0,0,0,0
0.06967,0,0,0,0,0,0,0,0,0,0,0,0,0,0
0.13964,0,0,0,0,0,0,0,0,0,0,0,0,0,0
0.072354,0,0,0,0,0,0,0,0,0,0,0,0,0,0
0.0706,0,0,0,0,0,0,0,0,0,0,0,0,0,0
0.071948,0,0,0,0,0,0,0,0,0,0,0,0,0,0
0.074197,0,0,0,0,0,0,0,0,0,0,0,0,0,0
0.072098,0,0,0,0,0,0,0,0,0,0,0,0,0,0
0.15198,0,0,0,0,0,0,0,0,0,0,0,0,0,0
0.073769,0,0,0,0,0,0,0,0,0,0,0,0,0,0
0.072332,0,0,0,0,0,0,0,0,0,0,0,0,0,0
0.087511,0,0,0,0,0,0,0,0,0,0,0,0,0,0
0.075858,0,0,0,0,0,0,0,0,0,0,0,0,0,0
0.073282,0,0,0,0,0,0,0,0,0,0,0,0,0,0
0.14976,0,0,0,0,0,0,0,0,0,0,0,0,0,0
0.072991,0,0,0,0,0,0,0,0,0,0,0,0,0,0
0.072636,0,0,0,0,0,0,0,0,0,0,0,0,0,0
0.07495,0,0,0,0,0,0,0,0,0,0,0,0,0,0
0.073,0,0,0,0,0,0,0,0,0,0,0,0,0,0
0.073608,0,0,0,0,0,0,0,0,0,0,0,0,0,0
0.14958,0,0,0,0,0,0,0,0,0,0,0,0,0,0
0.071841,0,0,0,0,0,0,0,0,0,0,0,0,0,0
0.070118,0,0,0,0,0,0,0,0,0,0,0,0,0,0
0.072218,0,0,0,0,0,0,0,0,0,0,0,0,0,0
0.070617,0,0,0,0,0,0,0,0,0,0,0,0,0,0
0.070669,0,0,0,0,0,0,0,0,0,0,0,0,0,0
0.14556,0,0,0,0,0,0,0,0,0,0,0,0,0,0
0.071899,0,0,0,0,0,0,0,0,0,0,0,0,0,0
0.071729,0,0,0,0,0,0,0,0,0,0,0,0,0,0
0.072072,0,0,0,0,0,0,0,0,0,0,0,0,0,0
0.071501,0,0,0,0,0,0,0,0,0,0,0,0,0,0
0.071742,0,0,0,0,0,0,0,0,0,0,0,0,0,0
0.14424,0,0,0,0,0,0,0,0,0,0,0,0,0,0
0.072895,0,0,0,0,0,0,0,0,0,0,0,0,0,0
0.072857,0,0,0,0,0,0,0,0,0,0,0,0,0,0
0.071454,0,0,0,0,0,0,0,0,0,0,0,0,0,0
0.071819,0,0,0,0,0,0,0,0,0,0,0,0,0,0
0.071946,0,0,0,0,0,0,0,0,0,0,0,0,0,0
0.14355,0,0,0,0,0,0,0,0,0,0,0,0,0,0
0.072107,0,0,0,0,0,0,0,0,0,0,0,0,0,0
0.071755,0,0,0,0,0,0,0,0,0,0,0,0,0,0
0.070441,0,0,0,0,0,0,0,0,0,0,0,0,0,0
0.071914,0,0,0,0,0,0,0,0,0,0,0,0,0,0
0.071451,0,0,0,0,0,0,0,0,0,0,0,0,0,0
0.14762,0,0,0,0,0,0,0,0,0,0,0,0,0,0
0.072486,0,0,0,0,0,0,0,0,0,0,0,0,0,0
0.071739,0,0,0,0,0,0,0,0,0,0,0,0,0,0
0.074381,0,0,0,0,0,0,0,0,0,0,0,0,0,0
0.072049,0,0,0,0,0,0,0,0,0,0,0,0,0,0
0.072009,0,0,0,0,0,0,0,0,0,0,0,0,0,0
0.14886,0,0,0,0,0,0,0,0,0,0,0,0,0,0
0.071645,0,0,0,0,0,0,0,0,0,0,0,0,0,0
0.070932,0,0,0,0,0,0,0,0,0,0,0,0,0,0
0.070343,0,0,0,0,0,0,0,0,0,0,0,0,0,0
0.071823,0,0,0,0,0,0,0,0,0,0,0,0,0,0
0.072806,0,0,0,0,0,0,0,0,0,0,0,0,0,0
0.14565,0,0,0,0,0,0,0,0,0,0,0,0,0,0
0.072269,0,0,0,0,0,0,0,0,0,0,0,0,0,0
0.071543,0,0,0,0,0,0,0,0,0,0,0,0,0,0
0.071052,0,0,0,0,0,0,0,0,0,0,0,0,0,0
0.070736,0,0,0,0,0,0,0,0,0,0,0,0,0,0
0.07172,0,0,0,0,0,0,0,0,0,0,0,0,0,0
0.14595,0,0,0,0,0,0,0,0,0,0,0,0,0,0
0.072777,0,0,0,0,0,0,0,0,0,0,0,0,0,0
0.071162,0,0,0,0,0,0,0,0,0,0,0,0,0,0
0.07353,0,0,0,0,0,0,0,0,0,0,0,0,0,0
0.071896,0,0,0,0,0,0,0,0,0,0,0,0,0,0
0.081729,0,0,0,0,0,0,0,0,0,0,0,0,0,0
0.15278,0,0,0,0,0,0,0,0,0,0,0,0,0,0
0.080317,0,0,0,0,0,0,0,0,0,0,0,0,0,0
0.074403,0,0,0,0,0,0,0,0,0,0,0,0,0,0
0.073824,0,0,0,0,0,0,0,0,0,0,0,0,0,0
0.073265,0,0,0,0,0,0,0,0,0,0,0,0,0,0
0.070506,0,0,0,0,0,0,0,0,0,0,0,0,0,0
0.14994,0,0,0,0,0,0,0,0,0,0,0,0,0,0
0.0761,0,0,0,0,0,0,0,0,0,0,0,0,0,0
0.076937,0,0,0,0,0,0,0,0,0,0,0,0,0,0
0.077774,0,0,0,0,0,0,0,0,0,0,0,0,0,0
0.076694,0,0,0,0,0,0,0,0,0,0,0,0,0,0
0.072092,0,0,0,0,0,0,0,0,0,0,0,0,0,0
0.15238,0,0,0,0,0,0,0,0,0,0,0,0,0,0
0.071895,0,0,0,0,0,0,0,0,0,0,0,0,0,0
0.076658,0,0,0,0,0,0,0,0,0,0,0,0,0,0
0.078848,0,0,0,0,0,0,0,0,0,0,0,0,0,0
0.074019,0,0,0,0,0,0,0,0,0,0,0,0,0,0
0.072815,0,0,0,0,0,0,0,0,0,0,0,0,0,0
0.15147,0,0,0,0,0,0,0,0,0,0,0,0,0,0
0.074769,0,0,0,0,0,0,0,0,0,0,0,0,0,0
0.07779,0,0,0,0,0,0,0,0,0,0,0,0,0,0
0.07598,0,0,0,0,0,0,0,0,0,0,0,0,0,0
0.072543,0,0,0,0,0,0,0,0,0,0,0,0,0,0
0.072901,0,0,0,0,0,0,0,0,0,0,0,0,0,0
0.14777,0,0,0,0,0,0,0,0,0,0,0,0,0,0
0.079252,0,0,0,0,0,0,0,0,0,0,0,0,0,0
0.076786,0,0,0,0,0,0,0,0,0,0,0,0,0,0
0.069747,0,0,0,0,0,0,0,0,0,0,0,0,0,0
0.072992,0,0,0,0,0,0,0,0,0,0,0,0,0,0
0.072181,0,0,0,0,0,0,0,0,0,0,0,0,0,0
0.15611,0,0,0,0,0,0,0,0,0,0,0,0,0,0
0.073036,0,0,0,0,0,0,0,0,0,0,0,0,0,0
0.076407,0,0,0,0,0,0,0,0,0,0,0,0,0,0
0.074766,0,0,0,0,0,0,0,0,0,0,0,0,0,0
0.073353,0,0,0,0,0,0,0,0,0,0,0,0,0,0
0.073956,0,0,0,0,0,0,0,0,0,0,0,0,0,0
0.15504,0,0,0,0,0,0,0,0,0,0,0,0,0,0
0.073429,0,0,0,0,0,0,0,0,0,0,0,0,0,0
0.074437,0,0,0,0,0,0,0,0,0,0,0,0,0,0
0.077825,0,0,0,0,0,0,0,0,0,0,0,0,0,0
0.077831,0,0,0,0,0,0,0,0,0,0,0,0,0,0
0.074744,0,0,0,0,0,0,0,0,0,0,0,0,0,0
0.15172,0,0,0,0,0,0,0,0,0,0,0,0,0,0
0.078279,0,0,0,0,0,0,0,0,0,0,0,0,0,0
0.07247,0,0,0,0,0,0,0,0,0,0,0,0,0,0
0.072958,0,0,0,0,0,0,0,0,0,0,0,0,0,0
0.072711,0,0,0,0,0,0,0,0,0,0,0,0,0,0
0.074689,0,0,0,0,0,0,0,0,0,0,0,0,0,0
0.15094,0,0,0,0,0,0,0,0,0,0,0,0,0,0
0.075162,0,0,0,0,0,0,0,0,0,0,0,0,0,0
0.075379,0,0,0,0,0,0,0,0,0,0,0,0,0,0
0.073292,0,0,0,0,0,0,0,0,0,0,0,0,0,0
0.07945,0,0,0,0,0,0,0,0,0,0,0,0,0,0
0.076614,0,0,0,0,0,0,0,0,0,0,0,0,0,0
