1
213.00,140.00,302.00,140.00,302.00,192.00,213.00,192.00
210.00,140.00,301.00,140.00,301.00,193.00,210.00,193.00
208.00,140.00,300.00,140.00,300.00,194.00,208.00,194.00
207.00,141.00,298.00,141.00,298.00,194.00,207.00,194.00
205.00,142.00,295.00,142.00,295.00,195.00,205.00,195.00
203.00,143.00,295.00,143.00,295.00,197.00,203.00,197.00
200.00,143.00,293.00,143.00,293.00,197.00,200.00,197.00
199.00,144.00,291.00,144.00,291.00,197.00,199.00,197.00
197.00,144.00,289.00,144.00,289.00,198.00,197.00,198.00
197.00,145.00,287.00,145.00,287.00,198.00,197.00,198.00
194.00,146.00,285.00,146.00,285.00,199.00,194.00,199.00
194.00,147.00,282.00,147.00,282.00,198.00,194.00,198.00
191.00,147.00,280.00,147.00,280.00,200.00,191.00,200.00
188.00,149.00,279.00,149.00,279.00,202.00,188.00,202.00
189.00,149.00,278.00,149.00,278.00,201.00,189.00,201.00
187.00,150.00,277.00,150.00,277.00,203.00,187.00,203.00
187.00,151.00,275.00,151.00,275.00,203.00,187.00,203.00
185.00,152.00,275.00,152.00,275.00,204.00,185.00,204.00
185.00,154.00,274.00,154.00,274.00,206.00,185.00,206.00
182.00,154.00,273.00,154.00,273.00,207.00,182.00,207.00
179.00,157.00,273.00,157.00,273.00,211.00,179.00,211.00
180.00,159.00,270.00,159.00,270.00,213.00,180.00,213.00
177.00,160.00,269.00,160.00,269.00,214.00,177.00,214.00
174.00,160.00,268.00,160.00,268.00,215.00,174.00,215.00
174.00,161.00,265.00,161.00,265.00,214.00,174.00,214.00
172.00,161.00,264.00,161.00,264.00,215.00,172.00,215.00
171.00,163.00,262.00,163.00,262.00,216.00,171.00,216.00
167.00,162.00,260.00,162.00,260.00,217.00,167.00,217.00
165.00,163.00,259.00,163.00,259.00,218.00,165.00,218.00
164.00,164.00,257.00,164.00,257.00,219.00,164.00,219.00
161.00,165.00,254.00,165.00,254.00,219.00,161.00,219.00
160.00,166.00,251.00,166.00,251.00,219.00,160.00,219.00
158.00,167.00,246.00,167.00,246.00,218.00,158.00,218.00
157.00,168.00,243.00,168.00,243.00,218.00,157.00,218.00
154.00,169.00,243.00,169.00,243.00,221.00,154.00,221.00
153.00,170.00,242.00,170.00,242.00,222.00,153.00,222.00
154.00,170.00,241.00,170.00,241.00,221.00,154.00,221.00
154.00,172.00,240.00,172.00,240.00,222.00,154.00,222.00
153.00,171.00,239.00,171.00,239.00,221.00,153.00,221.00
151.00,169.00,238.00,169.00,238.00,220.00,151.00,220.00
148.00,168.00,238.00,168.00,238.00,220.00,148.00,220.00
149.00,167.00,236.00,167.00,236.00,218.00,149.00,218.00
147.00,165.00,236.00,165.00,236.00,218.00,147.00,218.00
148.00,166.00,235.00,166.00,235.00,217.00,148.00,217.00
148.00,165.00,235.00,165.00,235.00,216.00,148.00,216.00
149.00,167.00,234.00,167.00,234.00,216.00,149.00,216.00
149.00,167.00,234.00,167.00,234.00,217.00,149.00,217.00
149.00,168.00,233.00,168.00,233.00,217.00,149.00,217.00
150.00,168.00,232.00,168.00,232.00,216.00,150.00,216.00
151.00,168.00,232.00,168.00,232.00,216.00,151.00,216.00
151.00,168.00,232.00,168.00,232.00,216.00,151.00,216.00
151.00,168.00,233.00,168.00,233.00,216.00,151.00,216.00
151.00,168.00,234.00,168.00,234.00,217.00,151.00,217.00
152.00,168.00,234.00,168.00,234.00,215.00,152.00,215.00
155.00,168.00,233.00,168.00,233.00,214.00,155.00,214.00
156.00,169.00,235.00,169.00,235.00,215.00,156.00,215.00
155.00,168.00,236.00,168.00,236.00,216.00,155.00,216.00
154.00,168.00,238.00,168.00,238.00,217.00,154.00,217.00
154.00,168.00,239.00,168.00,239.00,217.00,154.00,217.00
155.00,168.00,238.00,168.00,238.00,217.00,155.00,217.00
155.00,168.00,239.00,168.00,239.00,217.00,155.00,217.00
154.00,168.00,239.00,168.00,239.00,218.00,154.00,218.00
155.00,169.00,238.00,169.00,238.00,217.00,155.00,217.00
155.00,170.00,239.00,170.00,239.00,219.00,155.00,219.00
155.00,169.00,239.00,169.00,239.00,218.00,155.00,218.00
156.00,169.00,238.00,169.00,238.00,217.00,156.00,217.00
158.00,169.00,237.00,169.00,237.00,215.00,158.00,215.00
158.00,169.00,236.00,169.00,236.00,215.00,158.00,215.00
156.00,169.00,237.00,169.00,237.00,216.00,156.00,216.00
156.00,168.00,235.00,168.00,235.00,214.00,156.00,214.00
155.00,168.00,234.00,168.00,234.00,214.00,155.00,214.00
152.00,168.00,233.00,168.00,233.00,215.00,152.00,215.00
152.00,168.00,231.00,168.00,231.00,214.00,152.00,214.00
151.00,168.00,230.00,168.00,230.00,214.00,151.00,214.00
151.00,169.00,229.00,169.00,229.00,214.00,151.00,214.00
150.00,169.00,226.00,169.00,226.00,213.00,150.00,213.00
148.00,169.00,225.00,169.00,225.00,214.00,148.00,214.00
147.00,169.00,222.00,169.00,222.00,213.00,147.00,213.00
146.00,169.00,219.00,169.00,219.00,211.00,146.00,211.00
143.00,169.00,217.00,169.00,217.00,212.00,143.00,212.00
142.00,169.00,216.00,169.00,216.00,212.00,142.00,212.00
142.00,169.00,213.00,169.00,213.00,210.00,142.00,210.00
141.00,169.00,212.00,169.00,212.00,211.00,141.00,211.00
138.00,168.00,211.00,168.00,211.00,211.00,138.00,211.00
138.00,169.00,210.00,169.00,210.00,211.00,138.00,211.00
137.00,169.00,209.00,169.00,209.00,211.00,137.00,211.00
137.00,170.00,207.00,170.00,207.00,211.00,137.00,211.00
136.00,170.00,204.00,170.00,204.00,210.00,136.00,210.00
134.00,170.00,203.00,170.00,203.00,210.00,134.00,210.00
134.00,171.00,201.00,171.00,201.00,210.00,134.00,210.00
134.00,171.00,199.00,171.00,199.00,209.00,134.00,209.00
133.00,171.00,197.00,171.00,197.00,208.00,133.00,208.00
133.00,174.00,195.00,174.00,195.00,210.00,133.00,210.00
133.00,175.00,193.00,175.00,193.00,210.00,133.00,210.00
133.00,174.00,191.00,174.00,191.00,208.00,133.00,208.00
135.00,172.00,192.00,172.00,192.00,205.00,135.00,205.00
137.00,174.00,192.00,174.00,192.00,206.00,137.00,206.00
138.00,174.00,192.00,174.00,192.00,206.00,138.00,206.00
141.00,173.00,193.00,173.00,193.00,203.00,141.00,203.00
142.00,173.00,193.00,173.00,193.00,203.00,142.00,203.00
144.00,174.00,193.00,174.00,193.00,202.00,144.00,202.00
148.00,176.00,196.00,176.00,196.00,204.00,148.00,204.00
149.00,176.00,197.00,176.00,197.00,204.00,149.00,204.00
151.00,177.00,198.00,177.00,198.00,204.00,151.00,204.00
153.00,179.00,198.00,179.00,198.00,205.00,153.00,205.00
155.00,180.00,199.00,180.00,199.00,205.00,155.00,205.00
156.00,181.00,199.00,181.00,199.00,205.00,156.00,205.00
157.00,181.00,199.00,181.00,199.00,205.00,157.00,205.00
158.00,181.00,198.00,181.00,198.00,204.00,158.00,204.00
157.00,182.00,197.00,182.00,197.00,204.00,157.00,204.00
158.00,182.00,197.00,182.00,197.00,205.00,158.00,205.00
159.00,184.00,196.00,184.00,196.00,206.00,159.00,206.00
160.00,184.00,196.00,184.00,196.00,205.00,160.00,205.00
159.00,182.00,196.00,182.00,196.00,203.00,159.00,203.00
158.00,182.00,196.00,182.00,196.00,204.00,158.00,204.00
159.00,183.00,197.00,183.00,197.00,205.00,159.00,205.00
159.00,182.00,198.00,182.00,198.00,205.00,159.00,205.00
159.00,183.00,198.00,183.00,198.00,206.00,159.00,206.00
160.00,183.00,198.00,183.00,198.00,205.00,160.00,205.00
160.00,183.00,198.00,183.00,198.00,205.00,160.00,205.00
160.00,183.00,199.00,183.00,199.00,206.00,160.00,206.00
160.00,184.00,198.00,184.00,198.00,206.00,160.00,206.00
160.00,183.00,199.00,183.00,199.00,206.00,160.00,206.00
159.00,185.00,198.00,185.00,198.00,208.00,159.00,208.00
158.00,186.00,198.00,186.00,198.00,209.00,158.00,209.00
159.00,184.00,199.00,184.00,199.00,207.00,159.00,207.00
159.00,184.00,199.00,184.00,199.00,207.00,159.00,207.00
160.00,182.00,201.00,182.00,201.00,206.00,160.00,206.00
162.00,183.00,201.00,183.00,201.00,206.00,162.00,206.00
163.00,183.00,202.00,183.00,202.00,206.00,163.00,206.00
165.00,184.00,203.00,184.00,203.00,206.00,165.00,206.00
165.00,184.00,203.00,184.00,203.00,206.00,165.00,206.00
166.00,185.00,204.00,185.00,204.00,207.00,166.00,207.00
166.00,185.00,204.00,185.00,204.00,207.00,166.00,207.00
168.00,185.00,205.00,185.00,205.00,207.00,168.00,207.00
167.00,185.00,206.00,185.00,206.00,207.00,167.00,207.00
167.00,185.00,206.00,185.00,206.00,207.00,167.00,207.00
169.00,184.00,208.00,184.00,208.00,207.00,169.00,207.00
170.00,185.00,210.00,185.00,210.00,208.00,170.00,208.00
170.00,182.00,211.00,182.00,211.00,206.00,170.00,206.00
171.00,182.00,213.00,182.00,213.00,206.00,171.00,206.00
173.00,182.00,215.00,182.00,215.00,207.00,173.00,207.00
174.00,181.00,217.00,181.00,217.00,206.00,174.00,206.00
175.00,180.00,218.00,180.00,218.00,205.00,175.00,205.00
177.00,180.00,222.00,180.00,222.00,206.00,177.00,206.00
180.00,181.00,224.00,181.00,224.00,206.00,180.00,206.00
181.00,181.00,226.00,181.00,226.00,207.00,181.00,207.00
182.00,180.00,228.00,180.00,228.00,207.00,182.00,207.00
182.00,180.00,228.00,180.00,228.00,207.00,182.00,207.00
181.00,178.00,229.00,178.00,229.00,206.00,181.00,206.00
183.00,179.00,231.00,179.00,231.00,207.00,183.00,207.00
183.00,180.00,231.00,180.00,231.00,208.00,183.00,208.00
181.00,179.00,231.00,179.00,231.00,208.00,181.00,208.00
183.00,180.00,231.00,180.00,231.00,208.00,183.00,208.00
181.00,179.00,231.00,179.00,231.00,208.00,181.00,208.00
180.00,180.00,231.00,180.00,231.00,210.00,180.00,210.00
181.00,181.00,233.00,181.00,233.00,211.00,181.00,211.00
180.00,180.00,234.00,180.00,234.00,212.00,180.00,212.00
178.00,180.00,234.00,180.00,234.00,212.00,178.00,212.00
177.00,179.00,234.00,179.00,234.00,212.00,177.00,212.00
174.00,178.00,233.00,178.00,233.00,212.00,174.00,212.00
173.00,178.00,234.00,178.00,234.00,214.00,173.00,214.00
176.00,178.00,236.00,178.00,236.00,213.00,176.00,213.00
177.00,178.00,236.00,178.00,236.00,212.00,177.00,212.00
179.00,178.00,240.00,178.00,240.00,213.00,179.00,213.00
179.00,177.00,241.00,177.00,241.00,213.00,179.00,213.00
180.00,177.00,243.00,177.00,243.00,213.00,180.00,213.00
186.00,177.00,247.00,177.00,247.00,212.00,186.00,212.00
187.00,177.00,249.00,177.00,249.00,213.00,187.00,213.00
190.00,176.00,252.00,176.00,252.00,212.00,190.00,212.00
192.00,178.00,253.00,178.00,253.00,214.00,192.00,214.00
192.00,180.00,254.00,180.00,254.00,216.00,192.00,216.00
195.00,182.00,255.00,182.00,255.00,217.00,195.00,217.00
195.00,183.00,256.00,183.00,256.00,219.00,195.00,219.00
195.00,185.00,257.00,185.00,257.00,221.00,195.00,221.00
196.00,187.00,256.00,187.00,256.00,222.00,196.00,222.00
198.00,188.00,257.00,188.00,257.00,223.00,198.00,223.00
196.00,189.00,257.00,189.00,257.00,225.00,196.00,225.00
194.00,191.00,256.00,191.00,256.00,227.00,194.00,227.00
192.00,192.00,256.00,192.00,256.00,229.00,192.00,229.00
192.00,194.00,256.00,194.00,256.00,231.00,192.00,231.00
192.00,196.00,256.00,196.00,256.00,232.00,192.00,232.00
192.00,196.00,255.00,196.00,255.00,233.00,192.00,233.00
192.00,198.00,253.00,198.00,253.00,233.00,192.00,233.00
193.00,199.00,252.00,199.00,252.00,233.00,193.00,233.00
194.00,200.00,252.00,200.00,252.00,234.00,194.00,234.00
195.00,201.00,251.00,201.00,251.00,234.00,195.00,234.00
196.00,202.00,252.00,202.00,252.00,234.00,196.00,234.00
196.00,201.00,252.00,201.00,252.00,234.00,196.00,234.00
193.00,202.00,251.00,202.00,251.00,235.00,193.00,235.00
191.00,202.00,249.00,202.00,249.00,236.00,191.00,236.00
193.00,202.00,250.00,202.00,250.00,235.00,193.00,235.00
194.00,202.00,252.00,202.00,252.00,235.00,194.00,235.00
196.00,201.00,255.00,201.00,255.00,235.00,196.00,235.00
204.00,203.00,262.00,203.00,262.00,236.00,204.00,236.00
193.00,203.00,252.00,203.00,252.00,237.00,193.00,237.00
193.00,204.00,253.00,204.00,253.00,239.00,193.00,239.00
191.00,204.00,253.00,204.00,253.00,240.00,191.00,240.00
191.00,204.00,253.00,204.00,253.00,240.00,191.00,240.00
191.00,205.00,252.00,205.00,252.00,241.00,191.00,241.00
193.00,205.00,252.00,205.00,252.00,240.00,193.00,240.00
192.00,206.00,252.00,206.00,252.00,241.00,192.00,241.00
192.00,207.00,252.00,207.00,252.00,242.00,192.00,242.00
193.00,207.00,253.00,207.00,253.00,242.00,193.00,242.00
193.00,207.00,253.00,207.00,253.00,242.00,193.00,242.00
191.00,208.00,252.00,208.00,252.00,244.00,191.00,244.00
191.00,207.00,252.00,207.00,252.00,243.00,191.00,243.00
192.00,208.00,251.00,208.00,251.00,243.00,192.00,243.00
193.00,208.00,253.00,208.00,253.00,243.00,193.00,243.00
194.00,208.00,252.00,208.00,252.00,242.00,194.00,242.00
195.00,209.00,253.00,209.00,253.00,242.00,195.00,242.00
194.00,209.00,253.00,209.00,253.00,244.00,194.00,244.00
194.00,209.00,254.00,209.00,254.00,244.00,194.00,244.00
194.00,210.00,253.00,210.00,253.00,245.00,194.00,245.00
194.00,211.00,255.00,211.00,255.00,246.00,194.00,246.00
189.00,211.00,248.00,211.00,248.00,245.00,189.00,245.00
189.00,211.00,248.00,211.00,248.00,245.00,189.00,245.00
191.00,211.00,250.00,211.00,250.00,245.00,191.00,245.00
191.00,210.00,250.00,210.00,250.00,245.00,191.00,245.00
189.00,211.00,248.00,211.00,248.00,245.00,189.00,245.00
188.00,211.00,245.00,211.00,245.00,244.00,188.00,244.00
190.00,212.00,245.00,212.00,245.00,245.00,190.00,245.00
190.00,213.00,245.00,213.00,245.00,245.00,190.00,245.00
189.00,213.00,245.00,213.00,245.00,246.00,189.00,246.00
191.00,213.00,247.00,213.00,247.00,245.00,191.00,245.00
191.00,213.00,249.00,213.00,249.00,247.00,191.00,247.00
193.00,213.00,250.00,213.00,250.00,247.00,193.00,247.00
192.00,214.00,248.00,214.00,248.00,246.00,192.00,246.00
192.00,214.00,247.00,214.00,247.00,246.00,192.00,246.00
193.00,214.00,248.00,214.00,248.00,246.00,193.00,246.00
189.00,213.00,242.00,213.00,242.00,244.00,189.00,244.00
189.00,214.00,241.00,214.00,241.00,244.00,189.00,244.00
185.00,212.00,236.00,212.00,236.00,241.00,185.00,241.00
186.00,213.00,235.00,213.00,235.00,241.00,186.00,241.00
187.00,213.00,235.00,213.00,235.00,241.00,187.00,241.00
187.00,214.00,235.00,214.00,235.00,241.00,187.00,241.00
187.00,212.00,233.00,212.00,233.00,239.00,187.00,239.00
185.00,211.00,231.00,211.00,231.00,238.00,185.00,238.00
187.00,211.00,231.00,211.00,231.00,237.00,187.00,237.00
188.00,211.00,232.00,211.00,232.00,237.00,188.00,237.00
187.00,211.00,230.00,211.00,230.00,235.00,187.00,235.00
187.00,209.00,228.00,209.00,228.00,233.00,187.00,233.00
185.00,209.00,225.00,209.00,225.00,232.00,185.00,232.00
182.00,209.00,222.00,209.00,222.00,232.00,182.00,232.00
181.00,209.00,220.00,209.00,220.00,232.00,181.00,232.00
180.00,207.00,219.00,207.00,219.00,230.00,180.00,230.00
181.00,207.00,221.00,207.00,221.00,230.00,181.00,230.00
183.00,208.00,222.00,208.00,222.00,231.00,183.00,231.00
186.00,208.00,224.00,208.00,224.00,230.00,186.00,230.00
191.00,208.00,227.00,208.00,227.00,229.00,191.00,229.00
196.00,211.00,232.00,211.00,232.00,233.00,196.00,233.00
198.00,210.00,235.00,210.00,235.00,232.00,198.00,232.00
203.00,209.00,240.00,209.00,240.00,230.00,203.00,230.00
205.00,210.00,243.00,210.00,243.00,232.00,205.00,232.00
201.00,214.00,240.00,214.00,240.00,236.00,201.00,236.00
206.00,214.00,245.00,214.00,245.00,236.00,206.00,236.00
206.00,217.00,245.00,217.00,245.00,239.00,206.00,239.00
208.00,211.00,248.00,211.00,248.00,234.00,208.00,234.00
208.00,213.00,248.00,213.00,248.00,236.00,208.00,236.00
206.00,211.00,248.00,211.00,248.00,235.00,206.00,235.00
204.00,210.00,246.00,210.00,246.00,234.00,204.00,234.00
204.00,209.00,247.00,209.00,247.00,234.00,204.00,234.00
205.00,207.00,248.00,207.00,248.00,232.00,205.00,232.00
205.00,205.00,250.00,205.00,250.00,231.00,205.00,231.00
204.00,204.00,250.00,204.00,250.00,231.00,204.00,231.00
205.00,203.00,251.00,203.00,251.00,230.00,205.00,230.00
205.00,203.00,251.00,203.00,251.00,229.00,205.00,229.00
205.00,202.00,252.00,202.00,252.00,229.00,205.00,229.00
206.00,200.00,253.00,200.00,253.00,228.00,206.00,228.00
206.00,201.00,255.00,201.00,255.00,229.00,206.00,229.00
207.00,200.00,256.00,200.00,256.00,229.00,207.00,229.00
206.00,199.00,256.00,199.00,256.00,228.00,206.00,228.00
209.00,200.00,258.00,200.00,258.00,229.00,209.00,229.00
208.00,199.00,258.00,199.00,258.00,228.00,208.00,228.00
212.00,199.00,263.00,199.00,263.00,229.00,212.00,229.00
212.00,199.00,264.00,199.00,264.00,230.00,212.00,230.00
213.00,199.00,265.00,199.00,265.00,230.00,213.00,230.00
215.00,199.00,268.00,199.00,268.00,230.00,215.00,230.00
216.00,199.00,267.00,199.00,267.00,229.00,216.00,229.00
215.00,200.00,268.00,200.00,268.00,230.00,215.00,230.00
216.00,199.00,269.00,199.00,269.00,230.00,216.00,230.00
216.00,199.00,271.00,199.00,271.00,230.00,216.00,230.00
216.00,198.00,271.00,198.00,271.00,230.00,216.00,230.00
221.00,198.00,274.00,198.00,274.00,229.00,221.00,229.00
225.00,198.00,276.00,198.00,276.00,228.00,225.00,228.00
226.00,198.00,278.00,198.00,278.00,228.00,226.00,228.00
227.00,198.00,279.00,198.00,279.00,228.00,227.00,228.00
232.00,197.00,282.00,197.00,282.00,227.00,232.00,227.00
235.00,199.00,284.00,199.00,284.00,227.00,235.00,227.00
235.00,199.00,284.00,199.00,284.00,227.00,235.00,227.00
238.00,199.00,285.00,199.00,285.00,226.00,238.00,226.00
238.00,199.00,287.00,199.00,287.00,228.00,238.00,228.00
240.00,199.00,290.00,199.00,290.00,228.00,240.00,228.00
241.00,199.00,292.00,199.00,292.00,229.00,241.00,229.00
245.00,200.00,295.00,200.00,295.00,229.00,245.00,229.00
249.00,200.00,298.00,200.00,298.00,228.00,249.00,228.00
253.00,200.00,301.00,200.00,301.00,228.00,253.00,228.00
255.00,199.00,303.00,199.00,303.00,227.00,255.00,227.00
256.00,198.00,305.00,198.00,305.00,227.00,256.00,227.00
258.00,198.00,306.00,198.00,306.00,226.00,258.00,226.00
260.00,197.00,308.00,197.00,308.00,225.00,260.00,225.00
261.00,197.00,309.00,197.00,309.00,225.00,261.00,225.00
263.00,196.00,310.00,196.00,310.00,223.00,263.00,223.00
263.00,196.00,311.00,196.00,311.00,223.00,263.00,223.00
263.00,194.00,313.00,194.00,313.00,223.00,263.00,223.00
264.00,194.00,314.00,194.00,314.00,224.00,264.00,224.00
265.00,194.00,316.00,194.00,316.00,223.00,265.00,223.00
269.00,195.00,318.00,195.00,318.00,223.00,269.00,223.00
270.00,194.00,320.00,194.00,320.00,223.00,270.00,223.00
273.00,195.00,322.00,195.00,322.00,224.00,273.00,224.00
275.00,196.00,325.00,196.00,325.00,225.00,275.00,225.00
276.00,197.00,326.00,197.00,326.00,226.00,276.00,226.00
278.00,197.00,328.00,197.00,328.00,227.00,278.00,227.00
280.00,198.00,330.00,198.00,330.00,227.00,280.00,227.00
281.00,198.00,331.00,198.00,331.00,228.00,281.00,228.00
283.00,199.00,333.00,199.00,333.00,228.00,283.00,228.00
284.00,199.00,334.00,199.00,334.00,229.00,284.00,229.00
286.00,199.00,337.00,199.00,337.00,229.00,286.00,229.00
288.00,200.00,339.00,200.00,339.00,229.00,288.00,229.00
291.00,201.00,341.00,201.00,341.00,230.00,291.00,230.00
292.00,201.00,344.00,201.00,344.00,231.00,292.00,231.00
295.00,201.00,347.00,201.00,347.00,232.00,295.00,232.00
298.00,202.00,350.00,202.00,350.00,233.00,298.00,233.00
300.00,203.00,353.00,203.00,353.00,234.00,300.00,234.00
304.00,204.00,356.00,204.00,356.00,234.00,304.00,234.00
306.00,204.00,358.00,204.00,358.00,235.00,306.00,235.00
307.00,204.00,360.00,204.00,360.00,235.00,307.00,235.00
310.00,204.00,363.00,204.00,363.00,235.00,310.00,235.00
313.00,205.00,364.00,205.00,364.00,235.00,313.00,235.00
315.00,205.00,367.00,205.00,367.00,235.00,315.00,235.00
317.00,205.00,368.00,205.00,368.00,234.00,317.00,234.00
319.00,204.00,370.00,204.00,370.00,234.00,319.00,234.00
321.00,204.00,372.00,204.00,372.00,233.00,321.00,233.00
323.00,203.00,376.00,203.00,376.00,234.00,323.00,234.00
325.00,202.00,377.00,202.00,377.00,232.00,325.00,232.00
326.00,199.00,377.00,199.00,377.00,229.00,326.00,229.00
328.00,197.00,379.00,197.00,379.00,226.00,328.00,226.00
329.00,195.00,380.00,195.00,380.00,224.00,329.00,224.00
330.00,193.00,381.00,193.00,381.00,223.00,330.00,223.00
333.00,191.00,382.00,191.00,382.00,220.00,333.00,220.00
335.00,190.00,384.00,190.00,384.00,218.00,335.00,218.00
337.00,189.00,385.00,189.00,385.00,217.00,337.00,217.00
338.00,188.00,387.00,188.00,387.00,217.00,338.00,217.00
338.00,187.00,388.00,187.00,388.00,216.00,338.00,216.00
340.00,186.00,389.00,186.00,389.00,215.00,340.00,215.00
341.00,184.00,391.00,184.00,391.00,213.00,341.00,213.00
341.00,183.00,393.00,183.00,393.00,213.00,341.00,213.00
342.00,181.00,395.00,181.00,395.00,212.00,342.00,212.00
344.00,181.00,396.00,181.00,396.00,211.00,344.00,211.00
345.00,181.00,397.00,181.00,397.00,211.00,345.00,211.00
346.00,180.00,398.00,180.00,398.00,210.00,346.00,210.00
348.00,180.00,399.00,180.00,399.00,210.00,348.00,210.00
349.00,180.00,401.00,180.00,401.00,210.00,349.00,210.00
350.00,179.00,401.00,179.00,401.00,209.00,350.00,209.00
352.00,179.00,402.00,179.00,402.00,208.00,352.00,208.00
353.00,179.00,403.00,179.00,403.00,208.00,353.00,208.00
352.00,178.00,405.00,178.00,405.00,209.00,352.00,209.00
354.00,177.00,406.00,177.00,406.00,208.00,354.00,208.00
354.00,178.00,407.00,178.00,407.00,208.00,354.00,208.00
354.00,177.00,407.00,177.00,407.00,208.00,354.00,208.00
355.00,177.00,408.00,177.00,408.00,207.00,355.00,207.00
355.00,177.00,408.00,177.00,408.00,208.00,355.00,208.00
357.00,177.00,409.00,177.00,409.00,206.00,357.00,206.00
357.00,176.00,410.00,176.00,410.00,207.00,357.00,207.00
356.00,176.00,410.00,176.00,410.00,207.00,356.00,207.00
356.00,176.00,410.00,176.00,410.00,207.00,356.00,207.00
358.00,176.00,410.00,176.00,410.00,206.00,358.00,206.00
358.00,175.00,409.00,175.00,409.00,205.00,358.00,205.00
359.00,175.00,410.00,175.00,410.00,204.00,359.00,204.00
358.00,175.00,411.00,175.00,411.00,206.00,358.00,206.00
359.00,175.00,411.00,175.00,411.00,205.00,359.00,205.00
359.00,175.00,411.00,175.00,411.00,205.00,359.00,205.00
361.00,174.00,412.00,174.00,412.00,203.00,361.00,203.00
362.00,173.00,412.00,173.00,412.00,203.00,362.00,203.00
362.00,174.00,412.00,174.00,412.00,203.00,362.00,203.00
363.00,174.00,412.00,174.00,412.00,202.00,363.00,202.00
363.00,174.00,412.00,174.00,412.00,203.00,363.00,203.00
363.00,174.00,412.00,174.00,412.00,203.00,363.00,203.00
361.00,174.00,411.00,174.00,411.00,203.00,361.00,203.00
361.00,174.00,412.00,174.00,412.00,203.00,361.00,203.00
360.00,174.00,411.00,174.00,411.00,203.00,360.00,203.00
360.00,174.00,412.00,174.00,412.00,204.00,360.00,204.00
359.00,175.00,413.00,175.00,413.00,206.00,359.00,206.00
360.00,176.00,413.00,176.00,413.00,207.00,360.00,207.00
361.00,177.00,415.00,177.00,415.00,209.00,361.00,209.00
362.00,179.00,416.00,179.00,416.00,210.00,362.00,210.00
361.00,179.00,417.00,179.00,417.00,212.00,361.00,212.00
363.00,180.00,418.00,180.00,418.00,212.00,363.00,212.00
364.00,181.00,420.00,181.00,420.00,214.00,364.00,214.00
365.00,182.00,421.00,182.00,421.00,215.00,365.00,215.00
365.00,183.00,422.00,183.00,422.00,217.00,365.00,217.00
365.00,184.00,423.00,184.00,423.00,218.00,365.00,218.00
366.00,185.00,425.00,185.00,425.00,219.00,366.00,219.00
368.00,187.00,426.00,187.00,426.00,220.00,368.00,220.00
369.00,188.00,428.00,188.00,428.00,221.00,369.00,221.00
371.00,188.00,430.00,188.00,430.00,223.00,371.00,223.00
374.00,188.00,433.00,188.00,433.00,223.00,374.00,223.00
377.00,189.00,435.00,189.00,435.00,223.00,377.00,223.00
378.00,189.00,437.00,189.00,437.00,223.00,378.00,223.00
382.00,189.00,440.00,189.00,440.00,222.00,382.00,222.00
384.00,188.00,443.00,188.00,443.00,223.00,384.00,223.00
388.00,188.00,447.00,188.00,447.00,222.00,388.00,222.00
392.00,189.00,449.00,189.00,449.00,222.00,392.00,222.00
394.00,188.00,453.00,188.00,453.00,222.00,394.00,222.00
398.00,188.00,458.00,188.00,458.00,222.00,398.00,222.00
404.00,187.00,462.00,187.00,462.00,221.00,404.00,221.00
407.00,187.00,466.00,187.00,466.00,222.00,407.00,222.00
409.00,187.00,469.00,187.00,469.00,222.00,409.00,222.00
413.00,187.00,471.00,187.00,471.00,220.00,413.00,220.00
416.00,186.00,472.00,186.00,472.00,219.00,416.00,219.00
418.00,186.00,474.00,186.00,474.00,218.00,418.00,218.00
420.00,185.00,475.00,185.00,475.00,217.00,420.00,217.00
424.00,184.00,477.00,184.00,477.00,215.00,424.00,215.00
426.00,183.00,477.00,183.00,477.00,213.00,426.00,213.00
426.00,182.00,478.00,182.00,478.00,212.00,426.00,212.00
425.00,181.00,477.00,181.00,477.00,211.00,425.00,211.00
425.00,180.00,476.00,180.00,476.00,209.00,425.00,209.00
426.00,178.00,476.00,178.00,476.00,207.00,426.00,207.00
428.00,179.00,476.00,179.00,476.00,206.00,428.00,206.00
427.00,177.00,475.00,177.00,475.00,205.00,427.00,205.00
426.00,177.00,474.00,177.00,474.00,204.00,426.00,204.00
424.00,175.00,471.00,175.00,471.00,203.00,424.00,203.00
423.00,175.00,470.00,175.00,470.00,202.00,423.00,202.00
423.00,175.00,469.00,175.00,469.00,201.00,423.00,201.00
422.00,175.00,468.00,175.00,468.00,201.00,422.00,201.00
418.00,173.00,465.00,173.00,465.00,200.00,418.00,200.00
416.00,173.00,464.00,173.00,464.00,200.00,416.00,200.00
415.00,173.00,464.00,173.00,464.00,202.00,415.00,202.00
415.00,172.00,462.00,172.00,462.00,199.00,415.00,199.00
414.00,172.00,461.00,172.00,461.00,199.00,414.00,199.00
413.00,172.00,462.00,172.00,462.00,200.00,413.00,200.00
413.00,171.00,463.00,171.00,463.00,200.00,413.00,200.00
414.00,171.00,463.00,171.00,463.00,199.00,414.00,199.00
415.00,170.00,465.00,170.00,465.00,199.00,415.00,199.00
419.00,170.00,467.00,170.00,467.00,198.00,419.00,198.00
422.00,170.00,469.00,170.00,469.00,197.00,422.00,197.00
424.00,169.00,471.00,169.00,471.00,196.00,424.00,196.00
427.00,168.00,473.00,168.00,473.00,195.00,427.00,195.00
430.00,167.00,475.00,167.00,475.00,193.00,430.00,193.00
432.00,167.00,477.00,167.00,477.00,193.00,432.00,193.00
435.00,167.00,479.00,167.00,479.00,192.00,435.00,192.00
437.00,167.00,481.00,167.00,481.00,192.00,437.00,192.00
440.00,166.00,483.00,166.00,483.00,191.00,440.00,191.00
442.00,166.00,485.00,166.00,485.00,191.00,442.00,191.00
441.00,165.00,485.00,165.00,485.00,191.00,441.00,191.00
442.00,165.00,485.00,165.00,485.00,190.00,442.00,190.00
443.00,166.00,485.00,166.00,485.00,190.00,443.00,190.00
442.00,165.00,484.00,165.00,484.00,189.00,442.00,189.00
441.00,164.00,482.00,164.00,482.00,188.00,441.00,188.00
439.00,163.00,478.00,163.00,478.00,186.00,439.00,186.00
437.00,163.00,477.00,163.00,477.00,186.00,437.00,186.00
437.00,163.00,475.00,163.00,475.00,185.00,437.00,185.00
433.00,165.00,472.00,165.00,472.00,188.00,433.00,188.00
430.00,160.00,468.00,160.00,468.00,182.00,430.00,182.00
430.00,162.00,468.00,162.00,468.00,184.00,430.00,184.00
425.00,160.00,464.00,160.00,464.00,182.00,425.00,182.00
423.00,161.00,463.00,161.00,463.00,184.00,423.00,184.00
421.00,159.00,460.00,159.00,460.00,182.00,421.00,182.00
420.00,160.00,458.00,160.00,458.00,182.00,420.00,182.00
417.00,158.00,455.00,158.00,455.00,180.00,417.00,180.00
415.00,158.00,452.00,158.00,452.00,180.00,415.00,180.00
412.00,159.00,449.00,159.00,449.00,180.00,412.00,180.00
410.00,160.00,448.00,160.00,448.00,182.00,410.00,182.00
409.00,161.00,445.00,161.00,445.00,182.00,409.00,182.00
406.00,160.00,442.00,160.00,442.00,181.00,406.00,181.00
406.00,165.00,443.00,165.00,443.00,186.00,406.00,186.00
401.00,161.00,438.00,161.00,438.00,182.00,401.00,182.00
400.00,161.00,435.00,161.00,435.00,181.00,400.00,181.00
398.00,162.00,434.00,162.00,434.00,183.00,398.00,183.00
397.00,163.00,433.00,163.00,433.00,184.00,397.00,184.00
394.00,163.00,432.00,163.00,432.00,184.00,394.00,184.00
393.00,163.00,431.00,163.00,431.00,184.00,393.00,184.00
392.00,162.00,430.00,162.00,430.00,184.00,392.00,184.00
391.00,163.00,429.00,163.00,429.00,186.00,391.00,186.00
388.00,162.00,428.00,162.00,428.00,185.00,388.00,185.00
388.00,162.00,428.00,162.00,428.00,185.00,388.00,185.00
388.00,163.00,427.00,163.00,427.00,186.00,388.00,186.00
389.00,162.00,427.00,162.00,427.00,184.00,389.00,184.00
390.00,163.00,428.00,163.00,428.00,185.00,390.00,185.00
391.00,163.00,428.00,163.00,428.00,184.00,391.00,184.00
390.00,163.00,428.00,163.00,428.00,185.00,390.00,185.00
391.00,163.00,429.00,163.00,429.00,185.00,391.00,185.00
392.00,164.00,429.00,164.00,429.00,185.00,392.00,185.00
393.00,165.00,429.00,165.00,429.00,186.00,393.00,186.00
393.00,165.00,430.00,165.00,430.00,186.00,393.00,186.00
392.00,165.00,430.00,165.00,430.00,187.00,392.00,187.00
393.00,165.00,430.00,165.00,430.00,186.00,393.00,186.00
393.00,164.00,429.00,164.00,429.00,185.00,393.00,185.00
393.00,165.00,430.00,165.00,430.00,186.00,393.00,186.00
394.00,164.00,429.00,164.00,429.00,184.00,394.00,184.00
394.00,165.00,430.00,165.00,430.00,186.00,394.00,186.00
394.00,164.00,429.00,164.00,429.00,184.00,394.00,184.00
394.00,164.00,429.00,164.00,429.00,184.00,394.00,184.00
394.00,164.00,429.00,164.00,429.00,184.00,394.00,184.00
394.00,165.00,430.00,165.00,430.00,185.00,394.00,185.00
394.00,165.00,431.00,165.00,431.00,186.00,394.00,186.00
393.00,164.00,431.00,164.00,431.00,186.00,393.00,186.00
393.00,164.00,431.00,164.00,431.00,186.00,393.00,186.00
392.00,163.00,431.00,163.00,431.00,186.00,392.00,186.00
391.00,163.00,431.00,163.00,431.00,185.00,391.00,185.00
391.00,162.00,430.00,162.00,430.00,185.00,391.00,185.00
393.00,163.00,431.00,163.00,431.00,185.00,393.00,185.00
392.00,163.00,431.00,163.00,431.00,185.00,392.00,185.00
392.00,162.00,432.00,162.00,432.00,185.00,392.00,185.00
392.00,162.00,432.00,162.00,432.00,186.00,392.00,186.00
392.00,162.00,434.00,162.00,434.00,186.00,392.00,186.00
392.00,162.00,436.00,162.00,436.00,187.00,392.00,187.00
392.00,162.00,436.00,162.00,436.00,188.00,392.00,188.00
393.00,163.00,437.00,163.00,437.00,188.00,393.00,188.00
394.00,162.00,437.00,162.00,437.00,188.00,394.00,188.00
396.00,162.00,438.00,162.00,438.00,186.00,396.00,186.00
393.00,161.00,436.00,161.00,436.00,186.00,393.00,186.00
396.00,160.00,438.00,160.00,438.00,184.00,396.00,184.00
395.00,159.00,437.00,159.00,437.00,183.00,395.00,183.00
392.00,157.00,435.00,157.00,435.00,182.00,392.00,182.00
392.00,155.00,435.00,155.00,435.00,180.00,392.00,180.00
402.00,159.00,443.00,159.00,443.00,183.00,402.00,183.00
406.00,159.00,446.00,159.00,446.00,182.00,406.00,182.00
