1
187.00,216.00,227.00,216.00,227.00,314.00,187.00,314.00
185.00,216.00,225.00,216.00,225.00,314.00,185.00,314.00
184.00,219.00,223.00,219.00,223.00,314.00,184.00,314.00
183.00,221.00,220.00,221.00,220.00,313.00,183.00,313.00
181.00,225.00,218.00,225.00,218.00,314.00,181.00,314.00
180.00,228.00,216.00,228.00,216.00,314.00,180.00,314.00
180.00,231.00,214.00,231.00,214.00,315.00,180.00,315.00
180.00,231.00,214.00,231.00,214.00,314.00,180.00,314.00
181.00,231.00,216.00,231.00,216.00,316.00,181.00,316.00
182.00,231.00,218.00,231.00,218.00,319.00,182.00,319.00
186.00,238.00,221.00,238.00,221.00,325.00,186.00,325.00
188.00,238.00,224.00,238.00,224.00,326.00,188.00,326.00
192.00,237.00,228.00,237.00,228.00,324.00,192.00,324.00
198.00,238.00,233.00,238.00,233.00,322.00,198.00,322.00
201.00,237.00,236.00,237.00,236.00,322.00,201.00,322.00
203.00,236.00,238.00,236.00,238.00,324.00,203.00,324.00
228.00,230.00,264.00,230.00,264.00,318.00,228.00,318.00
227.00,202.00,263.00,202.00,263.00,289.00,227.00,289.00
206.00,214.00,241.00,214.00,241.00,299.00,206.00,299.00
214.00,216.00,248.00,216.00,248.00,299.00,214.00,299.00
215.00,217.00,250.00,217.00,250.00,301.00,215.00,301.00
214.00,217.00,249.00,217.00,249.00,303.00,214.00,303.00
213.00,220.00,249.00,220.00,249.00,309.00,213.00,309.00
218.00,222.00,255.00,222.00,255.00,313.00,218.00,313.00
220.00,230.00,257.00,230.00,257.00,321.00,220.00,321.00
221.00,244.00,258.00,244.00,258.00,334.00,221.00,334.00
225.00,238.00,263.00,238.00,263.00,331.00,225.00,331.00
232.00,235.00,271.00,235.00,271.00,331.00,232.00,331.00
236.00,236.00,276.00,236.00,276.00,334.00,236.00,334.00
242.00,235.00,283.00,235.00,283.00,335.00,242.00,335.00
247.00,235.00,288.00,235.00,288.00,336.00,247.00,336.00
249.00,232.00,292.00,232.00,292.00,336.00,249.00,336.00
254.00,231.00,296.00,231.00,296.00,334.00,254.00,334.00
258.00,228.00,301.00,228.00,301.00,333.00,258.00,333.00
262.00,228.00,304.00,228.00,304.00,330.00,262.00,330.00
265.00,226.00,307.00,226.00,307.00,329.00,265.00,329.00
267.00,224.00,311.00,224.00,311.00,330.00,267.00,330.00
271.00,225.00,313.00,225.00,313.00,330.00,271.00,330.00
275.00,228.00,317.00,228.00,317.00,331.00,275.00,331.00
280.00,232.00,320.00,232.00,320.00,332.00,280.00,332.00
283.00,233.00,324.00,233.00,324.00,334.00,283.00,334.00
286.00,235.00,326.00,235.00,326.00,333.00,286.00,333.00
288.00,235.00,327.00,235.00,327.00,331.00,288.00,331.00
290.00,237.00,328.00,237.00,328.00,330.00,290.00,330.00
289.00,237.00,326.00,237.00,326.00,329.00,289.00,329.00
288.00,236.00,325.00,236.00,325.00,327.00,288.00,327.00
287.00,234.00,325.00,234.00,325.00,328.00,287.00,328.00
287.00,234.00,326.00,234.00,326.00,330.00,287.00,330.00
285.00,231.00,325.00,231.00,325.00,327.00,285.00,327.00
285.00,231.00,324.00,231.00,324.00,327.00,285.00,327.00
284.00,232.00,324.00,232.00,324.00,331.00,284.00,331.00
283.00,231.00,324.00,231.00,324.00,332.00,283.00,332.00
281.00,229.00,323.00,229.00,323.00,332.00,281.00,332.00
280.00,228.00,323.00,228.00,323.00,333.00,280.00,333.00
278.00,227.00,321.00,227.00,321.00,333.00,278.00,333.00
277.00,228.00,320.00,228.00,320.00,333.00,277.00,333.00
275.00,227.00,319.00,227.00,319.00,334.00,275.00,334.00
275.00,231.00,317.00,231.00,317.00,334.00,275.00,334.00
273.00,232.00,315.00,232.00,315.00,333.00,273.00,333.00
272.00,235.00,312.00,235.00,312.00,333.00,272.00,333.00
268.00,235.00,308.00,235.00,308.00,333.00,268.00,333.00
264.00,235.00,304.00,235.00,304.00,333.00,264.00,333.00
257.00,234.00,298.00,234.00,298.00,335.00,257.00,335.00
252.00,237.00,292.00,237.00,292.00,335.00,252.00,335.00
249.00,237.00,289.00,237.00,289.00,335.00,249.00,335.00
245.00,239.00,284.00,239.00,284.00,334.00,245.00,334.00
243.00,241.00,281.00,241.00,281.00,335.00,243.00,335.00
239.00,246.00,277.00,246.00,277.00,337.00,239.00,337.00
235.00,246.00,272.00,246.00,272.00,336.00,235.00,336.00
230.00,248.00,265.00,248.00,265.00,335.00,230.00,335.00
225.00,246.00,261.00,246.00,261.00,335.00,225.00,335.00
216.00,242.00,254.00,242.00,254.00,333.00,216.00,333.00
207.00,238.00,245.00,238.00,245.00,332.00,207.00,332.00
200.00,236.00,239.00,236.00,239.00,332.00,200.00,332.00
194.00,236.00,232.00,236.00,232.00,330.00,194.00,330.00
185.00,236.00,224.00,236.00,224.00,331.00,185.00,331.00
178.00,239.00,216.00,239.00,216.00,332.00,178.00,332.00
173.00,244.00,210.00,244.00,210.00,335.00,173.00,335.00
170.00,247.00,206.00,247.00,206.00,336.00,170.00,336.00
161.00,248.00,197.00,248.00,197.00,335.00,161.00,335.00
153.00,246.00,188.00,246.00,188.00,332.00,153.00,332.00
148.00,239.00,183.00,239.00,183.00,326.00,148.00,326.00
144.00,232.00,180.00,232.00,180.00,322.00,144.00,322.00
141.00,227.00,178.00,227.00,178.00,320.00,141.00,320.00
136.00,225.00,175.00,225.00,175.00,320.00,136.00,320.00
133.00,224.00,173.00,224.00,173.00,322.00,133.00,322.00
130.00,231.00,169.00,231.00,169.00,326.00,130.00,326.00
128.00,236.00,166.00,236.00,166.00,330.00,128.00,330.00
126.00,240.00,163.00,240.00,163.00,331.00,126.00,331.00
121.00,243.00,157.00,243.00,157.00,331.00,121.00,331.00
119.00,240.00,155.00,240.00,155.00,327.00,119.00,327.00
117.00,234.00,154.00,234.00,154.00,324.00,117.00,324.00
113.00,225.00,151.00,225.00,151.00,318.00,113.00,318.00
114.00,219.00,153.00,219.00,153.00,314.00,114.00,314.00
113.00,216.00,152.00,216.00,152.00,312.00,113.00,312.00
111.00,214.00,151.00,214.00,151.00,312.00,111.00,312.00
110.00,214.00,151.00,214.00,151.00,314.00,110.00,314.00
110.00,218.00,150.00,218.00,150.00,316.00,110.00,316.00
111.00,222.00,150.00,222.00,150.00,317.00,111.00,317.00
114.00,224.00,152.00,224.00,152.00,317.00,114.00,317.00
115.00,223.00,153.00,223.00,153.00,317.00,115.00,317.00
114.00,218.00,152.00,218.00,152.00,312.00,114.00,312.00
113.00,214.00,153.00,214.00,153.00,311.00,113.00,311.00
117.00,210.00,155.00,210.00,155.00,304.00,117.00,304.00
119.00,206.00,158.00,206.00,158.00,302.00,119.00,302.00
121.00,203.00,162.00,203.00,162.00,302.00,121.00,302.00
126.00,206.00,165.00,206.00,165.00,303.00,126.00,303.00
131.00,210.00,169.00,210.00,169.00,303.00,131.00,303.00
134.00,214.00,171.00,214.00,171.00,304.00,134.00,304.00
137.00,215.00,173.00,215.00,173.00,302.00,137.00,302.00
141.00,217.00,175.00,217.00,175.00,302.00,141.00,302.00
144.00,212.00,179.00,212.00,179.00,300.00,144.00,300.00
147.00,205.00,184.00,205.00,184.00,295.00,147.00,295.00
150.00,199.00,188.00,199.00,188.00,291.00,150.00,291.00
154.00,195.00,191.00,195.00,191.00,288.00,154.00,288.00
157.00,193.00,195.00,193.00,195.00,287.00,157.00,287.00
161.00,194.00,198.00,194.00,198.00,285.00,161.00,285.00
165.00,197.00,201.00,197.00,201.00,286.00,165.00,286.00
168.00,199.00,203.00,199.00,203.00,285.00,168.00,285.00
172.00,202.00,207.00,202.00,207.00,287.00,172.00,287.00
175.00,201.00,210.00,201.00,210.00,287.00,175.00,287.00
180.00,201.00,214.00,201.00,214.00,286.00,180.00,286.00
181.00,195.00,217.00,195.00,217.00,283.00,181.00,283.00
183.00,192.00,219.00,192.00,219.00,280.00,183.00,280.00
185.00,187.00,222.00,187.00,222.00,278.00,185.00,278.00
187.00,184.00,225.00,184.00,225.00,276.00,187.00,276.00
191.00,185.00,227.00,185.00,227.00,275.00,191.00,275.00
194.00,187.00,230.00,187.00,230.00,274.00,194.00,274.00
198.00,192.00,232.00,192.00,232.00,276.00,198.00,276.00
200.00,193.00,235.00,193.00,235.00,278.00,200.00,278.00
204.00,193.00,238.00,193.00,238.00,278.00,204.00,278.00
205.00,193.00,239.00,193.00,239.00,276.00,205.00,276.00
207.00,190.00,240.00,190.00,240.00,273.00,207.00,273.00
208.00,185.00,243.00,185.00,243.00,270.00,208.00,270.00
210.00,180.00,246.00,180.00,246.00,268.00,210.00,268.00
210.00,175.00,247.00,175.00,247.00,266.00,210.00,266.00
211.00,172.00,249.00,172.00,249.00,264.00,211.00,264.00
213.00,172.00,250.00,172.00,250.00,264.00,213.00,264.00
214.00,174.00,250.00,174.00,250.00,263.00,214.00,263.00
214.00,175.00,250.00,175.00,250.00,264.00,214.00,264.00
214.00,175.00,252.00,175.00,252.00,266.00,214.00,266.00
216.00,174.00,253.00,174.00,253.00,266.00,216.00,266.00
218.00,176.00,255.00,176.00,255.00,266.00,218.00,266.00
221.00,178.00,257.00,178.00,257.00,266.00,221.00,266.00
222.00,172.00,258.00,172.00,258.00,262.00,222.00,262.00
224.00,171.00,259.00,171.00,259.00,258.00,224.00,258.00
226.00,171.00,261.00,171.00,261.00,255.00,226.00,255.00
228.00,172.00,262.00,172.00,262.00,254.00,228.00,254.00
230.00,174.00,262.00,174.00,262.00,253.00,230.00,253.00
231.00,176.00,264.00,176.00,264.00,257.00,231.00,257.00
232.00,176.00,266.00,176.00,266.00,261.00,232.00,261.00
233.00,176.00,268.00,176.00,268.00,263.00,233.00,263.00
233.00,174.00,270.00,174.00,270.00,264.00,233.00,264.00
236.00,173.00,272.00,173.00,272.00,262.00,236.00,262.00
238.00,170.00,275.00,170.00,275.00,261.00,238.00,261.00
241.00,169.00,278.00,169.00,278.00,259.00,241.00,259.00
244.00,167.00,281.00,167.00,281.00,258.00,244.00,258.00
245.00,165.00,283.00,165.00,283.00,257.00,245.00,257.00
247.00,164.00,285.00,164.00,285.00,258.00,247.00,258.00
247.00,166.00,285.00,166.00,285.00,259.00,247.00,259.00
249.00,167.00,287.00,167.00,287.00,258.00,249.00,258.00
251.00,167.00,287.00,167.00,287.00,256.00,251.00,256.00
252.00,166.00,289.00,166.00,289.00,256.00,252.00,256.00
255.00,165.00,291.00,165.00,291.00,253.00,255.00,253.00
257.00,162.00,294.00,162.00,294.00,252.00,257.00,252.00
261.00,162.00,296.00,162.00,296.00,249.00,261.00,249.00
265.00,163.00,299.00,163.00,299.00,247.00,265.00,247.00
267.00,163.00,300.00,163.00,300.00,246.00,267.00,246.00
268.00,163.00,302.00,163.00,302.00,247.00,268.00,247.00
271.00,166.00,304.00,166.00,304.00,248.00,271.00,248.00
272.00,166.00,306.00,166.00,306.00,250.00,272.00,250.00
273.00,167.00,307.00,167.00,307.00,250.00,273.00,250.00
274.00,166.00,309.00,166.00,309.00,251.00,274.00,251.00
275.00,165.00,310.00,165.00,310.00,249.00,275.00,249.00
277.00,162.00,312.00,162.00,312.00,248.00,277.00,248.00
277.00,160.00,312.00,160.00,312.00,247.00,277.00,247.00
277.00,158.00,313.00,158.00,313.00,246.00,277.00,246.00
277.00,156.00,313.00,156.00,313.00,247.00,277.00,247.00
276.00,155.00,314.00,155.00,314.00,248.00,276.00,248.00
276.00,158.00,313.00,158.00,313.00,248.00,276.00,248.00
276.00,158.00,313.00,158.00,313.00,248.00,276.00,248.00
278.00,159.00,313.00,159.00,313.00,247.00,278.00,247.00
278.00,160.00,313.00,160.00,313.00,245.00,278.00,245.00
278.00,159.00,313.00,159.00,313.00,244.00,278.00,244.00
278.00,159.00,312.00,159.00,312.00,242.00,278.00,242.00
279.00,158.00,313.00,158.00,313.00,242.00,279.00,242.00
279.00,159.00,313.00,159.00,313.00,241.00,279.00,241.00
280.00,161.00,312.00,161.00,312.00,241.00,280.00,241.00
281.00,162.00,313.00,162.00,313.00,242.00,281.00,242.00
282.00,166.00,314.00,166.00,314.00,242.00,282.00,242.00
282.00,167.00,314.00,167.00,314.00,244.00,282.00,244.00
283.00,171.00,313.00,171.00,313.00,245.00,283.00,245.00
284.00,172.00,314.00,172.00,314.00,246.00,284.00,246.00
284.00,173.00,314.00,173.00,314.00,246.00,284.00,246.00
283.00,174.00,312.00,174.00,312.00,246.00,283.00,246.00
282.00,174.00,312.00,174.00,312.00,248.00,282.00,248.00
280.00,175.00,310.00,175.00,310.00,249.00,280.00,249.00
280.00,175.00,310.00,175.00,310.00,250.00,280.00,250.00
279.00,173.00,310.00,173.00,310.00,250.00,279.00,250.00
279.00,170.00,311.00,170.00,311.00,248.00,279.00,248.00
281.00,171.00,312.00,171.00,312.00,246.00,281.00,246.00
281.00,168.00,313.00,168.00,313.00,246.00,281.00,246.00
282.00,167.00,314.00,167.00,314.00,247.00,282.00,247.00
282.00,168.00,315.00,168.00,315.00,249.00,282.00,249.00
281.00,167.00,315.00,167.00,315.00,250.00,281.00,250.00
281.00,167.00,316.00,167.00,316.00,253.00,281.00,253.00
281.00,169.00,317.00,169.00,317.00,257.00,281.00,257.00
281.00,169.00,318.00,169.00,318.00,260.00,281.00,260.00
282.00,172.00,318.00,172.00,318.00,260.00,282.00,260.00
281.00,171.00,317.00,171.00,317.00,261.00,281.00,261.00
281.00,174.00,316.00,174.00,316.00,260.00,281.00,260.00
280.00,176.00,314.00,176.00,314.00,261.00,280.00,261.00
278.00,176.00,313.00,176.00,313.00,262.00,278.00,262.00
278.00,177.00,312.00,177.00,312.00,261.00,278.00,261.00
276.00,175.00,311.00,175.00,311.00,261.00,276.00,261.00
275.00,174.00,310.00,174.00,310.00,261.00,275.00,261.00
274.00,173.00,310.00,173.00,310.00,260.00,274.00,260.00
274.00,171.00,310.00,171.00,310.00,261.00,274.00,261.00
274.00,172.00,311.00,172.00,311.00,263.00,274.00,263.00
274.00,176.00,310.00,176.00,310.00,264.00,274.00,264.00
274.00,178.00,309.00,178.00,309.00,265.00,274.00,265.00
273.00,181.00,308.00,181.00,308.00,268.00,273.00,268.00
273.00,184.00,308.00,184.00,308.00,270.00,273.00,270.00
273.00,187.00,307.00,187.00,307.00,270.00,273.00,270.00
272.00,189.00,305.00,189.00,305.00,270.00,272.00,270.00
271.00,191.00,303.00,191.00,303.00,270.00,271.00,270.00
271.00,194.00,302.00,194.00,302.00,270.00,271.00,270.00
271.00,197.00,301.00,197.00,301.00,271.00,271.00,271.00
268.00,196.00,298.00,196.00,298.00,270.00,268.00,270.00
265.00,194.00,296.00,194.00,296.00,270.00,265.00,270.00
261.00,191.00,293.00,191.00,293.00,269.00,261.00,269.00
258.00,189.00,291.00,189.00,291.00,269.00,258.00,269.00
256.00,188.00,289.00,188.00,289.00,268.00,256.00,268.00
253.00,187.00,286.00,187.00,286.00,269.00,253.00,269.00
252.00,189.00,285.00,189.00,285.00,270.00,252.00,270.00
250.00,189.00,283.00,189.00,283.00,272.00,250.00,272.00
249.00,194.00,282.00,194.00,282.00,274.00,249.00,274.00
248.00,202.00,280.00,202.00,280.00,280.00,248.00,280.00
248.00,208.00,278.00,208.00,278.00,283.00,248.00,283.00
248.00,209.00,278.00,209.00,278.00,282.00,248.00,282.00
246.00,209.00,276.00,209.00,276.00,283.00,246.00,283.00
245.00,211.00,274.00,211.00,274.00,283.00,245.00,283.00
243.00,213.00,271.00,213.00,271.00,284.00,243.00,284.00
239.00,214.00,268.00,214.00,268.00,285.00,239.00,285.00
236.00,215.00,266.00,215.00,266.00,288.00,236.00,288.00
232.00,217.00,263.00,217.00,263.00,291.00,232.00,291.00
228.00,215.00,259.00,215.00,259.00,292.00,228.00,292.00
225.00,209.00,257.00,209.00,257.00,288.00,225.00,288.00
222.00,203.00,256.00,203.00,256.00,285.00,222.00,285.00
219.00,199.00,253.00,199.00,253.00,283.00,219.00,283.00
215.00,196.00,250.00,196.00,250.00,283.00,215.00,283.00
213.00,197.00,249.00,197.00,249.00,285.00,213.00,285.00
211.00,196.00,248.00,196.00,248.00,286.00,211.00,286.00
211.00,198.00,247.00,198.00,247.00,287.00,211.00,287.00
210.00,202.00,246.00,202.00,246.00,290.00,210.00,290.00
209.00,206.00,243.00,206.00,243.00,291.00,209.00,291.00
206.00,208.00,241.00,208.00,241.00,293.00,206.00,293.00
204.00,207.00,240.00,207.00,240.00,295.00,204.00,295.00
201.00,204.00,238.00,204.00,238.00,295.00,201.00,295.00
198.00,203.00,236.00,203.00,236.00,296.00,198.00,296.00
195.00,202.00,234.00,202.00,234.00,297.00,195.00,297.00
193.00,201.00,233.00,201.00,233.00,298.00,193.00,298.00
191.00,200.00,232.00,200.00,232.00,299.00,191.00,299.00
190.00,201.00,230.00,201.00,230.00,299.00,190.00,299.00
188.00,201.00,228.00,201.00,228.00,299.00,188.00,299.00
187.00,199.00,229.00,199.00,229.00,300.00,187.00,300.00
187.00,199.00,227.00,199.00,227.00,297.00,187.00,297.00
187.00,198.00,225.00,198.00,225.00,293.00,187.00,293.00
185.00,195.00,225.00,195.00,225.00,293.00,185.00,293.00
186.00,196.00,225.00,196.00,225.00,291.00,186.00,291.00
187.00,197.00,225.00,197.00,225.00,290.00,187.00,290.00
187.00,199.00,225.00,199.00,225.00,291.00,187.00,291.00
186.00,199.00,224.00,199.00,224.00,293.00,186.00,293.00
186.00,203.00,223.00,203.00,223.00,294.00,186.00,294.00
186.00,203.00,223.00,203.00,223.00,296.00,186.00,296.00
185.00,206.00,223.00,206.00,223.00,298.00,185.00,298.00
184.00,204.00,223.00,204.00,223.00,299.00,184.00,299.00
183.00,201.00,223.00,201.00,223.00,299.00,183.00,299.00
183.00,197.00,224.00,197.00,224.00,297.00,183.00,297.00
182.00,194.00,224.00,194.00,224.00,296.00,182.00,296.00
182.00,192.00,224.00,192.00,224.00,294.00,182.00,294.00
181.00,191.00,224.00,191.00,224.00,297.00,181.00,297.00
180.00,192.00,224.00,192.00,224.00,298.00,180.00,298.00
181.00,194.00,224.00,194.00,224.00,299.00,181.00,299.00
181.00,196.00,222.00,196.00,222.00,298.00,181.00,298.00
181.00,196.00,224.00,196.00,224.00,301.00,181.00,301.00
181.00,198.00,223.00,198.00,223.00,300.00,181.00,300.00
182.00,198.00,223.00,198.00,223.00,300.00,182.00,300.00
182.00,197.00,225.00,197.00,225.00,302.00,182.00,302.00
183.00,197.00,225.00,197.00,225.00,300.00,183.00,300.00
182.00,193.00,225.00,193.00,225.00,300.00,182.00,300.00
182.00,195.00,224.00,195.00,224.00,298.00,182.00,298.00
182.00,196.00,224.00,196.00,224.00,299.00,182.00,299.00
182.00,198.00,223.00,198.00,223.00,299.00,182.00,299.00
180.00,199.00,223.00,199.00,223.00,303.00,180.00,303.00
180.00,203.00,222.00,203.00,222.00,306.00,180.00,306.00
178.00,203.00,221.00,203.00,221.00,307.00,178.00,307.00
177.00,203.00,221.00,203.00,221.00,310.00,177.00,310.00
174.00,202.00,220.00,202.00,220.00,313.00,174.00,313.00
172.00,201.00,219.00,201.00,219.00,315.00,172.00,315.00
171.00,204.00,217.00,204.00,217.00,317.00,171.00,317.00
168.00,206.00,214.00,206.00,214.00,317.00,168.00,317.00
166.00,209.00,210.00,209.00,210.00,317.00,166.00,317.00
162.00,208.00,207.00,208.00,207.00,319.00,162.00,319.00
160.00,211.00,204.00,211.00,204.00,319.00,160.00,319.00
156.00,210.00,201.00,210.00,201.00,319.00,156.00,319.00
155.00,212.00,199.00,212.00,199.00,319.00,155.00,319.00
153.00,214.00,196.00,214.00,196.00,319.00,153.00,319.00
152.00,216.00,193.00,216.00,193.00,318.00,152.00,318.00
149.00,218.00,190.00,218.00,190.00,317.00,149.00,317.00
146.00,217.00,188.00,217.00,188.00,319.00,146.00,319.00
143.00,218.00,185.00,218.00,185.00,320.00,143.00,320.00
142.00,220.00,183.00,220.00,183.00,319.00,142.00,319.00
141.00,223.00,180.00,223.00,180.00,319.00,141.00,319.00
139.00,225.00,177.00,225.00,177.00,318.00,139.00,318.00
137.00,225.00,175.00,225.00,175.00,319.00,137.00,319.00
135.00,224.00,173.00,224.00,173.00,319.00,135.00,319.00
132.00,223.00,172.00,223.00,172.00,321.00,132.00,321.00
130.00,221.00,172.00,221.00,172.00,322.00,130.00,322.00
128.00,220.00,170.00,220.00,170.00,323.00,128.00,323.00
125.00,218.00,168.00,218.00,168.00,324.00,125.00,324.00
123.00,217.00,168.00,217.00,168.00,326.00,123.00,326.00
123.00,219.00,167.00,219.00,167.00,327.00,123.00,327.00
122.00,218.00,166.00,218.00,166.00,327.00,122.00,327.00
122.00,217.00,167.00,217.00,167.00,328.00,122.00,328.00
121.00,216.00,166.00,216.00,166.00,327.00,121.00,327.00
121.00,216.00,167.00,216.00,167.00,327.00,121.00,327.00
120.00,213.00,168.00,213.00,168.00,328.00,120.00,328.00
121.00,213.00,168.00,213.00,168.00,329.00,121.00,329.00
122.00,216.00,168.00,216.00,168.00,327.00,122.00,327.00
122.00,214.00,169.00,214.00,169.00,329.00,122.00,329.00
123.00,216.00,168.00,216.00,168.00,328.00,123.00,328.00
124.00,219.00,168.00,219.00,168.00,328.00,124.00,328.00
125.00,220.00,169.00,220.00,169.00,329.00,125.00,329.00
126.00,222.00,169.00,222.00,169.00,328.00,126.00,328.00
127.00,222.00,171.00,222.00,171.00,329.00,127.00,329.00
129.00,224.00,172.00,224.00,172.00,328.00,129.00,328.00
131.00,224.00,173.00,224.00,173.00,328.00,131.00,328.00
132.00,224.00,174.00,224.00,174.00,328.00,132.00,328.00
134.00,225.00,176.00,225.00,176.00,328.00,134.00,328.00
135.00,226.00,177.00,226.00,177.00,328.00,135.00,328.00
136.00,226.00,178.00,226.00,178.00,328.00,136.00,328.00
137.00,226.00,178.00,226.00,178.00,328.00,137.00,328.00
138.00,227.00,179.00,227.00,179.00,329.00,138.00,329.00
138.00,227.00,180.00,227.00,180.00,329.00,138.00,329.00
138.00,227.00,180.00,227.00,180.00,329.00,138.00,329.00
138.00,227.00,180.00,227.00,180.00,329.00,138.00,329.00
139.00,229.00,180.00,229.00,180.00,328.00,139.00,328.00
138.00,228.00,180.00,228.00,180.00,330.00,138.00,330.00
139.00,229.00,180.00,229.00,180.00,331.00,139.00,331.00
139.00,230.00,179.00,230.00,179.00,329.00,139.00,329.00
139.00,232.00,179.00,232.00,179.00,329.00,139.00,329.00
138.00,233.00,177.00,233.00,177.00,329.00,138.00,329.00
137.00,232.00,176.00,232.00,176.00,329.00,137.00,329.00
135.00,231.00,175.00,231.00,175.00,328.00,135.00,328.00
134.00,230.00,174.00,230.00,174.00,327.00,134.00,327.00
134.00,229.00,174.00,229.00,174.00,326.00,134.00,326.00
133.00,228.00,173.00,228.00,173.00,325.00,133.00,325.00
133.00,228.00,172.00,228.00,172.00,325.00,133.00,325.00
133.00,229.00,171.00,229.00,171.00,324.00,133.00,324.00
132.00,228.00,172.00,228.00,172.00,325.00,132.00,325.00
133.00,229.00,171.00,229.00,171.00,324.00,133.00,324.00
132.00,228.00,172.00,228.00,172.00,326.00,132.00,326.00
132.00,227.00,172.00,227.00,172.00,326.00,132.00,326.00
132.00,226.00,173.00,226.00,173.00,327.00,132.00,327.00
132.00,226.00,173.00,226.00,173.00,328.00,132.00,328.00
132.00,227.00,174.00,227.00,174.00,329.00,132.00,329.00
133.00,227.00,175.00,227.00,175.00,330.00,133.00,330.00
133.00,229.00,174.00,229.00,174.00,329.00,133.00,329.00
134.00,228.00,176.00,228.00,176.00,330.00,134.00,330.00
135.00,229.00,177.00,229.00,177.00,331.00,135.00,331.00
136.00,229.00,178.00,229.00,178.00,331.00,136.00,331.00
137.00,230.00,179.00,230.00,179.00,332.00,137.00,332.00
138.00,230.00,180.00,230.00,180.00,332.00,138.00,332.00
139.00,230.00,181.00,230.00,181.00,332.00,139.00,332.00
140.00,230.00,182.00,230.00,182.00,332.00,140.00,332.00
141.00,232.00,182.00,232.00,182.00,331.00,141.00,331.00
141.00,231.00,183.00,231.00,183.00,333.00,141.00,333.00
143.00,233.00,183.00,233.00,183.00,333.00,143.00,333.00
143.00,234.00,183.00,234.00,183.00,333.00,143.00,333.00
143.00,233.00,184.00,233.00,184.00,334.00,143.00,334.00
143.00,233.00,185.00,233.00,185.00,336.00,143.00,336.00
143.00,233.00,185.00,233.00,185.00,335.00,143.00,335.00
144.00,235.00,185.00,235.00,185.00,335.00,144.00,335.00
145.00,235.00,185.00,235.00,185.00,335.00,145.00,335.00
145.00,234.00,186.00,234.00,186.00,337.00,145.00,337.00
145.00,237.00,186.00,237.00,186.00,336.00,145.00,336.00
145.00,238.00,185.00,238.00,185.00,336.00,145.00,336.00
145.00,237.00,186.00,237.00,186.00,336.00,145.00,336.00
146.00,238.00,186.00,238.00,186.00,337.00,146.00,337.00
146.00,238.00,186.00,238.00,186.00,337.00,146.00,337.00
146.00,237.00,187.00,237.00,187.00,339.00,146.00,339.00
146.00,237.00,188.00,237.00,188.00,339.00,146.00,339.00
147.00,238.00,188.00,238.00,188.00,339.00,147.00,339.00
148.00,240.00,189.00,240.00,189.00,339.00,148.00,339.00
148.00,239.00,189.00,239.00,189.00,341.00,148.00,341.00
148.00,240.00,189.00,240.00,189.00,340.00,148.00,340.00
150.00,242.00,190.00,242.00,190.00,341.00,150.00,341.00
150.00,242.00,189.00,242.00,189.00,339.00,150.00,339.00
150.00,243.00,190.00,243.00,190.00,339.00,150.00,339.00
150.00,242.00,189.00,242.00,189.00,338.00,150.00,338.00
150.00,239.00,190.00,239.00,190.00,338.00,150.00,338.00
149.00,237.00,191.00,237.00,191.00,338.00,149.00,338.00
149.00,237.00,189.00,237.00,189.00,335.00,149.00,335.00
149.00,236.00,189.00,236.00,189.00,334.00,149.00,334.00
148.00,235.00,189.00,235.00,189.00,335.00,148.00,335.00
148.00,235.00,189.00,235.00,189.00,336.00,148.00,336.00
149.00,234.00,191.00,234.00,191.00,337.00,149.00,337.00
150.00,235.00,191.00,235.00,191.00,335.00,150.00,335.00
151.00,235.00,193.00,235.00,193.00,337.00,151.00,337.00
152.00,235.00,194.00,235.00,194.00,337.00,152.00,337.00
152.00,234.00,195.00,234.00,195.00,338.00,152.00,338.00
155.00,236.00,196.00,236.00,196.00,337.00,155.00,337.00
156.00,236.00,197.00,236.00,197.00,337.00,156.00,337.00
156.00,236.00,197.00,236.00,197.00,338.00,156.00,338.00
156.00,234.00,199.00,234.00,199.00,338.00,156.00,338.00
157.00,234.00,199.00,234.00,199.00,338.00,157.00,338.00
157.00,234.00,200.00,234.00,200.00,338.00,157.00,338.00
158.00,234.00,200.00,234.00,200.00,338.00,158.00,338.00
158.00,234.00,201.00,234.00,201.00,338.00,158.00,338.00
159.00,234.00,201.00,234.00,201.00,338.00,159.00,338.00
160.00,236.00,201.00,236.00,201.00,338.00,160.00,338.00
160.00,236.00,202.00,236.00,202.00,338.00,160.00,338.00
161.00,236.00,202.00,236.00,202.00,337.00,161.00,337.00
161.00,236.00,203.00,236.00,203.00,337.00,161.00,337.00
162.00,237.00,203.00,237.00,203.00,337.00,162.00,337.00
163.00,237.00,204.00,237.00,204.00,338.00,163.00,338.00
164.00,236.00,205.00,236.00,205.00,338.00,164.00,338.00
165.00,238.00,206.00,238.00,206.00,337.00,165.00,337.00
166.00,238.00,207.00,238.00,207.00,338.00,166.00,338.00
168.00,239.00,209.00,239.00,209.00,338.00,168.00,338.00
170.00,238.00,210.00,238.00,210.00,338.00,170.00,338.00
172.00,238.00,212.00,238.00,212.00,338.00,172.00,338.00
175.00,239.00,214.00,239.00,214.00,336.00,175.00,336.00
178.00,241.00,216.00,241.00,216.00,335.00,178.00,335.00
180.00,241.00,219.00,241.00,219.00,335.00,180.00,335.00
182.00,240.00,220.00,240.00,220.00,335.00,182.00,335.00
184.00,242.00,221.00,242.00,221.00,334.00,184.00,334.00
185.00,241.00,223.00,241.00,223.00,334.00,185.00,334.00
187.00,240.00,225.00,240.00,225.00,333.00,187.00,333.00
189.00,240.00,226.00,240.00,226.00,332.00,189.00,332.00
190.00,240.00,229.00,240.00,229.00,334.00,190.00,334.00
192.00,240.00,230.00,240.00,230.00,334.00,192.00,334.00
194.00,241.00,232.00,241.00,232.00,333.00,194.00,333.00
196.00,240.00,233.00,240.00,233.00,333.00,196.00,333.00
199.00,241.00,236.00,241.00,236.00,332.00,199.00,332.00
200.00,240.00,238.00,240.00,238.00,332.00,200.00,332.00
202.00,239.00,240.00,239.00,240.00,333.00,202.00,333.00
203.00,238.00,242.00,238.00,242.00,332.00,203.00,332.00
205.00,237.00,243.00,237.00,243.00,332.00,205.00,332.00
207.00,236.00,246.00,236.00,246.00,332.00,207.00,332.00
208.00,235.00,248.00,235.00,248.00,332.00,208.00,332.00
209.00,233.00,250.00,233.00,250.00,333.00,209.00,333.00
211.00,234.00,252.00,234.00,252.00,335.00,211.00,335.00
213.00,235.00,254.00,235.00,254.00,336.00,213.00,336.00
216.00,237.00,257.00,237.00,257.00,337.00,216.00,337.00
220.00,239.00,260.00,239.00,260.00,339.00,220.00,339.00
223.00,242.00,262.00,242.00,262.00,339.00,223.00,339.00
227.00,244.00,266.00,244.00,266.00,338.00,227.00,338.00
232.00,245.00,270.00,245.00,270.00,338.00,232.00,338.00
238.00,243.00,276.00,243.00,276.00,337.00,238.00,337.00
244.00,241.00,282.00,241.00,282.00,336.00,244.00,336.00
249.00,238.00,289.00,238.00,289.00,336.00,249.00,336.00
255.00,236.00,296.00,236.00,296.00,336.00,255.00,336.00
261.00,238.00,301.00,238.00,301.00,335.00,261.00,335.00
266.00,236.00,307.00,236.00,307.00,336.00,266.00,336.00
272.00,237.00,313.00,237.00,313.00,337.00,272.00,337.00
278.00,238.00,318.00,238.00,318.00,336.00,278.00,336.00
284.00,235.00,325.00,235.00,325.00,335.00,284.00,335.00
291.00,234.00,332.00,234.00,332.00,334.00,291.00,334.00
298.00,232.00,339.00,232.00,339.00,333.00,298.00,333.00
307.00,233.00,348.00,233.00,348.00,332.00,307.00,332.00
315.00,235.00,354.00,235.00,354.00,331.00,315.00,331.00
320.00,236.00,359.00,236.00,359.00,330.00,320.00,330.00
327.00,238.00,365.00,238.00,365.00,331.00,327.00,331.00
332.00,239.00,370.00,239.00,370.00,331.00,332.00,331.00
336.00,240.00,373.00,240.00,373.00,329.00,336.00,329.00
343.00,241.00,378.00,241.00,378.00,328.00,343.00,328.00
350.00,241.00,386.00,241.00,386.00,328.00,350.00,328.00
358.00,239.00,395.00,239.00,395.00,329.00,358.00,329.00
367.00,241.00,402.00,241.00,402.00,328.00,367.00,328.00
376.00,238.00,413.00,238.00,413.00,328.00,376.00,328.00
381.00,238.00,419.00,238.00,419.00,330.00,381.00,330.00
394.00,240.00,432.00,240.00,432.00,332.00,394.00,332.00
401.00,242.00,438.00,242.00,438.00,333.00,401.00,333.00
408.00,240.00,446.00,240.00,446.00,332.00,408.00,332.00
411.00,243.00,447.00,243.00,447.00,332.00,411.00,332.00
415.00,241.00,452.00,241.00,452.00,334.00,415.00,334.00
418.00,239.00,455.00,239.00,455.00,332.00,418.00,332.00
420.00,239.00,457.00,239.00,457.00,330.00,420.00,330.00
420.00,239.00,456.00,239.00,456.00,327.00,420.00,327.00
417.00,235.00,454.00,235.00,454.00,325.00,417.00,325.00
416.00,231.00,452.00,231.00,452.00,319.00,416.00,319.00
416.00,227.00,451.00,227.00,451.00,313.00,416.00,313.00
413.00,223.00,449.00,223.00,449.00,312.00,413.00,312.00
410.00,221.00,445.00,221.00,445.00,308.00,410.00,308.00
407.00,219.00,443.00,219.00,443.00,307.00,407.00,307.00
405.00,218.00,440.00,218.00,440.00,306.00,405.00,306.00
401.00,216.00,438.00,216.00,438.00,305.00,401.00,305.00
399.00,214.00,436.00,214.00,436.00,305.00,399.00,305.00
395.00,211.00,432.00,211.00,432.00,303.00,395.00,303.00
391.00,208.00,427.00,208.00,427.00,298.00,391.00,298.00
386.00,204.00,423.00,204.00,423.00,296.00,386.00,296.00
382.00,202.00,418.00,202.00,418.00,292.00,382.00,292.00
379.00,201.00,415.00,201.00,415.00,289.00,379.00,289.00
375.00,200.00,411.00,200.00,411.00,288.00,375.00,288.00
371.00,198.00,407.00,198.00,407.00,288.00,371.00,288.00
368.00,198.00,405.00,198.00,405.00,289.00,368.00,289.00
364.00,197.00,402.00,197.00,402.00,291.00,364.00,291.00
362.00,199.00,399.00,199.00,399.00,290.00,362.00,290.00
360.00,199.00,397.00,199.00,397.00,290.00,360.00,290.00
359.00,200.00,395.00,200.00,395.00,288.00,359.00,288.00
357.00,198.00,393.00,198.00,393.00,288.00,357.00,288.00
355.00,199.00,391.00,199.00,391.00,288.00,355.00,288.00
354.00,198.00,389.00,198.00,389.00,285.00,354.00,285.00
354.00,197.00,390.00,197.00,390.00,286.00,354.00,286.00
354.00,196.00,389.00,196.00,389.00,284.00,354.00,284.00
354.00,195.00,388.00,195.00,388.00,280.00,354.00,280.00
353.00,194.00,387.00,194.00,387.00,278.00,353.00,278.00
351.00,192.00,385.00,192.00,385.00,276.00,351.00,276.00
350.00,191.00,384.00,191.00,384.00,275.00,350.00,275.00
349.00,192.00,382.00,192.00,382.00,273.00,349.00,273.00
347.00,191.00,381.00,191.00,381.00,274.00,347.00,274.00
347.00,192.00,380.00,192.00,380.00,273.00,347.00,273.00
345.00,190.00,379.00,190.00,379.00,273.00,345.00,273.00
345.00,191.00,379.00,191.00,379.00,274.00,345.00,274.00
345.00,193.00,379.00,193.00,379.00,275.00,345.00,275.00
346.00,195.00,378.00,195.00,378.00,275.00,346.00,275.00
346.00,195.00,378.00,195.00,378.00,275.00,346.00,275.00
345.00,195.00,377.00,195.00,377.00,273.00,345.00,273.00
344.00,195.00,376.00,195.00,376.00,273.00,344.00,273.00
343.00,195.00,375.00,195.00,375.00,273.00,343.00,273.00
341.00,193.00,374.00,193.00,374.00,273.00,341.00,273.00
340.00,193.00,372.00,193.00,372.00,271.00,340.00,271.00
339.00,192.00,371.00,192.00,371.00,271.00,339.00,271.00
338.00,191.00,370.00,191.00,370.00,271.00,338.00,271.00
337.00,191.00,370.00,191.00,370.00,271.00,337.00,271.00
336.00,192.00,368.00,192.00,368.00,270.00,336.00,270.00
334.00,191.00,367.00,191.00,367.00,271.00,334.00,271.00
334.00,192.00,366.00,192.00,366.00,270.00,334.00,270.00
334.00,194.00,365.00,194.00,365.00,270.00,334.00,270.00
333.00,195.00,364.00,195.00,364.00,271.00,333.00,271.00
332.00,195.00,363.00,195.00,363.00,272.00,332.00,272.00
333.00,195.00,364.00,195.00,364.00,271.00,333.00,271.00
332.00,198.00,362.00,198.00,362.00,272.00,332.00,272.00
331.00,197.00,362.00,197.00,362.00,273.00,331.00,273.00
330.00,199.00,360.00,199.00,360.00,272.00,330.00,272.00
329.00,199.00,359.00,199.00,359.00,273.00,329.00,273.00
327.00,202.00,357.00,202.00,357.00,274.00,327.00,274.00
329.00,204.00,357.00,204.00,357.00,274.00,329.00,274.00
328.00,207.00,355.00,207.00,355.00,274.00,328.00,274.00
328.00,208.00,354.00,208.00,354.00,273.00,328.00,273.00
327.00,207.00,353.00,207.00,353.00,273.00,327.00,273.00
325.00,205.00,352.00,205.00,352.00,273.00,325.00,273.00
321.00,201.00,350.00,201.00,350.00,271.00,321.00,271.00
320.00,196.00,349.00,196.00,349.00,269.00,320.00,269.00
318.00,194.00,349.00,194.00,349.00,269.00,318.00,269.00
316.00,192.00,348.00,192.00,348.00,269.00,316.00,269.00
315.00,193.00,347.00,193.00,347.00,271.00,315.00,271.00
314.00,193.00,346.00,193.00,346.00,273.00,314.00,273.00
313.00,194.00,346.00,194.00,346.00,275.00,313.00,275.00
312.00,194.00,346.00,194.00,346.00,278.00,312.00,278.00
310.00,194.00,345.00,194.00,345.00,280.00,310.00,280.00
308.00,193.00,344.00,193.00,344.00,281.00,308.00,281.00
305.00,191.00,343.00,191.00,343.00,283.00,305.00,283.00
302.00,189.00,340.00,189.00,340.00,283.00,302.00,283.00
299.00,187.00,339.00,187.00,339.00,284.00,299.00,284.00
296.00,186.00,336.00,186.00,336.00,284.00,296.00,284.00
295.00,185.00,335.00,185.00,335.00,283.00,295.00,283.00
294.00,187.00,333.00,187.00,333.00,283.00,294.00,283.00
293.00,187.00,332.00,187.00,332.00,282.00,293.00,282.00
293.00,188.00,330.00,188.00,330.00,280.00,293.00,280.00
292.00,187.00,329.00,187.00,329.00,279.00,292.00,279.00
290.00,184.00,329.00,184.00,329.00,279.00,290.00,279.00
291.00,184.00,329.00,184.00,329.00,276.00,291.00,276.00
291.00,183.00,328.00,183.00,328.00,275.00,291.00,275.00
291.00,182.00,328.00,182.00,328.00,274.00,291.00,274.00
291.00,183.00,327.00,183.00,327.00,272.00,291.00,272.00
291.00,185.00,327.00,185.00,327.00,272.00,291.00,272.00
291.00,185.00,328.00,185.00,328.00,275.00,291.00,275.00
291.00,186.00,328.00,186.00,328.00,276.00,291.00,276.00
291.00,186.00,329.00,186.00,329.00,278.00,291.00,278.00
291.00,185.00,330.00,185.00,330.00,280.00,291.00,280.00
290.00,184.00,329.00,184.00,329.00,281.00,290.00,281.00
288.00,181.00,329.00,181.00,329.00,281.00,288.00,281.00
288.00,181.00,329.00,181.00,329.00,281.00,288.00,281.00
287.00,179.00,329.00,179.00,329.00,282.00,287.00,282.00
286.00,178.00,328.00,178.00,328.00,281.00,286.00,281.00
285.00,176.00,327.00,176.00,327.00,278.00,285.00,278.00
286.00,176.00,327.00,176.00,327.00,276.00,286.00,276.00
287.00,174.00,327.00,174.00,327.00,272.00,287.00,272.00
288.00,173.00,327.00,173.00,327.00,269.00,288.00,269.00
288.00,172.00,327.00,172.00,327.00,267.00,288.00,267.00
288.00,170.00,328.00,170.00,328.00,267.00,288.00,267.00
290.00,173.00,328.00,173.00,328.00,267.00,290.00,267.00
290.00,173.00,329.00,173.00,329.00,267.00,290.00,267.00
290.00,174.00,329.00,174.00,329.00,269.00,290.00,269.00
291.00,174.00,330.00,174.00,330.00,271.00,291.00,271.00
293.00,177.00,331.00,177.00,331.00,271.00,293.00,271.00
294.00,176.00,333.00,176.00,333.00,271.00,294.00,271.00
295.00,173.00,335.00,173.00,335.00,271.00,295.00,271.00
299.00,173.00,337.00,173.00,337.00,268.00,299.00,268.00
301.00,171.00,339.00,171.00,339.00,264.00,301.00,264.00
303.00,170.00,341.00,170.00,341.00,262.00,303.00,262.00
306.00,171.00,342.00,171.00,342.00,260.00,306.00,260.00
309.00,170.00,346.00,170.00,346.00,261.00,309.00,261.00
311.00,172.00,348.00,172.00,348.00,262.00,311.00,262.00
314.00,172.00,350.00,172.00,350.00,262.00,314.00,262.00
316.00,172.00,353.00,172.00,353.00,263.00,316.00,263.00
317.00,172.00,355.00,172.00,355.00,264.00,317.00,264.00
320.00,171.00,358.00,171.00,358.00,263.00,320.00,263.00
324.00,170.00,361.00,170.00,361.00,261.00,324.00,261.00
327.00,170.00,363.00,170.00,363.00,259.00,327.00,259.00
327.00,168.00,364.00,168.00,364.00,259.00,327.00,259.00
328.00,167.00,365.00,167.00,365.00,257.00,328.00,257.00
328.00,166.00,366.00,166.00,366.00,258.00,328.00,258.00
330.00,163.00,368.00,163.00,368.00,257.00,330.00,257.00
333.00,166.00,370.00,166.00,370.00,257.00,333.00,257.00
336.00,168.00,372.00,168.00,372.00,257.00,336.00,257.00
338.00,170.00,374.00,170.00,374.00,257.00,338.00,257.00
337.00,165.00,373.00,165.00,373.00,255.00,337.00,255.00
331.00,158.00,368.00,158.00,368.00,250.00,331.00,250.00
331.00,157.00,368.00,157.00,368.00,249.00,331.00,249.00
331.00,155.00,368.00,155.00,368.00,247.00,331.00,247.00
331.00,154.00,368.00,154.00,368.00,244.00,331.00,244.00
332.00,154.00,367.00,154.00,367.00,240.00,332.00,240.00
332.00,154.00,366.00,154.00,366.00,238.00,332.00,238.00
332.00,155.00,365.00,155.00,365.00,238.00,332.00,238.00
332.00,156.00,365.00,156.00,365.00,238.00,332.00,238.00
332.00,160.00,365.00,160.00,365.00,240.00,332.00,240.00
332.00,163.00,364.00,163.00,364.00,241.00,332.00,241.00
331.00,164.00,364.00,164.00,364.00,244.00,331.00,244.00
331.00,167.00,365.00,167.00,365.00,249.00,331.00,249.00
331.00,172.00,364.00,172.00,364.00,254.00,331.00,254.00
329.00,175.00,363.00,175.00,363.00,258.00,329.00,258.00
329.00,177.00,363.00,177.00,363.00,260.00,329.00,260.00
329.00,178.00,363.00,178.00,363.00,262.00,329.00,262.00
328.00,177.00,363.00,177.00,363.00,264.00,328.00,264.00
328.00,178.00,364.00,178.00,364.00,265.00,328.00,265.00
330.00,179.00,365.00,179.00,365.00,264.00,330.00,264.00
331.00,179.00,365.00,179.00,365.00,261.00,331.00,261.00
332.00,177.00,367.00,177.00,367.00,261.00,332.00,261.00
332.00,175.00,368.00,175.00,368.00,262.00,332.00,262.00
334.00,175.00,369.00,175.00,369.00,261.00,334.00,261.00
335.00,177.00,370.00,177.00,370.00,262.00,335.00,262.00
335.00,178.00,370.00,178.00,370.00,263.00,335.00,263.00
336.00,181.00,369.00,181.00,369.00,263.00,336.00,263.00
337.00,185.00,370.00,185.00,370.00,265.00,337.00,265.00
336.00,187.00,368.00,187.00,368.00,265.00,336.00,265.00
335.00,186.00,367.00,186.00,367.00,265.00,335.00,265.00
336.00,189.00,367.00,189.00,367.00,266.00,336.00,266.00
339.00,192.00,369.00,192.00,369.00,267.00,339.00,267.00
339.00,197.00,369.00,197.00,369.00,271.00,339.00,271.00
340.00,200.00,370.00,200.00,370.00,275.00,340.00,275.00
340.00,201.00,372.00,201.00,372.00,278.00,340.00,278.00
341.00,203.00,373.00,203.00,373.00,283.00,341.00,283.00
339.00,206.00,373.00,206.00,373.00,288.00,339.00,288.00
342.00,209.00,376.00,209.00,376.00,292.00,342.00,292.00
340.00,212.00,375.00,212.00,375.00,298.00,340.00,298.00
338.00,216.00,373.00,216.00,373.00,302.00,338.00,302.00
338.00,221.00,372.00,221.00,372.00,305.00,338.00,305.00
340.00,222.00,375.00,222.00,375.00,307.00,340.00,307.00
341.00,223.00,376.00,223.00,376.00,310.00,341.00,310.00
342.00,223.00,379.00,223.00,379.00,313.00,342.00,313.00
343.00,224.00,380.00,224.00,380.00,315.00,343.00,315.00
343.00,225.00,380.00,225.00,380.00,316.00,343.00,316.00
343.00,225.00,381.00,225.00,381.00,318.00,343.00,318.00
344.00,228.00,381.00,228.00,381.00,318.00,344.00,318.00
343.00,228.00,381.00,228.00,381.00,320.00,343.00,320.00
343.00,227.00,382.00,227.00,382.00,323.00,343.00,323.00
342.00,228.00,381.00,228.00,381.00,323.00,342.00,323.00
343.00,230.00,381.00,230.00,381.00,324.00,343.00,324.00
343.00,228.00,381.00,228.00,381.00,323.00,343.00,323.00
342.00,227.00,381.00,227.00,381.00,322.00,342.00,322.00
343.00,226.00,382.00,226.00,382.00,321.00,343.00,321.00
344.00,225.00,383.00,225.00,383.00,320.00,344.00,320.00
347.00,222.00,386.00,222.00,386.00,319.00,347.00,319.00
347.00,222.00,386.00,222.00,386.00,318.00,347.00,318.00
348.00,223.00,386.00,223.00,386.00,317.00,348.00,317.00
349.00,224.00,386.00,224.00,386.00,315.00,349.00,315.00
349.00,224.00,385.00,224.00,385.00,313.00,349.00,313.00
349.00,225.00,384.00,225.00,384.00,311.00,349.00,311.00
348.00,225.00,383.00,225.00,383.00,311.00,348.00,311.00
348.00,225.00,384.00,225.00,384.00,311.00,348.00,311.00
349.00,224.00,384.00,224.00,384.00,310.00,349.00,310.00
349.00,224.00,384.00,224.00,384.00,311.00,349.00,311.00
348.00,223.00,383.00,223.00,383.00,310.00,348.00,310.00
348.00,225.00,383.00,225.00,383.00,309.00,348.00,309.00
347.00,221.00,383.00,221.00,383.00,308.00,347.00,308.00
347.00,222.00,382.00,222.00,382.00,307.00,347.00,307.00
347.00,221.00,382.00,221.00,382.00,305.00,347.00,305.00
345.00,218.00,380.00,218.00,380.00,304.00,345.00,304.00
345.00,217.00,381.00,217.00,381.00,305.00,345.00,305.00
344.00,217.00,380.00,217.00,380.00,305.00,344.00,305.00
343.00,217.00,379.00,217.00,379.00,305.00,343.00,305.00
342.00,215.00,380.00,215.00,380.00,307.00,342.00,307.00
343.00,216.00,380.00,216.00,380.00,307.00,343.00,307.00
343.00,217.00,379.00,217.00,379.00,306.00,343.00,306.00
344.00,217.00,380.00,217.00,380.00,305.00,344.00,305.00
343.00,216.00,381.00,216.00,381.00,308.00,343.00,308.00
343.00,217.00,379.00,217.00,379.00,306.00,343.00,306.00
342.00,217.00,378.00,217.00,378.00,306.00,342.00,306.00
340.00,215.00,378.00,215.00,378.00,307.00,340.00,307.00
340.00,215.00,377.00,215.00,377.00,306.00,340.00,306.00
341.00,215.00,377.00,215.00,377.00,304.00,341.00,304.00
340.00,215.00,376.00,215.00,376.00,303.00,340.00,303.00
340.00,215.00,375.00,215.00,375.00,302.00,340.00,302.00
341.00,215.00,376.00,215.00,376.00,301.00,341.00,301.00
340.00,215.00,375.00,215.00,375.00,301.00,340.00,301.00
342.00,218.00,377.00,218.00,377.00,302.00,342.00,302.00
342.00,221.00,376.00,221.00,376.00,303.00,342.00,303.00
343.00,224.00,376.00,224.00,376.00,304.00,343.00,304.00
345.00,224.00,377.00,224.00,377.00,302.00,345.00,302.00
342.00,225.00,373.00,225.00,373.00,301.00,342.00,301.00
341.00,225.00,371.00,225.00,371.00,300.00,341.00,300.00
339.00,223.00,369.00,223.00,369.00,299.00,339.00,299.00
335.00,220.00,366.00,220.00,366.00,297.00,335.00,297.00
331.00,219.00,364.00,219.00,364.00,298.00,331.00,298.00
329.00,217.00,362.00,217.00,362.00,299.00,329.00,299.00
327.00,214.00,361.00,214.00,361.00,298.00,327.00,298.00
325.00,210.00,360.00,210.00,360.00,296.00,325.00,296.00
322.00,206.00,357.00,206.00,357.00,293.00,322.00,293.00
323.00,207.00,357.00,207.00,357.00,291.00,323.00,291.00
320.00,204.00,355.00,204.00,355.00,288.00,320.00,288.00
