11.584,0,0,0,0,0,0,0,0,0,0,0,0,0,0
0.20284,0,0,0,0,0,0,0,0,0,0,0,0,0,0
0.14581,0,0,0,0,0,0,0,0,0,0,0,0,0,0
0.085825,0,0,0,0,0,0,0,0,0,0,0,0,0,0
0.11038,0,0,0,0,0,0,0,0,0,0,0,0,0,0
0.095462,0,0,0,0,0,0,0,0,0,0,0,0,0,0
0.2861,0,0,0,0,0,0,0,0,0,0,0,0,0,0
0.077308,0,0,0,0,0,0,0,0,0,0,0,0,0,0
0.075468,0,0,0,0,0,0,0,0,0,0,0,0,0,0
0.074206,0,0,0,0,0,0,0,0,0,0,0,0,0,0
0.075588,0,0,0,0,0,0,0,0,0,0,0,0,0,0
0.07726,0,0,0,0,0,0,0,0,0,0,0,0,0,0
0.15581,0,0,0,0,0,0,0,0,0,0,0,0,0,0
0.072502,0,0,0,0,0,0,0,0,0,0,0,0,0,0
0.078545,0,0,0,0,0,0,0,0,0,0,0,0,0,0
0.071789,0,0,0,0,0,0,0,0,0,0,0,0,0,0
0.073539,0,0,0,0,0,0,0,0,0,0,0,0,0,0
0.078237,0,0,0,0,0,0,0,0,0,0,0,0,0,0
0.14859,0,0,0,0,0,0,0,0,0,0,0,0,0,0
0.075976,0,0,0,0,0,0,0,0,0,0,0,0,0,0
0.080859,0,0,0,0,0,0,0,0,0,0,0,0,0,0
0.078033,0,0,0,0,0,0,0,0,0,0,0,0,0,0
0.079065,0,0,0,0,0,0,0,0,0,0,0,0,0,0
0.078003,0,0,0,0,0,0,0,0,0,0,0,0,0,0
0.15808,0,0,0,0,0,0,0,0,0,0,0,0,0,0
0.083688,0,0,0,0,0,0,0,0,0,0,0,0,0,0
0.077169,0,0,0,0,0,0,0,0,0,0,0,0,0,0
0.076663,0,0,0,0,0,0,0,0,0,0,0,0,0,0
0.072595,0,0,0,0,0,0,0,0,0,0,0,0,0,0
0.084858,0,0,0,0,0,0,0,0,0,0,0,0,0,0
0.1571,0,0,0,0,0,0,0,0,0,0,0,0,0,0
0.076699,0,0,0,0,0,0,0,0,0,0,0,0,0,0
0.075794,0,0,0,0,0,0,0,0,0,0,0,0,0,0
0.076068,0,0,0,0,0,0,0,0,0,0,0,0,0,0
0.075358,0,0,0,0,0,0,0,0,0,0,0,0,0,0
0.077209,0,0,0,0,0,0,0,0,0,0,0,0,0,0
0.15741,0,0,0,0,0,0,0,0,0,0,0,0,0,0
0.080265,0,0,0,0,0,0,0,0,0,0,0,0,0,0
0.07967,0,0,0,0,0,0,0,0,0,0,0,0,0,0
0.074185,0,0,0,0,0,0,0,0,0,0,0,0,0,0
0.077187,0,0,0,0,0,0,0,0,0,0,0,0,0,0
0.078999,0,0,0,0,0,0,0,0,0,0,0,0,0,0
0.16051,0,0,0,0,0,0,0,0,0,0,0,0,0,0
0.0774,0,0,0,0,0,0,0,0,0,0,0,0,0,0
0.077931,0,0,0,0,0,0,0,0,0,0,0,0,0,0
0.073824,0,0,0,0,0,0,0,0,0,0,0,0,0,0
0.07693,0,0,0,0,0,0,0,0,0,0,0,0,0,0
0.07808,0,0,0,0,0,0,0,0,0,0,0,0,0,0
0.15249,0,0,0,0,0,0,0,0,0,0,0,0,0,0
0.077067,0,0,0,0,0,0,0,0,0,0,0,0,0,0
0.12356,0,0,0,0,0,0,0,0,0,0,0,0,0,0
0.086352,0,0,0,0,0,0,0,0,0,0,0,0,0,0
0.082852,0,0,0,0,0,0,0,0,0,0,0,0,0,0
0.077408,0,0,0,0,0,0,0,0,0,0,0,0,0,0
0.15983,0,0,0,0,0,0,0,0,0,0,0,0,0,0
0.077482,0,0,0,0,0,0,0,0,0,0,0,0,0,0
0.077133,0,0,0,0,0,0,0,0,0,0,0,0,0,0
0.080162,0,0,0,0,0,0,0,0,0,0,0,0,0,0
0.074917,0,0,0,0,0,0,0,0,0,0,0,0,0,0
0.076786,0,0,0,0,0,0,0,0,0,0,0,0,0,0
0.15374,0,0,0,0,0,0,0,0,0,0,0,0,0,0
0.07741,0,0,0,0,0,0,0,0,0,0,0,0,0,0
0.079231,0,0,0,0,0,0,0,0,0,0,0,0,0,0
0.077391,0,0,0,0,0,0,0,0,0,0,0,0,0,0
0.080972,0,0,0,0,0,0,0,0,0,0,0,0,0,0
0.079267,0,0,0,0,0,0,0,0,0,0,0,0,0,0
0.15716,0,0,0,0,0,0,0,0,0,0,0,0,0,0
0.078459,0,0,0,0,0,0,0,0,0,0,0,0,0,0
0.076519,0,0,0,0,0,0,0,0,0,0,0,0,0,0
0.078683,0,0,0,0,0,0,0,0,0,0,0,0,0,0
0.080666,0,0,0,0,0,0,0,0,0,0,0,0,0,0
0.07431,0,0,0,0,0,0,0,0,0,0,0,0,0,0
0.15796,0,0,0,0,0,0,0,0,0,0,0,0,0,0
0.076975,0,0,0,0,0,0,0,0,0,0,0,0,0,0
0.081534,0,0,0,0,0,0,0,0,0,0,0,0,0,0
0.078425,0,0,0,0,0,0,0,0,0,0,0,0,0,0
0.078844,0,0,0,0,0,0,0,0,0,0,0,0,0,0
0.081273,0,0,0,0,0,0,0,0,0,0,0,0,0,0
0.15376,0,0,0,0,0,0,0,0,0,0,0,0,0,0
0.076274,0,0,0,0,0,0,0,0,0,0,0,0,0,0
0.076549,0,0,0,0,0,0,0,0,0,0,0,0,0,0
0.077613,0,0,0,0,0,0,0,0,0,0,0,0,0,0
0.073028,0,0,0,0,0,0,0,0,0,0,0,0,0,0
0.081371,0,0,0,0,0,0,0,0,0,0,0,0,0,0
0.15653,0,0,0,0,0,0,0,0,0,0,0,0,0,0
0.077365,0,0,0,0,0,0,0,0,0,0,0,0,0,0
0.072659,0,0,0,0,0,0,0,0,0,0,0,0,0,0
0.07751,0,0,0,0,0,0,0,0,0,0,0,0,0,0
0.076153,0,0,0,0,0,0,0,0,0,0,0,0,0,0
0.079523,0,0,0,0,0,0,0,0,0,0,0,0,0,0
0.15889,0,0,0,0,0,0,0,0,0,0,0,0,0,0
0.080005,0,0,0,0,0,0,0,0,0,0,0,0,0,0
0.078379,0,0,0,0,0,0,0,0,0,0,0,0,0,0
0.073394,0,0,0,0,0,0,0,0,0,0,0,0,0,0
0.08266,0,0,0,0,0,0,0,0,0,0,0,0,0,0
0.081229,0,0,0,0,0,0,0,0,0,0,0,0,0,0
0.15813,0,0,0,0,0,0,0,0,0,0,0,0,0,0
0.074931,0,0,0,0,0,0,0,0,0,0,0,0,0,0
0.074318,0,0,0,0,0,0,0,0,0,0,0,0,0,0
0.081129,0,0,0,0,0,0,0,0,0,0,0,0,0,0
0.079051,0,0,0,0,0,0,0,0,0,0,0,0,0,0
0.08195,0,0,0,0,0,0,0,0,0,0,0,0,0,0
0.1625,0,0,0,0,0,0,0,0,0,0,0,0,0,0
0.079064,0,0,0,0,0,0,0,0,0,0,0,0,0,0
0.077844,0,0,0,0,0,0,0,0,0,0,0,0,0,0
