1
235.00,162.00,268.00,162.00,268.00,226.00,235.00,226.00
236.00,166.00,268.00,166.00,268.00,228.00,236.00,228.00
231.00,164.00,264.00,164.00,264.00,228.00,231.00,228.00
233.00,170.00,266.00,170.00,266.00,234.00,233.00,234.00
233.00,175.00,266.00,175.00,266.00,238.00,233.00,238.00
231.00,185.00,263.00,185.00,263.00,247.00,231.00,247.00
220.00,191.00,252.00,191.00,252.00,253.00,220.00,253.00
231.00,208.00,262.00,208.00,262.00,269.00,231.00,269.00
245.00,211.00,275.00,211.00,275.00,270.00,245.00,270.00
261.00,244.00,290.00,244.00,290.00,302.00,261.00,302.00
262.00,286.00,293.00,286.00,293.00,345.00,262.00,345.00
249.00,289.00,279.00,289.00,279.00,347.00,249.00,347.00
237.00,291.00,267.00,291.00,267.00,350.00,237.00,350.00
241.00,293.00,271.00,293.00,271.00,352.00,241.00,352.00
224.00,303.00,253.00,303.00,253.00,361.00,224.00,361.00
2
0
0
0
0
1
57.00,274.00,108.00,274.00,108.00,326.00,57.00,326.00
43.00,267.00,92.00,267.00,92.00,317.00,43.00,317.00
60.00,257.00,108.00,257.00,108.00,306.00,60.00,306.00
48.00,246.00,96.00,246.00,96.00,296.00,48.00,296.00
2
0
0
0
0
1
245.00,269.00,298.00,269.00,298.00,314.00,245.00,314.00
252.00,276.00,305.00,276.00,305.00,320.00,252.00,320.00
256.00,278.00,309.00,278.00,309.00,322.00,256.00,322.00
270.00,283.00,322.00,283.00,322.00,326.00,270.00,326.00
277.00,284.00,330.00,284.00,330.00,328.00,277.00,328.00
293.00,289.00,345.00,289.00,345.00,332.00,293.00,332.00
315.00,296.00,367.00,296.00,367.00,339.00,315.00,339.00
333.00,298.00,386.00,298.00,386.00,342.00,333.00,342.00
343.00,306.00,396.00,306.00,396.00,350.00,343.00,350.00
344.00,310.00,396.00,310.00,396.00,354.00,344.00,354.00
340.00,314.00,392.00,314.00,392.00,357.00,340.00,357.00
358.00,321.00,412.00,321.00,412.00,366.00,358.00,366.00
383.00,339.00,438.00,339.00,438.00,385.00,383.00,385.00
376.00,336.00,433.00,336.00,433.00,383.00,376.00,383.00
372.00,327.00,430.00,327.00,430.00,374.00,372.00,374.00
384.00,332.00,441.00,332.00,441.00,380.00,384.00,380.00
403.00,340.00,463.00,340.00,463.00,389.00,403.00,389.00
419.00,343.00,480.00,343.00,480.00,394.00,419.00,394.00
432.00,344.00,494.00,344.00,494.00,396.00,432.00,396.00
444.00,360.00,508.00,360.00,508.00,414.00,444.00,414.00
447.00,363.00,511.00,363.00,511.00,416.00,447.00,416.00
420.00,353.00,483.00,353.00,483.00,406.00,420.00,406.00
397.00,336.00,459.00,336.00,459.00,387.00,397.00,387.00
386.00,311.00,449.00,311.00,449.00,363.00,386.00,363.00
375.00,299.00,435.00,299.00,435.00,349.00,375.00,349.00
367.00,287.00,427.00,287.00,427.00,337.00,367.00,337.00
348.00,282.00,406.00,282.00,406.00,330.00,348.00,330.00
333.00,276.00,389.00,276.00,389.00,322.00,333.00,322.00
314.00,271.00,371.00,271.00,371.00,319.00,314.00,319.00
298.00,269.00,354.00,269.00,354.00,315.00,298.00,315.00
290.00,259.00,347.00,259.00,347.00,306.00,290.00,306.00
274.00,249.00,330.00,249.00,330.00,296.00,274.00,296.00
253.00,235.00,309.00,235.00,309.00,281.00,253.00,281.00
238.00,221.00,295.00,221.00,295.00,269.00,238.00,269.00
225.00,212.00,282.00,212.00,282.00,260.00,225.00,260.00
207.00,205.00,264.00,205.00,264.00,253.00,207.00,253.00
179.00,191.00,239.00,191.00,239.00,240.00,179.00,240.00
158.00,177.00,218.00,177.00,218.00,227.00,158.00,227.00
136.00,169.00,198.00,169.00,198.00,220.00,136.00,220.00
130.00,164.00,191.00,164.00,191.00,214.00,130.00,214.00
120.00,150.00,183.00,150.00,183.00,202.00,120.00,202.00
109.00,142.00,174.00,142.00,174.00,196.00,109.00,196.00
98.00,150.00,164.00,150.00,164.00,205.00,98.00,205.00
109.00,168.00,175.00,168.00,175.00,223.00,109.00,223.00
125.00,197.00,193.00,197.00,193.00,253.00,125.00,253.00
124.00,194.00,193.00,194.00,193.00,251.00,124.00,251.00
122.00,177.00,190.00,177.00,190.00,233.00,122.00,233.00
119.00,178.00,189.00,178.00,189.00,236.00,119.00,236.00
122.00,193.00,190.00,193.00,190.00,249.00,122.00,249.00
125.00,213.00,194.00,213.00,194.00,270.00,125.00,270.00
140.00,228.00,209.00,228.00,209.00,286.00,140.00,286.00
170.00,239.00,238.00,239.00,238.00,295.00,170.00,295.00
197.00,243.00,268.00,243.00,268.00,302.00,197.00,302.00
2
0
0
0
0
1
150.00,76.00,190.00,76.00,190.00,143.00,150.00,143.00
147.00,67.00,189.00,67.00,189.00,135.00,147.00,135.00
154.00,71.00,196.00,71.00,196.00,141.00,154.00,141.00
161.00,75.00,203.00,75.00,203.00,143.00,161.00,143.00
161.00,73.00,205.00,73.00,205.00,144.00,161.00,144.00
163.00,75.00,206.00,75.00,206.00,146.00,163.00,146.00
174.00,77.00,216.00,77.00,216.00,146.00,174.00,146.00
191.00,78.00,233.00,78.00,233.00,147.00,191.00,147.00
200.00,74.00,241.00,74.00,241.00,141.00,200.00,141.00
195.00,70.00,236.00,70.00,236.00,137.00,195.00,137.00
189.00,68.00,229.00,68.00,229.00,134.00,189.00,134.00
183.00,70.00,222.00,70.00,222.00,135.00,183.00,135.00
179.00,68.00,217.00,68.00,217.00,131.00,179.00,131.00
161.00,72.00,199.00,72.00,199.00,135.00,161.00,135.00
143.00,76.00,181.00,76.00,181.00,138.00,143.00,138.00
133.00,85.00,170.00,85.00,170.00,146.00,133.00,146.00
128.00,91.00,166.00,91.00,166.00,153.00,128.00,153.00
119.00,105.00,157.00,105.00,157.00,168.00,119.00,168.00
110.00,114.00,150.00,114.00,150.00,179.00,110.00,179.00
104.00,114.00,145.00,114.00,145.00,180.00,104.00,180.00
102.00,113.00,143.00,113.00,143.00,181.00,102.00,181.00
104.00,127.00,146.00,127.00,146.00,196.00,104.00,196.00
103.00,133.00,146.00,133.00,146.00,202.00,103.00,202.00
105.00,137.00,149.00,137.00,149.00,209.00,105.00,209.00
114.00,135.00,158.00,135.00,158.00,207.00,114.00,207.00
121.00,125.00,166.00,125.00,166.00,198.00,121.00,198.00
116.00,117.00,161.00,117.00,161.00,190.00,116.00,190.00
110.00,111.00,155.00,111.00,155.00,185.00,110.00,185.00
107.00,99.00,152.00,99.00,152.00,172.00,107.00,172.00
