1
161.00,54.00,210.00,54.00,210.00,227.00,161.00,227.00
163.00,50.00,214.00,50.00,214.00,228.00,163.00,228.00
163.00,49.00,214.00,49.00,214.00,229.00,163.00,229.00
166.00,51.00,215.00,51.00,215.00,226.00,166.00,226.00
167.00,55.00,215.00,55.00,215.00,224.00,167.00,224.00
167.00,54.00,215.00,54.00,215.00,222.00,167.00,222.00
168.00,55.00,215.00,55.00,215.00,221.00,168.00,221.00
165.00,51.00,214.00,51.00,214.00,222.00,165.00,222.00
165.00,51.00,214.00,51.00,214.00,223.00,165.00,223.00
162.00,50.00,211.00,50.00,211.00,221.00,162.00,221.00
161.00,48.00,211.00,48.00,211.00,223.00,161.00,223.00
158.00,50.00,206.00,50.00,206.00,220.00,158.00,220.00
158.00,51.00,206.00,51.00,206.00,219.00,158.00,219.00
154.00,50.00,202.00,50.00,202.00,219.00,154.00,219.00
153.00,47.00,202.00,47.00,202.00,222.00,153.00,222.00
151.00,49.00,199.00,49.00,199.00,219.00,151.00,219.00
151.00,50.00,198.00,50.00,198.00,218.00,151.00,218.00
149.00,52.00,195.00,52.00,195.00,216.00,149.00,216.00
148.00,52.00,195.00,52.00,195.00,216.00,148.00,216.00
148.00,54.00,193.00,54.00,193.00,214.00,148.00,214.00
148.00,55.00,192.00,55.00,192.00,212.00,148.00,212.00
147.00,54.00,193.00,54.00,193.00,215.00,147.00,215.00
146.00,52.00,193.00,52.00,193.00,218.00,146.00,218.00
145.00,55.00,191.00,55.00,191.00,216.00,145.00,216.00
146.00,56.00,191.00,56.00,191.00,214.00,146.00,214.00
147.00,55.00,192.00,55.00,192.00,215.00,147.00,215.00
147.00,55.00,192.00,55.00,192.00,215.00,147.00,215.00
146.00,56.00,191.00,56.00,191.00,216.00,146.00,216.00
146.00,58.00,190.00,58.00,190.00,213.00,146.00,213.00
147.00,56.00,192.00,56.00,192.00,214.00,147.00,214.00
147.00,56.00,192.00,56.00,192.00,214.00,147.00,214.00
147.00,59.00,191.00,59.00,191.00,212.00,147.00,212.00
147.00,58.00,191.00,58.00,191.00,213.00,147.00,213.00
148.00,61.00,191.00,61.00,191.00,213.00,148.00,213.00
149.00,63.00,191.00,63.00,191.00,213.00,149.00,213.00
149.00,64.00,191.00,64.00,191.00,211.00,149.00,211.00
150.00,66.00,190.00,66.00,190.00,209.00,150.00,209.00
150.00,69.00,189.00,69.00,189.00,208.00,150.00,208.00
150.00,69.00,189.00,69.00,189.00,208.00,150.00,208.00
150.00,69.00,190.00,69.00,190.00,210.00,150.00,210.00
150.00,68.00,190.00,68.00,190.00,210.00,150.00,210.00
151.00,70.00,191.00,70.00,191.00,213.00,151.00,213.00
151.00,71.00,190.00,71.00,190.00,211.00,151.00,211.00
149.00,69.00,190.00,69.00,190.00,213.00,149.00,213.00
149.00,67.00,190.00,67.00,190.00,213.00,149.00,213.00
148.00,65.00,190.00,65.00,190.00,214.00,148.00,214.00
148.00,65.00,190.00,65.00,190.00,214.00,148.00,214.00
149.00,65.00,191.00,65.00,191.00,213.00,149.00,213.00
149.00,66.00,191.00,66.00,191.00,213.00,149.00,213.00
152.00,64.00,194.00,64.00,194.00,214.00,152.00,214.00
151.00,62.00,194.00,62.00,194.00,214.00,151.00,214.00
148.00,59.00,192.00,59.00,192.00,213.00,148.00,213.00
148.00,61.00,191.00,61.00,191.00,213.00,148.00,213.00
151.00,60.00,194.00,60.00,194.00,215.00,151.00,215.00
151.00,61.00,194.00,61.00,194.00,213.00,151.00,213.00
160.00,66.00,202.00,66.00,202.00,213.00,160.00,213.00
160.00,66.00,202.00,66.00,202.00,213.00,160.00,213.00
160.00,63.00,203.00,63.00,203.00,215.00,160.00,215.00
160.00,61.00,204.00,61.00,204.00,216.00,160.00,216.00
163.00,60.00,208.00,60.00,208.00,219.00,163.00,219.00
163.00,62.00,207.00,62.00,207.00,217.00,163.00,217.00
166.00,60.00,212.00,60.00,212.00,220.00,166.00,220.00
166.00,62.00,211.00,62.00,211.00,220.00,166.00,220.00
169.00,58.00,215.00,58.00,215.00,221.00,169.00,221.00
168.00,58.00,215.00,58.00,215.00,221.00,168.00,221.00
173.00,58.00,220.00,58.00,220.00,224.00,173.00,224.00
173.00,59.00,220.00,59.00,220.00,222.00,173.00,222.00
178.00,62.00,224.00,62.00,224.00,223.00,178.00,223.00
178.00,60.00,225.00,60.00,225.00,225.00,178.00,225.00
183.00,60.00,230.00,60.00,230.00,227.00,183.00,227.00
182.00,58.00,231.00,58.00,231.00,229.00,182.00,229.00
191.00,60.00,238.00,60.00,238.00,228.00,191.00,228.00
191.00,61.00,238.00,61.00,238.00,229.00,191.00,229.00
199.00,61.00,248.00,61.00,248.00,232.00,199.00,232.00
200.00,64.00,247.00,64.00,247.00,230.00,200.00,230.00
205.00,62.00,253.00,62.00,253.00,231.00,205.00,231.00
205.00,62.00,253.00,62.00,253.00,231.00,205.00,231.00
212.00,58.00,261.00,58.00,261.00,231.00,212.00,231.00
213.00,62.00,260.00,62.00,260.00,230.00,213.00,230.00
216.00,55.00,265.00,55.00,265.00,228.00,216.00,228.00
215.00,52.00,265.00,52.00,265.00,229.00,215.00,229.00
219.00,51.00,270.00,51.00,270.00,229.00,219.00,229.00
220.00,55.00,269.00,55.00,269.00,228.00,220.00,228.00
217.00,49.00,268.00,49.00,268.00,227.00,217.00,227.00
219.00,53.00,268.00,53.00,268.00,226.00,219.00,226.00
219.00,48.00,269.00,48.00,269.00,226.00,219.00,226.00
219.00,50.00,269.00,50.00,269.00,226.00,219.00,226.00
215.00,48.00,266.00,48.00,266.00,226.00,215.00,226.00
215.00,49.00,265.00,49.00,265.00,226.00,215.00,226.00
215.00,49.00,265.00,49.00,265.00,226.00,215.00,226.00
215.00,50.00,265.00,50.00,265.00,225.00,215.00,225.00
212.00,54.00,261.00,54.00,261.00,229.00,212.00,229.00
213.00,55.00,262.00,55.00,262.00,228.00,213.00,228.00
213.00,57.00,260.00,57.00,260.00,225.00,213.00,225.00
213.00,58.00,260.00,58.00,260.00,225.00,213.00,225.00
207.00,62.00,254.00,62.00,254.00,228.00,207.00,228.00
207.00,62.00,255.00,62.00,255.00,228.00,207.00,228.00
217.00,54.00,266.00,54.00,266.00,225.00,217.00,225.00
219.00,50.00,268.00,50.00,268.00,225.00,219.00,225.00
228.00,53.00,276.00,53.00,276.00,224.00,228.00,224.00
228.00,55.00,275.00,55.00,275.00,223.00,228.00,223.00
221.00,57.00,269.00,57.00,269.00,227.00,221.00,227.00
227.00,60.00,273.00,60.00,273.00,224.00,227.00,224.00
219.00,62.00,264.00,62.00,264.00,224.00,219.00,224.00
228.00,63.00,272.00,63.00,272.00,221.00,228.00,221.00
221.00,59.00,267.00,59.00,267.00,222.00,221.00,222.00
229.00,58.00,276.00,58.00,276.00,223.00,229.00,223.00
227.00,58.00,274.00,58.00,274.00,221.00,227.00,221.00
224.00,57.00,271.00,57.00,271.00,223.00,224.00,223.00
229.00,60.00,275.00,60.00,275.00,224.00,229.00,224.00
222.00,55.00,270.00,55.00,270.00,225.00,222.00,225.00
216.00,53.00,265.00,53.00,265.00,226.00,216.00,226.00
229.00,53.00,278.00,53.00,278.00,226.00,229.00,226.00
215.00,51.00,265.00,51.00,265.00,228.00,215.00,228.00
204.00,48.00,255.00,48.00,255.00,228.00,204.00,228.00
211.00,48.00,262.00,48.00,262.00,228.00,211.00,228.00
213.00,44.00,263.00,44.00,263.00,222.00,213.00,222.00
216.00,68.00,266.00,68.00,266.00,244.00,216.00,244.00
228.00,46.00,277.00,46.00,277.00,219.00,228.00,219.00
202.00,62.00,250.00,62.00,250.00,233.00,202.00,233.00
197.00,58.00,244.00,58.00,244.00,224.00,197.00,224.00
188.00,49.00,237.00,49.00,237.00,220.00,188.00,220.00
181.00,42.00,230.00,42.00,230.00,216.00,181.00,216.00
176.00,29.00,224.00,29.00,224.00,198.00,176.00,198.00
171.00,22.00,219.00,22.00,219.00,188.00,171.00,188.00
168.00,17.00,216.00,17.00,216.00,185.00,168.00,185.00
162.00,10.00,211.00,10.00,211.00,182.00,162.00,182.00
157.00,4.00,207.00,4.00,207.00,180.00,157.00,180.00
152.00,5.00,204.00,5.00,204.00,187.00,152.00,187.00
158.00,-2.00,209.00,-2.00,209.00,178.00,158.00,178.00
156.00,-6.00,206.00,-6.00,206.00,169.00,156.00,169.00
155.00,-1.00,203.00,-1.00,203.00,169.00,155.00,169.00
160.00,5.00,206.00,5.00,206.00,170.00,160.00,170.00
159.00,7.00,204.00,7.00,204.00,167.00,159.00,167.00
164.00,18.00,210.00,18.00,210.00,179.00,164.00,179.00
172.00,22.00,217.00,22.00,217.00,179.00,172.00,179.00
174.00,23.00,219.00,23.00,219.00,181.00,174.00,181.00
184.00,31.00,227.00,31.00,227.00,184.00,184.00,184.00
193.00,41.00,235.00,41.00,235.00,190.00,193.00,190.00
199.00,38.00,240.00,38.00,240.00,184.00,199.00,184.00
203.00,60.00,246.00,60.00,246.00,210.00,203.00,210.00
211.00,62.00,255.00,62.00,255.00,217.00,211.00,217.00
218.00,65.00,262.00,65.00,262.00,222.00,218.00,222.00
229.00,64.00,273.00,64.00,273.00,222.00,229.00,222.00
239.00,67.00,282.00,67.00,282.00,220.00,239.00,220.00
247.00,67.00,291.00,67.00,291.00,222.00,247.00,222.00
249.00,66.00,294.00,66.00,294.00,224.00,249.00,224.00
251.00,60.00,297.00,60.00,297.00,222.00,251.00,222.00
251.00,66.00,296.00,66.00,296.00,224.00,251.00,224.00
252.00,64.00,297.00,64.00,297.00,222.00,252.00,222.00
253.00,62.00,299.00,62.00,299.00,222.00,253.00,222.00
253.00,59.00,299.00,59.00,299.00,220.00,253.00,220.00
252.00,57.00,299.00,57.00,299.00,222.00,252.00,222.00
251.00,53.00,299.00,53.00,299.00,222.00,251.00,222.00
249.00,53.00,297.00,53.00,297.00,223.00,249.00,223.00
249.00,56.00,296.00,56.00,296.00,221.00,249.00,221.00
249.00,56.00,296.00,56.00,296.00,221.00,249.00,221.00
248.00,56.00,295.00,56.00,295.00,222.00,248.00,222.00
245.00,52.00,294.00,52.00,294.00,223.00,245.00,223.00
244.00,50.00,294.00,50.00,294.00,225.00,244.00,225.00
240.00,47.00,291.00,47.00,291.00,227.00,240.00,227.00
235.00,43.00,287.00,43.00,287.00,229.00,235.00,229.00
234.00,42.00,287.00,42.00,287.00,231.00,234.00,231.00
231.00,39.00,286.00,39.00,286.00,234.00,231.00,234.00
229.00,40.00,282.00,40.00,282.00,229.00,229.00,229.00
227.00,57.00,279.00,57.00,279.00,241.00,227.00,241.00
225.00,57.00,277.00,57.00,277.00,238.00,225.00,238.00
213.00,54.00,263.00,54.00,263.00,230.00,213.00,230.00
207.00,54.00,256.00,54.00,256.00,227.00,207.00,227.00
201.00,52.00,250.00,52.00,250.00,225.00,201.00,225.00
193.00,50.00,242.00,50.00,242.00,223.00,193.00,223.00
186.00,45.00,236.00,45.00,236.00,222.00,186.00,222.00
183.00,46.00,232.00,46.00,232.00,219.00,183.00,219.00
179.00,44.00,229.00,44.00,229.00,221.00,179.00,221.00
175.00,44.00,226.00,44.00,226.00,226.00,175.00,226.00
176.00,42.00,229.00,42.00,229.00,229.00,176.00,229.00
174.00,38.00,229.00,38.00,229.00,231.00,174.00,231.00
170.00,37.00,226.00,37.00,226.00,233.00,170.00,233.00
171.00,38.00,227.00,38.00,227.00,235.00,171.00,235.00
173.00,41.00,227.00,41.00,227.00,232.00,173.00,232.00
168.00,45.00,221.00,45.00,221.00,234.00,168.00,234.00
166.00,46.00,220.00,46.00,220.00,236.00,166.00,236.00
170.00,49.00,222.00,49.00,222.00,234.00,170.00,234.00
168.00,57.00,219.00,57.00,219.00,237.00,168.00,237.00
169.00,63.00,219.00,63.00,219.00,238.00,169.00,238.00
174.00,68.00,222.00,68.00,222.00,238.00,174.00,238.00
180.00,73.00,226.00,73.00,226.00,237.00,180.00,237.00
179.00,76.00,224.00,76.00,224.00,236.00,179.00,236.00
181.00,79.00,225.00,79.00,225.00,234.00,181.00,234.00
187.00,83.00,229.00,83.00,229.00,233.00,187.00,233.00
189.00,84.00,231.00,84.00,231.00,232.00,189.00,232.00
193.00,83.00,235.00,83.00,235.00,233.00,193.00,233.00
196.00,82.00,239.00,82.00,239.00,232.00,196.00,232.00
199.00,79.00,242.00,79.00,242.00,232.00,199.00,232.00
199.00,77.00,244.00,77.00,244.00,235.00,199.00,235.00
198.00,79.00,242.00,79.00,242.00,235.00,198.00,235.00
198.00,80.00,242.00,80.00,242.00,238.00,198.00,238.00
197.00,79.00,242.00,79.00,242.00,239.00,197.00,239.00
196.00,78.00,241.00,78.00,241.00,237.00,196.00,237.00
195.00,77.00,240.00,77.00,240.00,237.00,195.00,237.00
194.00,73.00,240.00,73.00,240.00,237.00,194.00,237.00
194.00,70.00,242.00,70.00,242.00,239.00,194.00,239.00
194.00,68.00,243.00,68.00,243.00,241.00,194.00,241.00
195.00,72.00,242.00,72.00,242.00,240.00,195.00,240.00
197.00,72.00,246.00,72.00,246.00,244.00,197.00,244.00
202.00,68.00,252.00,68.00,252.00,245.00,202.00,245.00
208.00,68.00,257.00,68.00,257.00,242.00,208.00,242.00
214.00,70.00,262.00,70.00,262.00,239.00,214.00,239.00
217.00,71.00,266.00,71.00,266.00,242.00,217.00,242.00
228.00,65.00,278.00,65.00,278.00,241.00,228.00,241.00
225.00,63.00,276.00,63.00,276.00,243.00,225.00,243.00
231.00,57.00,284.00,57.00,284.00,242.00,231.00,242.00
237.00,56.00,288.00,56.00,288.00,236.00,237.00,236.00
237.00,49.00,290.00,49.00,290.00,234.00,237.00,234.00
235.00,42.00,290.00,42.00,290.00,234.00,235.00,234.00
233.00,41.00,287.00,41.00,287.00,234.00,233.00,234.00
229.00,37.00,285.00,37.00,285.00,236.00,229.00,236.00
226.00,34.00,284.00,34.00,284.00,239.00,226.00,239.00
229.00,32.00,287.00,32.00,287.00,235.00,229.00,235.00
228.00,34.00,284.00,34.00,284.00,231.00,228.00,231.00
226.00,36.00,281.00,36.00,281.00,229.00,226.00,229.00
224.00,35.00,280.00,35.00,280.00,230.00,224.00,230.00
222.00,32.00,279.00,32.00,279.00,233.00,222.00,233.00
221.00,32.00,278.00,32.00,278.00,233.00,221.00,233.00
219.00,33.00,275.00,33.00,275.00,232.00,219.00,232.00
219.00,33.00,276.00,33.00,276.00,234.00,219.00,234.00
221.00,35.00,277.00,35.00,277.00,232.00,221.00,232.00
221.00,35.00,278.00,35.00,278.00,236.00,221.00,236.00
222.00,37.00,278.00,37.00,278.00,234.00,222.00,234.00
225.00,40.00,280.00,40.00,280.00,235.00,225.00,235.00
227.00,42.00,282.00,42.00,282.00,235.00,227.00,235.00
229.00,43.00,284.00,43.00,284.00,239.00,229.00,239.00
233.00,48.00,286.00,48.00,286.00,237.00,233.00,237.00
234.00,51.00,287.00,51.00,287.00,238.00,234.00,238.00
236.00,54.00,288.00,54.00,288.00,239.00,236.00,239.00
236.00,53.00,290.00,53.00,290.00,244.00,236.00,244.00
238.00,57.00,291.00,57.00,291.00,242.00,238.00,242.00
240.00,62.00,291.00,62.00,291.00,242.00,240.00,242.00
240.00,62.00,292.00,62.00,292.00,246.00,240.00,246.00
240.00,65.00,291.00,65.00,291.00,243.00,240.00,243.00
242.00,68.00,292.00,68.00,292.00,244.00,242.00,244.00
241.00,68.00,291.00,68.00,291.00,246.00,241.00,246.00
241.00,71.00,290.00,71.00,290.00,246.00,241.00,246.00
236.00,73.00,286.00,73.00,286.00,249.00,236.00,249.00
233.00,73.00,284.00,73.00,284.00,255.00,233.00,255.00
231.00,70.00,283.00,70.00,283.00,254.00,231.00,254.00
230.00,66.00,283.00,66.00,283.00,256.00,230.00,256.00
223.00,70.00,275.00,70.00,275.00,254.00,223.00,254.00
220.00,68.00,274.00,68.00,274.00,256.00,220.00,256.00
218.00,66.00,272.00,66.00,272.00,257.00,218.00,257.00
215.00,65.00,270.00,65.00,270.00,258.00,215.00,258.00
217.00,64.00,270.00,64.00,270.00,253.00,217.00,253.00
217.00,64.00,270.00,64.00,270.00,251.00,217.00,251.00
210.00,61.00,265.00,61.00,265.00,254.00,210.00,254.00
209.00,63.00,263.00,63.00,263.00,252.00,209.00,252.00
212.00,60.00,267.00,60.00,267.00,253.00,212.00,253.00
214.00,59.00,269.00,59.00,269.00,254.00,214.00,254.00
209.00,58.00,266.00,58.00,266.00,257.00,209.00,257.00
213.00,55.00,270.00,55.00,270.00,256.00,213.00,256.00
213.00,57.00,268.00,57.00,268.00,252.00,213.00,252.00
210.00,55.00,265.00,55.00,265.00,248.00,210.00,248.00
211.00,55.00,266.00,55.00,266.00,248.00,211.00,248.00
211.00,55.00,264.00,55.00,264.00,242.00,211.00,242.00
210.00,52.00,263.00,52.00,263.00,238.00,210.00,238.00
209.00,53.00,260.00,53.00,260.00,233.00,209.00,233.00
207.00,51.00,259.00,51.00,259.00,237.00,207.00,237.00
210.00,49.00,264.00,49.00,264.00,239.00,210.00,239.00
209.00,44.00,264.00,44.00,264.00,239.00,209.00,239.00
204.00,45.00,261.00,45.00,261.00,244.00,204.00,244.00
207.00,43.00,265.00,43.00,265.00,248.00,207.00,248.00
205.00,39.00,265.00,39.00,265.00,250.00,205.00,250.00
205.00,41.00,264.00,41.00,264.00,250.00,205.00,250.00
205.00,40.00,265.00,40.00,265.00,254.00,205.00,254.00
204.00,40.00,267.00,40.00,267.00,259.00,204.00,259.00
205.00,37.00,269.00,37.00,269.00,263.00,205.00,263.00
209.00,39.00,272.00,39.00,272.00,261.00,209.00,261.00
205.00,44.00,267.00,44.00,267.00,262.00,205.00,262.00
208.00,52.00,268.00,52.00,268.00,263.00,208.00,263.00
213.00,56.00,272.00,56.00,272.00,265.00,213.00,265.00
208.00,59.00,266.00,59.00,266.00,262.00,208.00,262.00
215.00,63.00,271.00,63.00,271.00,260.00,215.00,260.00
216.00,66.00,270.00,66.00,270.00,258.00,216.00,258.00
213.00,63.00,269.00,63.00,269.00,260.00,213.00,260.00
213.00,63.00,269.00,63.00,269.00,260.00,213.00,260.00
216.00,67.00,270.00,67.00,270.00,258.00,216.00,258.00
208.00,63.00,264.00,63.00,264.00,260.00,208.00,260.00
214.00,63.00,269.00,63.00,269.00,260.00,214.00,260.00
208.00,67.00,262.00,67.00,262.00,259.00,208.00,259.00
210.00,66.00,265.00,66.00,265.00,259.00,210.00,259.00
210.00,67.00,263.00,67.00,263.00,254.00,210.00,254.00
212.00,65.00,265.00,65.00,265.00,253.00,212.00,253.00
211.00,64.00,265.00,64.00,265.00,253.00,211.00,253.00
214.00,63.00,269.00,63.00,269.00,254.00,214.00,254.00
212.00,64.00,265.00,64.00,265.00,251.00,212.00,251.00
212.00,64.00,265.00,64.00,265.00,251.00,212.00,251.00
214.00,62.00,267.00,62.00,267.00,250.00,214.00,250.00
215.00,60.00,268.00,60.00,268.00,248.00,215.00,248.00
214.00,61.00,267.00,61.00,267.00,246.00,214.00,246.00
217.00,62.00,268.00,62.00,268.00,242.00,217.00,242.00
217.00,64.00,267.00,64.00,267.00,239.00,217.00,239.00
218.00,66.00,267.00,66.00,267.00,237.00,218.00,237.00
218.00,66.00,267.00,66.00,267.00,237.00,218.00,237.00
220.00,68.00,267.00,68.00,267.00,236.00,220.00,236.00
219.00,66.00,267.00,66.00,267.00,233.00,219.00,233.00
219.00,64.00,266.00,64.00,266.00,230.00,219.00,230.00
220.00,62.00,268.00,62.00,268.00,232.00,220.00,232.00
220.00,64.00,267.00,64.00,267.00,230.00,220.00,230.00
221.00,62.00,269.00,62.00,269.00,231.00,221.00,231.00
218.00,58.00,268.00,58.00,268.00,233.00,218.00,233.00
221.00,58.00,270.00,58.00,270.00,231.00,221.00,231.00
220.00,54.00,271.00,54.00,271.00,232.00,220.00,232.00
220.00,51.00,272.00,51.00,272.00,234.00,220.00,234.00
222.00,51.00,273.00,51.00,273.00,233.00,222.00,233.00
221.00,48.00,274.00,48.00,274.00,236.00,221.00,236.00
219.00,47.00,273.00,47.00,273.00,235.00,219.00,235.00
221.00,45.00,275.00,45.00,275.00,236.00,221.00,236.00
223.00,43.00,278.00,43.00,278.00,238.00,223.00,238.00
219.00,43.00,275.00,43.00,275.00,238.00,219.00,238.00
218.00,44.00,275.00,44.00,275.00,245.00,218.00,245.00
218.00,45.00,276.00,45.00,276.00,250.00,218.00,250.00
214.00,44.00,272.00,44.00,272.00,247.00,214.00,247.00
215.00,48.00,271.00,48.00,271.00,245.00,215.00,245.00
212.00,48.00,267.00,48.00,267.00,243.00,212.00,243.00
213.00,49.00,269.00,49.00,269.00,248.00,213.00,248.00
215.00,53.00,271.00,53.00,271.00,248.00,215.00,248.00
215.00,55.00,269.00,55.00,269.00,245.00,215.00,245.00
214.00,58.00,266.00,58.00,266.00,244.00,214.00,244.00
216.00,58.00,269.00,58.00,269.00,245.00,216.00,245.00
216.00,60.00,270.00,60.00,270.00,251.00,216.00,251.00
218.00,60.00,271.00,60.00,271.00,250.00,218.00,250.00
218.00,65.00,270.00,65.00,270.00,248.00,218.00,248.00
218.00,67.00,269.00,67.00,269.00,245.00,218.00,245.00
222.00,70.00,271.00,70.00,271.00,243.00,222.00,243.00
224.00,73.00,272.00,73.00,272.00,241.00,224.00,241.00
226.00,76.00,273.00,76.00,273.00,239.00,226.00,239.00
228.00,77.00,274.00,77.00,274.00,239.00,228.00,239.00
228.00,75.00,275.00,75.00,275.00,242.00,228.00,242.00
229.00,75.00,276.00,75.00,276.00,242.00,229.00,242.00
228.00,77.00,275.00,77.00,275.00,245.00,228.00,245.00
227.00,77.00,274.00,77.00,274.00,245.00,227.00,245.00
230.00,79.00,276.00,79.00,276.00,242.00,230.00,242.00
233.00,77.00,279.00,77.00,279.00,242.00,233.00,242.00
237.00,75.00,284.00,75.00,284.00,243.00,237.00,243.00
243.00,73.00,291.00,73.00,291.00,243.00,243.00,243.00
244.00,70.00,293.00,70.00,293.00,245.00,244.00,245.00
247.00,66.00,298.00,66.00,298.00,246.00,247.00,246.00
248.00,63.00,300.00,63.00,300.00,249.00,248.00,249.00
251.00,60.00,305.00,60.00,305.00,249.00,251.00,249.00
253.00,59.00,307.00,59.00,307.00,248.00,253.00,248.00
256.00,56.00,311.00,56.00,311.00,251.00,256.00,251.00
256.00,53.00,312.00,53.00,312.00,252.00,256.00,252.00
257.00,49.00,315.00,49.00,315.00,254.00,257.00,254.00
257.00,45.00,316.00,45.00,316.00,255.00,257.00,255.00
259.00,42.00,319.00,42.00,319.00,254.00,259.00,254.00
261.00,40.00,322.00,40.00,322.00,253.00,261.00,253.00
262.00,37.00,324.00,37.00,324.00,252.00,262.00,252.00
265.00,38.00,325.00,38.00,325.00,251.00,265.00,251.00
265.00,35.00,327.00,35.00,327.00,252.00,265.00,252.00
266.00,35.00,326.00,35.00,326.00,249.00,266.00,249.00
265.00,32.00,327.00,32.00,327.00,250.00,265.00,250.00
263.00,33.00,324.00,33.00,324.00,248.00,263.00,248.00
264.00,30.00,326.00,30.00,326.00,248.00,264.00,248.00
259.00,27.00,323.00,27.00,323.00,252.00,259.00,252.00
255.00,25.00,320.00,25.00,320.00,253.00,255.00,253.00
253.00,28.00,316.00,28.00,316.00,251.00,253.00,251.00
247.00,29.00,310.00,29.00,310.00,251.00,247.00,251.00
244.00,30.00,306.00,30.00,306.00,250.00,244.00,250.00
238.00,26.00,302.00,26.00,302.00,253.00,238.00,253.00
232.00,26.00,297.00,26.00,297.00,255.00,232.00,255.00
227.00,28.00,291.00,28.00,291.00,255.00,227.00,255.00
222.00,29.00,287.00,29.00,287.00,255.00,222.00,255.00
216.00,31.00,279.00,31.00,279.00,251.00,216.00,251.00
211.00,33.00,272.00,33.00,272.00,248.00,211.00,248.00
205.00,32.00,267.00,32.00,267.00,250.00,205.00,250.00
201.00,35.00,261.00,35.00,261.00,247.00,201.00,247.00
194.00,35.00,255.00,35.00,255.00,249.00,194.00,249.00
187.00,33.00,250.00,33.00,250.00,252.00,187.00,252.00
185.00,33.00,246.00,33.00,246.00,249.00,185.00,249.00
181.00,37.00,241.00,37.00,241.00,246.00,181.00,246.00
181.00,38.00,238.00,38.00,238.00,241.00,181.00,241.00
179.00,42.00,235.00,42.00,235.00,239.00,179.00,239.00
174.00,41.00,230.00,41.00,230.00,238.00,174.00,238.00
168.00,39.00,225.00,39.00,225.00,238.00,168.00,238.00
164.00,37.00,222.00,37.00,222.00,242.00,164.00,242.00
166.00,37.00,225.00,37.00,225.00,244.00,166.00,244.00
168.00,39.00,226.00,39.00,226.00,242.00,168.00,242.00
168.00,40.00,226.00,40.00,226.00,243.00,168.00,243.00
167.00,41.00,223.00,41.00,223.00,240.00,167.00,240.00
167.00,44.00,222.00,44.00,222.00,239.00,167.00,239.00
164.00,44.00,219.00,44.00,219.00,239.00,164.00,239.00
161.00,44.00,217.00,44.00,217.00,239.00,161.00,239.00
161.00,41.00,218.00,41.00,218.00,242.00,161.00,242.00
162.00,40.00,220.00,40.00,220.00,243.00,162.00,243.00
162.00,38.00,220.00,38.00,220.00,245.00,162.00,245.00
159.00,36.00,219.00,36.00,219.00,247.00,159.00,247.00
161.00,40.00,219.00,40.00,219.00,245.00,161.00,245.00
160.00,40.00,219.00,40.00,219.00,245.00,160.00,245.00
162.00,42.00,219.00,42.00,219.00,243.00,162.00,243.00
162.00,43.00,219.00,43.00,219.00,242.00,162.00,242.00
163.00,45.00,219.00,45.00,219.00,242.00,163.00,242.00
164.00,47.00,219.00,47.00,219.00,240.00,164.00,240.00
164.00,49.00,219.00,49.00,219.00,242.00,164.00,242.00
165.00,52.00,219.00,52.00,219.00,239.00,165.00,239.00
166.00,52.00,219.00,52.00,219.00,239.00,166.00,239.00
165.00,50.00,219.00,50.00,219.00,241.00,165.00,241.00
164.00,49.00,219.00,49.00,219.00,242.00,164.00,242.00
165.00,52.00,219.00,52.00,219.00,241.00,165.00,241.00
164.00,53.00,218.00,53.00,218.00,240.00,164.00,240.00
163.00,52.00,217.00,52.00,217.00,242.00,163.00,242.00
164.00,55.00,216.00,55.00,216.00,240.00,164.00,240.00
164.00,52.00,218.00,52.00,218.00,244.00,164.00,244.00
163.00,52.00,218.00,52.00,218.00,245.00,163.00,245.00
160.00,50.00,216.00,50.00,216.00,249.00,160.00,249.00
161.00,54.00,215.00,54.00,215.00,247.00,161.00,247.00
161.00,54.00,216.00,54.00,216.00,247.00,161.00,247.00
161.00,59.00,214.00,59.00,214.00,247.00,161.00,247.00
160.00,58.00,215.00,58.00,215.00,251.00,160.00,251.00
159.00,62.00,212.00,62.00,212.00,249.00,159.00,249.00
159.00,67.00,211.00,67.00,211.00,248.00,159.00,248.00
160.00,72.00,210.00,72.00,210.00,248.00,160.00,248.00
159.00,78.00,208.00,78.00,208.00,249.00,159.00,249.00
162.00,82.00,209.00,82.00,209.00,248.00,162.00,248.00
164.00,85.00,210.00,85.00,210.00,246.00,164.00,246.00
162.00,87.00,207.00,87.00,207.00,247.00,162.00,247.00
162.00,90.00,206.00,90.00,206.00,248.00,162.00,248.00
164.00,90.00,210.00,90.00,210.00,252.00,164.00,252.00
160.00,92.00,205.00,92.00,205.00,250.00,160.00,250.00
157.00,90.00,202.00,90.00,202.00,250.00,157.00,250.00
155.00,91.00,199.00,91.00,199.00,247.00,155.00,247.00
154.00,91.00,198.00,91.00,198.00,249.00,154.00,249.00
153.00,88.00,200.00,88.00,200.00,251.00,153.00,251.00
158.00,84.00,205.00,84.00,205.00,252.00,158.00,252.00
158.00,83.00,205.00,83.00,205.00,249.00,158.00,249.00
160.00,84.00,206.00,84.00,206.00,246.00,160.00,246.00
166.00,84.00,211.00,84.00,211.00,242.00,166.00,242.00
173.00,82.00,218.00,82.00,218.00,242.00,173.00,242.00
174.00,80.00,219.00,80.00,219.00,241.00,174.00,241.00
176.00,78.00,221.00,78.00,221.00,239.00,176.00,239.00
180.00,74.00,227.00,74.00,227.00,241.00,180.00,241.00
185.00,70.00,233.00,70.00,233.00,241.00,185.00,241.00
189.00,72.00,236.00,72.00,236.00,238.00,189.00,238.00
192.00,74.00,237.00,74.00,237.00,235.00,192.00,235.00
195.00,71.00,242.00,71.00,242.00,238.00,195.00,238.00
197.00,73.00,243.00,73.00,243.00,236.00,197.00,236.00
198.00,73.00,245.00,73.00,245.00,238.00,198.00,238.00
199.00,75.00,245.00,75.00,245.00,236.00,199.00,236.00
203.00,76.00,247.00,76.00,247.00,233.00,203.00,233.00
209.00,80.00,252.00,80.00,252.00,233.00,209.00,233.00
211.00,83.00,253.00,83.00,253.00,232.00,211.00,232.00
215.00,81.00,258.00,81.00,258.00,233.00,215.00,233.00
219.00,83.00,260.00,83.00,260.00,230.00,219.00,230.00
226.00,84.00,267.00,84.00,267.00,228.00,226.00,228.00
230.00,85.00,270.00,85.00,270.00,228.00,230.00,228.00
233.00,83.00,273.00,83.00,273.00,226.00,233.00,226.00
236.00,84.00,276.00,84.00,276.00,227.00,236.00,227.00
240.00,83.00,280.00,83.00,280.00,227.00,240.00,227.00
240.00,82.00,281.00,82.00,281.00,225.00,240.00,225.00
241.00,81.00,282.00,81.00,282.00,227.00,241.00,227.00
245.00,79.00,287.00,79.00,287.00,227.00,245.00,227.00
246.00,80.00,287.00,80.00,287.00,225.00,246.00,225.00
246.00,76.00,288.00,76.00,288.00,225.00,246.00,225.00
247.00,71.00,290.00,71.00,290.00,224.00,247.00,224.00
244.00,66.00,288.00,66.00,288.00,223.00,244.00,223.00
243.00,63.00,289.00,63.00,289.00,224.00,243.00,224.00
241.00,64.00,286.00,64.00,286.00,222.00,241.00,222.00
238.00,61.00,284.00,61.00,284.00,224.00,238.00,224.00
236.00,62.00,281.00,62.00,281.00,224.00,236.00,224.00
231.00,62.00,277.00,62.00,277.00,225.00,231.00,225.00
228.00,66.00,273.00,66.00,273.00,224.00,228.00,224.00
225.00,69.00,268.00,69.00,268.00,223.00,225.00,223.00
222.00,74.00,264.00,74.00,264.00,224.00,222.00,224.00
218.00,77.00,260.00,77.00,260.00,226.00,218.00,226.00
217.00,83.00,257.00,83.00,257.00,227.00,217.00,227.00
214.00,85.00,255.00,85.00,255.00,228.00,214.00,228.00
211.00,89.00,250.00,89.00,250.00,228.00,211.00,228.00
209.00,96.00,247.00,96.00,247.00,230.00,209.00,230.00
214.00,95.00,251.00,95.00,251.00,227.00,214.00,227.00
210.00,97.00,247.00,97.00,247.00,229.00,210.00,229.00
209.00,98.00,246.00,98.00,246.00,227.00,209.00,227.00
209.00,100.00,244.00,100.00,244.00,226.00,209.00,226.00
208.00,101.00,243.00,101.00,243.00,225.00,208.00,225.00
207.00,102.00,241.00,102.00,241.00,223.00,207.00,223.00
205.00,100.00,241.00,100.00,241.00,226.00,205.00,226.00
204.00,100.00,239.00,100.00,239.00,226.00,204.00,226.00
202.00,100.00,238.00,100.00,238.00,226.00,202.00,226.00
202.00,101.00,236.00,101.00,236.00,223.00,202.00,223.00
201.00,100.00,235.00,100.00,235.00,222.00,201.00,222.00
202.00,102.00,236.00,102.00,236.00,222.00,202.00,222.00
201.00,102.00,235.00,102.00,235.00,220.00,201.00,220.00
202.00,102.00,236.00,102.00,236.00,222.00,202.00,222.00
202.00,102.00,235.00,102.00,235.00,219.00,202.00,219.00
203.00,103.00,234.00,103.00,234.00,217.00,203.00,217.00
203.00,103.00,236.00,103.00,236.00,218.00,203.00,218.00
203.00,101.00,236.00,101.00,236.00,218.00,203.00,218.00
203.00,101.00,236.00,101.00,236.00,219.00,203.00,219.00
203.00,101.00,236.00,101.00,236.00,218.00,203.00,218.00
203.00,102.00,236.00,102.00,236.00,220.00,203.00,220.00
203.00,103.00,236.00,103.00,236.00,220.00,203.00,220.00
204.00,102.00,238.00,102.00,238.00,222.00,204.00,222.00
206.00,103.00,239.00,103.00,239.00,223.00,206.00,223.00
209.00,106.00,242.00,106.00,242.00,224.00,209.00,224.00
211.00,109.00,243.00,109.00,243.00,224.00,211.00,224.00
210.00,109.00,243.00,109.00,243.00,227.00,210.00,227.00
211.00,112.00,244.00,112.00,244.00,227.00,211.00,227.00
212.00,109.00,246.00,109.00,246.00,229.00,212.00,229.00
211.00,108.00,244.00,108.00,244.00,228.00,211.00,228.00
211.00,107.00,246.00,107.00,246.00,230.00,211.00,230.00
209.00,106.00,244.00,106.00,244.00,228.00,209.00,228.00
208.00,103.00,242.00,103.00,242.00,225.00,208.00,225.00
208.00,101.00,243.00,101.00,243.00,225.00,208.00,225.00
203.00,98.00,239.00,98.00,239.00,226.00,203.00,226.00
200.00,94.00,237.00,94.00,237.00,226.00,200.00,226.00
200.00,93.00,237.00,93.00,237.00,224.00,200.00,224.00
199.00,90.00,236.00,90.00,236.00,223.00,199.00,223.00
196.00,84.00,235.00,84.00,235.00,221.00,196.00,221.00
194.00,80.00,234.00,80.00,234.00,221.00,194.00,221.00
192.00,73.00,233.00,73.00,233.00,219.00,192.00,219.00
191.00,70.00,233.00,70.00,233.00,219.00,191.00,219.00
189.00,65.00,233.00,65.00,233.00,219.00,189.00,219.00
188.00,62.00,232.00,62.00,232.00,217.00,188.00,217.00
188.00,60.00,234.00,60.00,234.00,219.00,188.00,219.00
189.00,61.00,233.00,61.00,233.00,217.00,189.00,217.00
191.00,60.00,234.00,60.00,234.00,214.00,191.00,214.00
192.00,62.00,234.00,62.00,234.00,211.00,192.00,211.00
194.00,62.00,236.00,62.00,236.00,209.00,194.00,209.00
197.00,62.00,239.00,62.00,239.00,211.00,197.00,211.00
199.00,62.00,241.00,62.00,241.00,211.00,199.00,211.00
203.00,65.00,244.00,65.00,244.00,209.00,203.00,209.00
207.00,62.00,249.00,62.00,249.00,210.00,207.00,210.00
210.00,60.00,253.00,60.00,253.00,212.00,210.00,212.00
214.00,58.00,259.00,58.00,259.00,214.00,214.00,214.00
221.00,58.00,265.00,58.00,265.00,212.00,221.00,212.00
227.00,57.00,271.00,57.00,271.00,213.00,227.00,213.00
233.00,58.00,278.00,58.00,278.00,216.00,233.00,216.00
241.00,55.00,287.00,55.00,287.00,216.00,241.00,216.00
246.00,55.00,291.00,55.00,291.00,215.00,246.00,215.00
250.00,56.00,295.00,56.00,295.00,213.00,250.00,213.00
257.00,59.00,300.00,59.00,300.00,211.00,257.00,211.00
263.00,60.00,305.00,60.00,305.00,208.00,263.00,208.00
265.00,59.00,307.00,59.00,307.00,206.00,265.00,206.00
267.00,56.00,308.00,56.00,308.00,204.00,267.00,204.00
269.00,56.00,310.00,56.00,310.00,202.00,269.00,202.00
270.00,54.00,312.00,54.00,312.00,205.00,270.00,205.00
272.00,55.00,314.00,55.00,314.00,204.00,272.00,204.00
273.00,52.00,315.00,52.00,315.00,203.00,273.00,203.00
274.00,50.00,317.00,50.00,317.00,203.00,274.00,203.00
273.00,51.00,315.00,51.00,315.00,200.00,273.00,200.00
274.00,50.00,316.00,50.00,316.00,199.00,274.00,199.00
277.00,47.00,319.00,47.00,319.00,194.00,277.00,194.00
277.00,45.00,318.00,45.00,318.00,192.00,277.00,192.00
277.00,46.00,317.00,46.00,317.00,190.00,277.00,190.00
277.00,47.00,316.00,47.00,316.00,186.00,277.00,186.00
277.00,43.00,317.00,43.00,317.00,186.00,277.00,186.00
276.00,41.00,316.00,41.00,316.00,181.00,276.00,181.00
277.00,41.00,318.00,41.00,318.00,184.00,277.00,184.00
278.00,42.00,320.00,42.00,320.00,189.00,278.00,189.00
278.00,40.00,320.00,40.00,320.00,187.00,278.00,187.00
277.00,36.00,319.00,36.00,319.00,187.00,277.00,187.00
275.00,32.00,319.00,32.00,319.00,187.00,275.00,187.00
275.00,29.00,320.00,29.00,320.00,189.00,275.00,189.00
274.00,29.00,319.00,29.00,319.00,188.00,274.00,188.00
272.00,26.00,318.00,26.00,318.00,189.00,272.00,189.00
271.00,26.00,317.00,26.00,317.00,189.00,271.00,189.00
268.00,25.00,316.00,25.00,316.00,193.00,268.00,193.00
267.00,26.00,315.00,26.00,315.00,195.00,267.00,195.00
266.00,28.00,314.00,28.00,314.00,197.00,266.00,197.00
262.00,28.00,312.00,28.00,312.00,203.00,262.00,203.00
257.00,26.00,308.00,26.00,308.00,207.00,257.00,207.00
257.00,30.00,308.00,30.00,308.00,212.00,257.00,212.00
256.00,30.00,309.00,30.00,309.00,217.00,256.00,217.00
251.00,29.00,306.00,29.00,306.00,222.00,251.00,222.00
245.00,28.00,301.00,28.00,301.00,227.00,245.00,227.00
235.00,27.00,293.00,27.00,293.00,232.00,235.00,232.00
225.00,24.00,285.00,24.00,285.00,235.00,225.00,235.00
214.00,21.00,276.00,21.00,276.00,239.00,214.00,239.00
199.00,16.00,263.00,16.00,263.00,241.00,199.00,241.00
187.00,10.00,252.00,10.00,252.00,239.00,187.00,239.00
174.00,6.00,241.00,6.00,241.00,242.00,174.00,242.00
161.00,-2.00,231.00,-2.00,231.00,241.00,161.00,241.00
147.00,-4.00,216.00,-4.00,216.00,236.00,147.00,236.00
136.00,-12.00,205.00,-12.00,205.00,231.00,136.00,231.00
126.00,-18.00,197.00,-18.00,197.00,232.00,126.00,232.00
115.00,-24.00,187.00,-24.00,187.00,231.00,115.00,231.00
106.00,-25.00,177.00,-25.00,177.00,225.00,106.00,225.00
100.00,-25.00,171.00,-25.00,171.00,225.00,100.00,225.00
91.00,-20.00,161.00,-20.00,161.00,223.00,91.00,223.00
83.00,-16.00,152.00,-16.00,152.00,228.00,83.00,228.00
75.00,-5.00,142.00,-5.00,142.00,233.00,75.00,233.00
66.00,6.00,132.00,6.00,132.00,237.00,66.00,237.00
61.00,18.00,125.00,18.00,125.00,245.00,61.00,245.00
56.00,27.00,119.00,27.00,119.00,247.00,56.00,247.00
52.00,35.00,113.00,35.00,113.00,250.00,52.00,250.00
51.00,37.00,113.00,37.00,113.00,256.00,51.00,256.00
53.00,37.00,116.00,37.00,116.00,259.00,53.00,259.00
58.00,39.00,122.00,39.00,122.00,263.00,58.00,263.00
61.00,45.00,126.00,45.00,126.00,274.00,61.00,274.00
64.00,47.00,131.00,47.00,131.00,283.00,64.00,283.00
68.00,47.00,134.00,47.00,134.00,280.00,68.00,280.00
72.00,52.00,136.00,52.00,136.00,279.00,72.00,279.00
74.00,58.00,136.00,58.00,136.00,278.00,74.00,278.00
75.00,60.00,135.00,60.00,135.00,274.00,75.00,274.00
79.00,64.00,138.00,64.00,138.00,271.00,79.00,271.00
80.00,66.00,138.00,66.00,138.00,269.00,80.00,269.00
85.00,66.00,142.00,66.00,142.00,267.00,85.00,267.00
87.00,68.00,142.00,68.00,142.00,263.00,87.00,263.00
90.00,72.00,144.00,72.00,144.00,261.00,90.00,261.00
90.00,71.00,144.00,71.00,144.00,261.00,90.00,261.00
99.00,69.00,152.00,69.00,152.00,255.00,99.00,255.00
100.00,70.00,152.00,70.00,152.00,253.00,100.00,253.00
109.00,66.00,160.00,66.00,160.00,248.00,109.00,248.00
110.00,67.00,160.00,67.00,160.00,245.00,110.00,245.00
115.00,67.00,164.00,67.00,164.00,240.00,115.00,240.00
115.00,67.00,164.00,67.00,164.00,240.00,115.00,240.00
116.00,67.00,164.00,67.00,164.00,237.00,116.00,237.00
117.00,69.00,164.00,69.00,164.00,234.00,117.00,234.00
118.00,66.00,165.00,66.00,165.00,231.00,118.00,231.00
119.00,67.00,165.00,67.00,165.00,230.00,119.00,230.00
121.00,64.00,166.00,64.00,166.00,224.00,121.00,224.00
120.00,62.00,166.00,62.00,166.00,227.00,120.00,227.00
123.00,63.00,168.00,63.00,168.00,223.00,123.00,223.00
123.00,64.00,167.00,64.00,167.00,221.00,123.00,221.00
126.00,61.00,170.00,61.00,170.00,218.00,126.00,218.00
126.00,61.00,170.00,61.00,170.00,218.00,126.00,218.00
128.00,60.00,173.00,60.00,173.00,218.00,128.00,218.00
128.00,60.00,173.00,60.00,173.00,220.00,128.00,220.00
130.00,61.00,175.00,61.00,175.00,221.00,130.00,221.00
130.00,64.00,174.00,64.00,174.00,218.00,130.00,218.00
132.00,63.00,177.00,63.00,177.00,221.00,132.00,221.00
132.00,63.00,176.00,63.00,176.00,220.00,132.00,220.00
135.00,66.00,178.00,66.00,178.00,220.00,135.00,220.00
135.00,69.00,177.00,69.00,177.00,218.00,135.00,218.00
138.00,67.00,181.00,67.00,181.00,217.00,138.00,217.00
138.00,68.00,180.00,68.00,180.00,215.00,138.00,215.00
144.00,69.00,185.00,69.00,185.00,212.00,144.00,212.00
144.00,67.00,185.00,67.00,185.00,214.00,144.00,214.00
148.00,68.00,189.00,68.00,189.00,211.00,148.00,211.00
149.00,70.00,188.00,70.00,188.00,209.00,149.00,209.00
152.00,66.00,192.00,66.00,192.00,209.00,152.00,209.00
152.00,66.00,192.00,66.00,192.00,208.00,152.00,208.00
155.00,65.00,195.00,65.00,195.00,206.00,155.00,206.00
155.00,66.00,194.00,66.00,194.00,205.00,155.00,205.00
157.00,68.00,196.00,68.00,196.00,207.00,157.00,207.00
157.00,67.00,197.00,67.00,197.00,208.00,157.00,208.00
160.00,71.00,199.00,71.00,199.00,208.00,160.00,208.00
160.00,70.00,200.00,70.00,200.00,209.00,160.00,209.00
163.00,68.00,202.00,68.00,202.00,208.00,163.00,208.00
163.00,67.00,203.00,67.00,203.00,208.00,163.00,208.00
169.00,67.00,208.00,67.00,208.00,209.00,169.00,209.00
168.00,69.00,207.00,69.00,207.00,208.00,168.00,208.00
176.00,68.00,216.00,68.00,216.00,211.00,176.00,211.00
175.00,66.00,216.00,66.00,216.00,213.00,175.00,213.00
180.00,66.00,222.00,66.00,222.00,215.00,180.00,215.00
180.00,66.00,223.00,66.00,223.00,216.00,180.00,216.00
183.00,65.00,225.00,65.00,225.00,216.00,183.00,216.00
183.00,66.00,225.00,66.00,225.00,216.00,183.00,216.00
183.00,66.00,225.00,66.00,225.00,212.00,183.00,212.00
183.00,66.00,225.00,66.00,225.00,212.00,183.00,212.00
183.00,65.00,223.00,65.00,223.00,208.00,183.00,208.00
184.00,67.00,223.00,67.00,223.00,206.00,184.00,206.00
183.00,65.00,224.00,65.00,224.00,208.00,183.00,208.00
