11.934,0,0,0,0,0,0,0,0,0,0,0,0,0,0
0.20629,0,0,0,0,0,0,0,0,0,0,0,0,0,0
0.15019,0,0,0,0,0,0,0,0,0,0,0,0,0,0
0.087413,0,0,0,0,0,0,0,0,0,0,0,0,0,0
0.11244,0,0,0,0,0,0,0,0,0,0,0,0,0,0
0.097548,0,0,0,0,0,0,0,0,0,0,0,0,0,0
0.28901,0,0,0,0,0,0,0,0,0,0,0,0,0,0
0.079167,0,0,0,0,0,0,0,0,0,0,0,0,0,0
0.078155,0,0,0,0,0,0,0,0,0,0,0,0,0,0
0.077159,0,0,0,0,0,0,0,0,0,0,0,0,0,0
0.07746,0,0,0,0,0,0,0,0,0,0,0,0,0,0
0.077789,0,0,0,0,0,0,0,0,0,0,0,0,0,0
0.16495,0,0,0,0,0,0,0,0,0,0,0,0,0,0
0.077343,0,0,0,0,0,0,0,0,0,0,0,0,0,0
0.07737,0,0,0,0,0,0,0,0,0,0,0,0,0,0
0.076774,0,0,0,0,0,0,0,0,0,0,0,0,0,0
0.077625,0,0,0,0,0,0,0,0,0,0,0,0,0,0
0.078204,0,0,0,0,0,0,0,0,0,0,0,0,0,0
0.16133,0,0,0,0,0,0,0,0,0,0,0,0,0,0
0.077715,0,0,0,0,0,0,0,0,0,0,0,0,0,0
0.078506,0,0,0,0,0,0,0,0,0,0,0,0,0,0
0.077275,0,0,0,0,0,0,0,0,0,0,0,0,0,0
0.076912,0,0,0,0,0,0,0,0,0,0,0,0,0,0
0.077135,0,0,0,0,0,0,0,0,0,0,0,0,0,0
0.16078,0,0,0,0,0,0,0,0,0,0,0,0,0,0
0.079073,0,0,0,0,0,0,0,0,0,0,0,0,0,0
0.078674,0,0,0,0,0,0,0,0,0,0,0,0,0,0
0.079526,0,0,0,0,0,0,0,0,0,0,0,0,0,0
0.077736,0,0,0,0,0,0,0,0,0,0,0,0,0,0
0.07725,0,0,0,0,0,0,0,0,0,0,0,0,0,0
0.16717,0,0,0,0,0,0,0,0,0,0,0,0,0,0
0.076293,0,0,0,0,0,0,0,0,0,0,0,0,0,0
0.078568,0,0,0,0,0,0,0,0,0,0,0,0,0,0
0.075605,0,0,0,0,0,0,0,0,0,0,0,0,0,0
0.077348,0,0,0,0,0,0,0,0,0,0,0,0,0,0
0.077253,0,0,0,0,0,0,0,0,0,0,0,0,0,0
0.15779,0,0,0,0,0,0,0,0,0,0,0,0,0,0
0.079143,0,0,0,0,0,0,0,0,0,0,0,0,0,0
0.077805,0,0,0,0,0,0,0,0,0,0,0,0,0,0
0.078196,0,0,0,0,0,0,0,0,0,0,0,0,0,0
0.078374,0,0,0,0,0,0,0,0,0,0,0,0,0,0
0.077308,0,0,0,0,0,0,0,0,0,0,0,0,0,0
0.15779,0,0,0,0,0,0,0,0,0,0,0,0,0,0
0.076655,0,0,0,0,0,0,0,0,0,0,0,0,0,0
0.077836,0,0,0,0,0,0,0,0,0,0,0,0,0,0
0.18223,0,0,0,0,0,0,0,0,0,0,0,0,0,0
0.11613,0,0,0,0,0,0,0,0,0,0,0,0,0,0
0.081164,0,0,0,0,0,0,0,0,0,0,0,0,0,0
0.1696,0,0,0,0,0,0,0,0,0,0,0,0,0,0
0.08175,0,0,0,0,0,0,0,0,0,0,0,0,0,0
0.12027,0,0,0,0,0,0,0,0,0,0,0,0,0,0
0.085063,0,0,0,0,0,0,0,0,0,0,0,0,0,0
0.082294,0,0,0,0,0,0,0,0,0,0,0,0,0,0
0.080676,0,0,0,0,0,0,0,0,0,0,0,0,0,0
0.16464,0,0,0,0,0,0,0,0,0,0,0,0,0,0
0.082236,0,0,0,0,0,0,0,0,0,0,0,0,0,0
0.082426,0,0,0,0,0,0,0,0,0,0,0,0,0,0
0.081418,0,0,0,0,0,0,0,0,0,0,0,0,0,0
0.079562,0,0,0,0,0,0,0,0,0,0,0,0,0,0
0.079003,0,0,0,0,0,0,0,0,0,0,0,0,0,0
0.15936,0,0,0,0,0,0,0,0,0,0,0,0,0,0
0.079526,0,0,0,0,0,0,0,0,0,0,0,0,0,0
0.078409,0,0,0,0,0,0,0,0,0,0,0,0,0,0
0.079668,0,0,0,0,0,0,0,0,0,0,0,0,0,0
0.077493,0,0,0,0,0,0,0,0,0,0,0,0,0,0
0.078885,0,0,0,0,0,0,0,0,0,0,0,0,0,0
0.1589,0,0,0,0,0,0,0,0,0,0,0,0,0,0
0.078437,0,0,0,0,0,0,0,0,0,0,0,0,0,0
0.080274,0,0,0,0,0,0,0,0,0,0,0,0,0,0
0.078541,0,0,0,0,0,0,0,0,0,0,0,0,0,0
0.080519,0,0,0,0,0,0,0,0,0,0,0,0,0,0
0.081339,0,0,0,0,0,0,0,0,0,0,0,0,0,0
0.1582,0,0,0,0,0,0,0,0,0,0,0,0,0,0
0.085278,0,0,0,0,0,0,0,0,0,0,0,0,0,0
0.079776,0,0,0,0,0,0,0,0,0,0,0,0,0,0
0.0806,0,0,0,0,0,0,0,0,0,0,0,0,0,0
0.080619,0,0,0,0,0,0,0,0,0,0,0,0,0,0
0.083724,0,0,0,0,0,0,0,0,0,0,0,0,0,0
0.1715,0,0,0,0,0,0,0,0,0,0,0,0,0,0
0.083373,0,0,0,0,0,0,0,0,0,0,0,0,0,0
0.082021,0,0,0,0,0,0,0,0,0,0,0,0,0,0
0.081969,0,0,0,0,0,0,0,0,0,0,0,0,0,0
0.081232,0,0,0,0,0,0,0,0,0,0,0,0,0,0
0.082828,0,0,0,0,0,0,0,0,0,0,0,0,0,0
0.1607,0,0,0,0,0,0,0,0,0,0,0,0,0,0
0.086154,0,0,0,0,0,0,0,0,0,0,0,0,0,0
0.080613,0,0,0,0,0,0,0,0,0,0,0,0,0,0
NaN,0,0,0,0,0,0,0,0,0,0,0,0,0,0
NaN,0,0,0,0,0,0,0,0,0,0,0,0,0,0
NaN,0,0,0,0,0,0,0,0,0,0,0,0,0,0
NaN,0,0,0,0,0,0,0,0,0,0,0,0,0,0
11.203,0,0,0,0,0,0,0,0,0,0,0,0,0,0
0.22334,0,0,0,0,0,0,0,0,0,0,0,0,0,0
0.16194,0,0,0,0,0,0,0,0,0,0,0,0,0,0
0.10447,0,0,0,0,0,0,0,0,0,0,0,0,0,0
0.13089,0,0,0,0,0,0,0,0,0,0,0,0,0,0
0.11535,0,0,0,0,0,0,0,0,0,0,0,0,0,0
0.30614,0,0,0,0,0,0,0,0,0,0,0,0,0,0
0.09672,0,0,0,0,0,0,0,0,0,0,0,0,0,0
0.095932,0,0,0,0,0,0,0,0,0,0,0,0,0,0
0.097262,0,0,0,0,0,0,0,0,0,0,0,0,0,0
0.10307,0,0,0,0,0,0,0,0,0,0,0,0,0,0
0.090396,0,0,0,0,0,0,0,0,0,0,0,0,0,0
0.19017,0,0,0,0,0,0,0,0,0,0,0,0,0,0
0.093587,0,0,0,0,0,0,0,0,0,0,0,0,0,0
0.089119,0,0,0,0,0,0,0,0,0,0,0,0,0,0
0.089816,0,0,0,0,0,0,0,0,0,0,0,0,0,0
0.088543,0,0,0,0,0,0,0,0,0,0,0,0,0,0
0.091219,0,0,0,0,0,0,0,0,0,0,0,0,0,0
0.17632,0,0,0,0,0,0,0,0,0,0,0,0,0,0
0.089908,0,0,0,0,0,0,0,0,0,0,0,0,0,0
0.092658,0,0,0,0,0,0,0,0,0,0,0,0,0,0
0.090181,0,0,0,0,0,0,0,0,0,0,0,0,0,0
0.092873,0,0,0,0,0,0,0,0,0,0,0,0,0,0
0.092759,0,0,0,0,0,0,0,0,0,0,0,0,0,0
0.18058,0,0,0,0,0,0,0,0,0,0,0,0,0,0
0.093352,0,0,0,0,0,0,0,0,0,0,0,0,0,0
0.091928,0,0,0,0,0,0,0,0,0,0,0,0,0,0
0.094119,0,0,0,0,0,0,0,0,0,0,0,0,0,0
0.092041,0,0,0,0,0,0,0,0,0,0,0,0,0,0
