1
294.00,145.00,336.00,145.00,336.00,293.00,294.00,293.00
295.00,145.00,337.00,145.00,337.00,293.00,295.00,293.00
296.00,145.00,338.00,145.00,338.00,293.00,296.00,293.00
297.00,145.00,340.00,145.00,340.00,295.00,297.00,295.00
298.00,146.00,340.00,146.00,340.00,294.00,298.00,294.00
298.00,146.00,340.00,146.00,340.00,294.00,298.00,294.00
299.00,146.00,341.00,146.00,341.00,294.00,299.00,294.00
299.00,146.00,341.00,146.00,341.00,294.00,299.00,294.00
299.00,148.00,340.00,148.00,340.00,294.00,299.00,294.00
298.00,149.00,339.00,149.00,339.00,292.00,298.00,292.00
297.00,149.00,337.00,149.00,337.00,291.00,297.00,291.00
295.00,149.00,336.00,149.00,336.00,292.00,295.00,292.00
293.00,149.00,334.00,149.00,334.00,291.00,293.00,291.00
291.00,149.00,331.00,149.00,331.00,291.00,291.00,291.00
289.00,151.00,329.00,151.00,329.00,291.00,289.00,291.00
287.00,149.00,327.00,149.00,327.00,291.00,287.00,291.00
285.00,151.00,325.00,151.00,325.00,291.00,285.00,291.00
283.00,150.00,324.00,150.00,324.00,294.00,283.00,294.00
282.00,150.00,322.00,150.00,322.00,293.00,282.00,293.00
280.00,151.00,321.00,151.00,321.00,294.00,280.00,294.00
279.00,152.00,318.00,152.00,318.00,293.00,279.00,293.00
277.00,152.00,317.00,152.00,317.00,293.00,277.00,293.00
277.00,153.00,317.00,153.00,317.00,293.00,277.00,293.00
277.00,154.00,316.00,154.00,316.00,294.00,277.00,294.00
277.00,155.00,316.00,155.00,316.00,293.00,277.00,293.00
276.00,156.00,316.00,156.00,316.00,295.00,276.00,295.00
275.00,157.00,315.00,157.00,315.00,296.00,275.00,296.00
274.00,157.00,314.00,157.00,314.00,297.00,274.00,297.00
274.00,158.00,313.00,158.00,313.00,297.00,274.00,297.00
271.00,160.00,311.00,160.00,311.00,299.00,271.00,299.00
270.00,161.00,310.00,161.00,310.00,300.00,270.00,300.00
269.00,163.00,308.00,163.00,308.00,299.00,269.00,299.00
268.00,164.00,307.00,164.00,307.00,300.00,268.00,300.00
267.00,164.00,306.00,164.00,306.00,302.00,267.00,302.00
266.00,164.00,306.00,164.00,306.00,303.00,266.00,303.00
264.00,164.00,304.00,164.00,304.00,303.00,264.00,303.00
263.00,164.00,302.00,164.00,302.00,302.00,263.00,302.00
263.00,164.00,302.00,164.00,302.00,302.00,263.00,302.00
262.00,165.00,301.00,165.00,301.00,303.00,262.00,303.00
261.00,166.00,300.00,166.00,300.00,302.00,261.00,302.00
259.00,166.00,298.00,166.00,298.00,302.00,259.00,302.00
259.00,167.00,297.00,167.00,297.00,301.00,259.00,301.00
260.00,169.00,297.00,169.00,297.00,299.00,260.00,299.00
261.00,169.00,297.00,169.00,297.00,299.00,261.00,299.00
261.00,169.00,298.00,169.00,298.00,299.00,261.00,299.00
262.00,169.00,299.00,169.00,299.00,299.00,262.00,299.00
263.00,169.00,300.00,169.00,300.00,298.00,263.00,298.00
265.00,168.00,302.00,168.00,302.00,299.00,265.00,299.00
264.00,165.00,302.00,165.00,302.00,299.00,264.00,299.00
264.00,166.00,301.00,166.00,301.00,296.00,264.00,296.00
263.00,166.00,300.00,166.00,300.00,297.00,263.00,297.00
260.00,165.00,297.00,165.00,297.00,295.00,260.00,295.00
260.00,165.00,297.00,165.00,297.00,294.00,260.00,294.00
260.00,165.00,296.00,165.00,296.00,292.00,260.00,292.00
260.00,164.00,296.00,164.00,296.00,292.00,260.00,292.00
259.00,162.00,296.00,162.00,296.00,293.00,259.00,293.00
256.00,159.00,294.00,159.00,294.00,293.00,256.00,293.00
257.00,157.00,296.00,157.00,296.00,294.00,257.00,294.00
257.00,157.00,296.00,157.00,296.00,293.00,257.00,293.00
259.00,158.00,297.00,158.00,297.00,290.00,259.00,290.00
258.00,157.00,295.00,157.00,295.00,289.00,258.00,289.00
254.00,155.00,292.00,155.00,292.00,288.00,254.00,288.00
251.00,151.00,290.00,151.00,290.00,289.00,251.00,289.00
252.00,149.00,292.00,149.00,292.00,289.00,252.00,289.00
255.00,150.00,294.00,150.00,294.00,286.00,255.00,286.00
257.00,149.00,295.00,149.00,295.00,284.00,257.00,284.00
257.00,148.00,295.00,148.00,295.00,282.00,257.00,282.00
258.00,147.00,296.00,147.00,296.00,281.00,258.00,281.00
259.00,146.00,297.00,146.00,297.00,281.00,259.00,281.00
258.00,148.00,296.00,148.00,296.00,279.00,258.00,279.00
259.00,147.00,297.00,147.00,297.00,280.00,259.00,280.00
260.00,146.00,298.00,146.00,298.00,280.00,260.00,280.00
260.00,146.00,298.00,146.00,298.00,280.00,260.00,280.00
261.00,148.00,298.00,148.00,298.00,278.00,261.00,278.00
262.00,148.00,299.00,148.00,299.00,279.00,262.00,279.00
262.00,148.00,299.00,148.00,299.00,279.00,262.00,279.00
261.00,148.00,298.00,148.00,298.00,276.00,261.00,276.00
261.00,148.00,298.00,148.00,298.00,279.00,261.00,279.00
261.00,148.00,298.00,148.00,298.00,277.00,261.00,277.00
260.00,149.00,297.00,149.00,297.00,279.00,260.00,279.00
260.00,149.00,297.00,149.00,297.00,279.00,260.00,279.00
261.00,150.00,297.00,150.00,297.00,279.00,261.00,279.00
260.00,150.00,297.00,150.00,297.00,280.00,260.00,280.00
261.00,150.00,298.00,150.00,298.00,280.00,261.00,280.00
260.00,149.00,298.00,149.00,298.00,283.00,260.00,283.00
262.00,149.00,299.00,149.00,299.00,282.00,262.00,282.00
262.00,149.00,299.00,149.00,299.00,281.00,262.00,281.00
263.00,149.00,300.00,149.00,300.00,280.00,263.00,280.00
263.00,148.00,300.00,148.00,300.00,278.00,263.00,278.00
263.00,147.00,301.00,147.00,301.00,280.00,263.00,280.00
264.00,145.00,302.00,145.00,302.00,279.00,264.00,279.00
264.00,144.00,303.00,144.00,303.00,281.00,264.00,281.00
264.00,144.00,303.00,144.00,303.00,281.00,264.00,281.00
265.00,145.00,304.00,145.00,304.00,281.00,265.00,281.00
265.00,145.00,304.00,145.00,304.00,282.00,265.00,282.00
267.00,146.00,305.00,146.00,305.00,281.00,267.00,281.00
268.00,147.00,306.00,147.00,306.00,280.00,268.00,280.00
270.00,147.00,307.00,147.00,307.00,280.00,270.00,280.00
271.00,146.00,309.00,146.00,309.00,281.00,271.00,281.00
272.00,148.00,309.00,148.00,309.00,280.00,272.00,280.00
273.00,147.00,311.00,147.00,311.00,282.00,273.00,282.00
274.00,146.00,313.00,146.00,313.00,285.00,274.00,285.00
278.00,149.00,316.00,149.00,316.00,284.00,278.00,284.00
281.00,151.00,319.00,151.00,319.00,284.00,281.00,284.00
281.00,150.00,320.00,150.00,320.00,287.00,281.00,287.00
284.00,152.00,322.00,152.00,322.00,286.00,284.00,286.00
286.00,152.00,324.00,152.00,324.00,286.00,286.00,286.00
280.00,148.00,319.00,148.00,319.00,286.00,280.00,286.00
283.00,146.00,321.00,146.00,321.00,280.00,283.00,280.00
287.00,146.00,325.00,146.00,325.00,280.00,287.00,280.00
299.00,179.00,338.00,179.00,338.00,317.00,299.00,317.00
307.00,180.00,347.00,180.00,347.00,320.00,307.00,320.00
312.00,180.00,352.00,180.00,352.00,321.00,312.00,321.00
320.00,180.00,361.00,180.00,361.00,324.00,320.00,324.00
325.00,182.00,365.00,182.00,365.00,322.00,325.00,322.00
2
0
0
0
0
1
283.00,148.00,331.00,148.00,331.00,295.00,283.00,295.00
284.00,147.00,333.00,147.00,333.00,296.00,284.00,296.00
282.00,148.00,329.00,148.00,329.00,292.00,282.00,292.00
284.00,146.00,332.00,146.00,332.00,292.00,284.00,292.00
283.00,147.00,331.00,147.00,331.00,293.00,283.00,293.00
283.00,147.00,331.00,147.00,331.00,293.00,283.00,293.00
283.00,147.00,332.00,147.00,332.00,296.00,283.00,296.00
283.00,148.00,331.00,148.00,331.00,295.00,283.00,295.00
282.00,147.00,331.00,147.00,331.00,296.00,282.00,296.00
283.00,148.00,331.00,148.00,331.00,294.00,283.00,294.00
282.00,148.00,330.00,148.00,330.00,295.00,282.00,295.00
281.00,148.00,329.00,148.00,329.00,295.00,281.00,295.00
280.00,149.00,328.00,149.00,328.00,294.00,280.00,294.00
279.00,149.00,327.00,149.00,327.00,296.00,279.00,296.00
278.00,149.00,327.00,149.00,327.00,297.00,278.00,297.00
279.00,150.00,327.00,150.00,327.00,296.00,279.00,296.00
278.00,150.00,326.00,150.00,326.00,296.00,278.00,296.00
279.00,151.00,326.00,151.00,326.00,294.00,279.00,294.00
277.00,150.00,326.00,150.00,326.00,296.00,277.00,296.00
276.00,149.00,325.00,149.00,325.00,298.00,276.00,298.00
276.00,150.00,323.00,150.00,323.00,294.00,276.00,294.00
275.00,149.00,323.00,149.00,323.00,295.00,275.00,295.00
275.00,149.00,323.00,149.00,323.00,293.00,275.00,293.00
276.00,148.00,323.00,148.00,323.00,292.00,276.00,292.00
276.00,148.00,323.00,148.00,323.00,292.00,276.00,292.00
276.00,147.00,324.00,147.00,324.00,292.00,276.00,292.00
277.00,147.00,325.00,147.00,325.00,293.00,277.00,293.00
278.00,148.00,326.00,148.00,326.00,293.00,278.00,293.00
280.00,150.00,327.00,150.00,327.00,291.00,280.00,291.00
281.00,150.00,328.00,150.00,328.00,293.00,281.00,293.00
281.00,148.00,329.00,148.00,329.00,295.00,281.00,295.00
281.00,150.00,328.00,150.00,328.00,293.00,281.00,293.00
282.00,148.00,330.00,148.00,330.00,296.00,282.00,296.00
283.00,150.00,330.00,150.00,330.00,294.00,283.00,294.00
282.00,150.00,330.00,150.00,330.00,296.00,282.00,296.00
280.00,149.00,329.00,149.00,329.00,298.00,280.00,298.00
278.00,152.00,326.00,152.00,326.00,298.00,278.00,298.00
277.00,154.00,323.00,154.00,323.00,295.00,277.00,295.00
275.00,155.00,320.00,155.00,320.00,293.00,275.00,293.00
273.00,155.00,320.00,155.00,320.00,297.00,273.00,297.00
273.00,156.00,319.00,156.00,319.00,297.00,273.00,297.00
271.00,156.00,318.00,156.00,318.00,299.00,271.00,299.00
272.00,158.00,318.00,158.00,318.00,300.00,272.00,300.00
271.00,159.00,318.00,159.00,318.00,301.00,271.00,301.00
271.00,161.00,318.00,161.00,318.00,302.00,271.00,302.00
271.00,158.00,319.00,158.00,319.00,305.00,271.00,305.00
272.00,162.00,318.00,162.00,318.00,304.00,272.00,304.00
275.00,162.00,321.00,162.00,321.00,304.00,275.00,304.00
277.00,163.00,323.00,163.00,323.00,303.00,277.00,303.00
278.00,163.00,324.00,163.00,324.00,303.00,278.00,303.00
279.00,162.00,325.00,162.00,325.00,303.00,279.00,303.00
279.00,161.00,326.00,161.00,326.00,304.00,279.00,304.00
279.00,157.00,328.00,157.00,328.00,305.00,279.00,305.00
280.00,158.00,329.00,158.00,329.00,307.00,280.00,307.00
280.00,157.00,329.00,157.00,329.00,305.00,280.00,305.00
282.00,157.00,330.00,157.00,330.00,304.00,282.00,304.00
284.00,158.00,332.00,158.00,332.00,304.00,284.00,304.00
285.00,159.00,333.00,159.00,333.00,304.00,285.00,304.00
286.00,158.00,334.00,158.00,334.00,303.00,286.00,303.00
287.00,160.00,334.00,160.00,334.00,302.00,287.00,302.00
290.00,163.00,335.00,163.00,335.00,301.00,290.00,301.00
290.00,161.00,337.00,161.00,337.00,303.00,290.00,303.00
292.00,160.00,339.00,160.00,339.00,305.00,292.00,305.00
292.00,160.00,339.00,160.00,339.00,304.00,292.00,304.00
292.00,161.00,339.00,161.00,339.00,305.00,292.00,305.00
292.00,161.00,339.00,161.00,339.00,306.00,292.00,306.00
291.00,161.00,339.00,161.00,339.00,305.00,291.00,305.00
292.00,161.00,340.00,161.00,340.00,307.00,292.00,307.00
292.00,163.00,339.00,163.00,339.00,306.00,292.00,306.00
292.00,163.00,339.00,163.00,339.00,306.00,292.00,306.00
292.00,165.00,339.00,165.00,339.00,307.00,292.00,307.00
294.00,167.00,340.00,167.00,340.00,308.00,294.00,308.00
292.00,168.00,339.00,168.00,339.00,311.00,292.00,311.00
292.00,169.00,338.00,169.00,338.00,310.00,292.00,310.00
291.00,167.00,339.00,167.00,339.00,312.00,291.00,312.00
291.00,165.00,339.00,165.00,339.00,312.00,291.00,312.00
291.00,164.00,340.00,164.00,340.00,313.00,291.00,313.00
291.00,164.00,339.00,164.00,339.00,311.00,291.00,311.00
291.00,163.00,339.00,163.00,339.00,310.00,291.00,310.00
293.00,165.00,340.00,165.00,340.00,308.00,293.00,308.00
295.00,164.00,342.00,164.00,342.00,308.00,295.00,308.00
298.00,163.00,345.00,163.00,345.00,306.00,298.00,306.00
300.00,162.00,348.00,162.00,348.00,308.00,300.00,308.00
302.00,163.00,349.00,163.00,349.00,307.00,302.00,307.00
305.00,163.00,351.00,163.00,351.00,305.00,305.00,305.00
308.00,165.00,354.00,165.00,354.00,305.00,308.00,305.00
310.00,163.00,356.00,163.00,356.00,305.00,310.00,305.00
311.00,161.00,358.00,161.00,358.00,306.00,311.00,306.00
311.00,160.00,360.00,160.00,360.00,307.00,311.00,307.00
312.00,161.00,359.00,161.00,359.00,306.00,312.00,306.00
313.00,160.00,361.00,160.00,361.00,308.00,313.00,308.00
315.00,162.00,362.00,162.00,362.00,305.00,315.00,305.00
316.00,162.00,363.00,162.00,363.00,307.00,316.00,307.00
316.00,164.00,363.00,164.00,363.00,306.00,316.00,306.00
315.00,162.00,362.00,162.00,362.00,305.00,315.00,305.00
312.00,162.00,360.00,162.00,360.00,308.00,312.00,308.00
311.00,163.00,358.00,163.00,358.00,306.00,311.00,306.00
310.00,164.00,356.00,164.00,356.00,305.00,310.00,305.00
309.00,163.00,356.00,163.00,356.00,308.00,309.00,308.00
307.00,161.00,355.00,161.00,355.00,309.00,307.00,309.00
307.00,163.00,354.00,163.00,354.00,307.00,307.00,307.00
307.00,162.00,354.00,162.00,354.00,307.00,307.00,307.00
306.00,162.00,354.00,162.00,354.00,307.00,306.00,307.00
306.00,163.00,354.00,163.00,354.00,308.00,306.00,308.00
306.00,163.00,354.00,163.00,354.00,307.00,306.00,307.00
306.00,164.00,354.00,164.00,354.00,308.00,306.00,308.00
307.00,162.00,356.00,162.00,356.00,311.00,307.00,311.00
309.00,162.00,358.00,162.00,358.00,310.00,309.00,310.00
311.00,163.00,359.00,163.00,359.00,311.00,311.00,311.00
313.00,164.00,361.00,164.00,361.00,310.00,313.00,310.00
315.00,165.00,362.00,165.00,362.00,309.00,315.00,309.00
316.00,165.00,364.00,165.00,364.00,311.00,316.00,311.00
319.00,167.00,366.00,167.00,366.00,308.00,319.00,308.00
321.00,166.00,368.00,166.00,368.00,309.00,321.00,309.00
323.00,166.00,371.00,166.00,371.00,311.00,323.00,311.00
325.00,165.00,374.00,165.00,374.00,313.00,325.00,313.00
328.00,167.00,375.00,167.00,375.00,312.00,328.00,312.00
330.00,168.00,377.00,168.00,377.00,313.00,330.00,313.00
332.00,168.00,380.00,168.00,380.00,313.00,332.00,313.00
334.00,168.00,382.00,168.00,382.00,314.00,334.00,314.00
336.00,168.00,385.00,168.00,385.00,317.00,336.00,317.00
338.00,169.00,386.00,169.00,386.00,315.00,338.00,315.00
339.00,169.00,388.00,169.00,388.00,317.00,339.00,317.00
341.00,169.00,390.00,169.00,390.00,318.00,341.00,318.00
342.00,169.00,391.00,169.00,391.00,317.00,342.00,317.00
344.00,170.00,392.00,170.00,392.00,316.00,344.00,316.00
345.00,169.00,394.00,169.00,394.00,318.00,345.00,318.00
346.00,168.00,395.00,168.00,395.00,317.00,346.00,317.00
347.00,168.00,396.00,168.00,396.00,317.00,347.00,317.00
348.00,167.00,398.00,167.00,398.00,318.00,348.00,318.00
351.00,167.00,401.00,167.00,401.00,319.00,351.00,319.00
354.00,168.00,403.00,168.00,403.00,319.00,354.00,319.00
356.00,168.00,406.00,168.00,406.00,319.00,356.00,319.00
360.00,168.00,409.00,168.00,409.00,319.00,360.00,319.00
363.00,167.00,413.00,167.00,413.00,321.00,363.00,321.00
366.00,169.00,416.00,169.00,416.00,320.00,366.00,320.00
369.00,168.00,419.00,168.00,419.00,320.00,369.00,320.00
373.00,169.00,423.00,169.00,423.00,319.00,373.00,319.00
377.00,168.00,427.00,168.00,427.00,320.00,377.00,320.00
380.00,169.00,429.00,169.00,429.00,317.00,380.00,317.00
383.00,168.00,432.00,168.00,432.00,319.00,383.00,319.00
386.00,169.00,435.00,169.00,435.00,319.00,386.00,319.00
388.00,169.00,437.00,169.00,437.00,318.00,388.00,318.00
389.00,170.00,438.00,170.00,438.00,319.00,389.00,319.00
390.00,169.00,439.00,169.00,439.00,318.00,390.00,318.00
390.00,171.00,438.00,171.00,438.00,317.00,390.00,317.00
391.00,170.00,440.00,170.00,440.00,320.00,391.00,320.00
391.00,171.00,440.00,171.00,440.00,320.00,391.00,320.00
391.00,172.00,440.00,172.00,440.00,321.00,391.00,321.00
392.00,174.00,440.00,174.00,440.00,320.00,392.00,320.00
392.00,178.00,439.00,178.00,439.00,321.00,392.00,321.00
392.00,178.00,440.00,178.00,440.00,322.00,392.00,322.00
394.00,182.00,440.00,182.00,440.00,321.00,394.00,321.00
397.00,184.00,441.00,184.00,441.00,321.00,397.00,321.00
400.00,184.00,445.00,184.00,445.00,321.00,400.00,321.00
404.00,183.00,449.00,183.00,449.00,322.00,404.00,322.00
407.00,183.00,452.00,183.00,452.00,321.00,407.00,321.00
412.00,182.00,457.00,182.00,457.00,320.00,412.00,320.00
415.00,180.00,462.00,180.00,462.00,321.00,415.00,321.00
418.00,178.00,465.00,178.00,465.00,321.00,418.00,321.00
420.00,177.00,468.00,177.00,468.00,320.00,420.00,320.00
423.00,177.00,469.00,177.00,469.00,318.00,423.00,318.00
425.00,174.00,472.00,174.00,472.00,318.00,425.00,318.00
426.00,171.00,475.00,171.00,475.00,320.00,426.00,320.00
428.00,170.00,477.00,170.00,477.00,320.00,428.00,320.00
428.00,168.00,478.00,168.00,478.00,321.00,428.00,321.00
429.00,169.00,479.00,169.00,479.00,321.00,429.00,321.00
429.00,169.00,479.00,169.00,479.00,320.00,429.00,320.00
428.00,167.00,479.00,167.00,479.00,323.00,428.00,323.00
428.00,166.00,480.00,166.00,480.00,322.00,428.00,322.00
428.00,167.00,479.00,167.00,479.00,322.00,428.00,322.00
427.00,165.00,479.00,165.00,479.00,323.00,427.00,323.00
424.00,163.00,478.00,163.00,478.00,326.00,424.00,326.00
424.00,165.00,476.00,165.00,476.00,324.00,424.00,324.00
422.00,165.00,474.00,165.00,474.00,325.00,422.00,325.00
420.00,165.00,473.00,165.00,473.00,327.00,420.00,327.00
417.00,165.00,470.00,165.00,470.00,327.00,417.00,327.00
414.00,166.00,467.00,166.00,467.00,327.00,414.00,327.00
410.00,167.00,463.00,167.00,463.00,326.00,410.00,326.00
407.00,169.00,458.00,169.00,458.00,324.00,407.00,324.00
403.00,168.00,454.00,168.00,454.00,323.00,403.00,323.00
401.00,170.00,450.00,170.00,450.00,320.00,401.00,320.00
398.00,168.00,448.00,168.00,448.00,322.00,398.00,322.00
396.00,166.00,447.00,166.00,447.00,321.00,396.00,321.00
395.00,169.00,444.00,169.00,444.00,319.00,395.00,319.00
393.00,169.00,443.00,169.00,443.00,319.00,393.00,319.00
392.00,166.00,443.00,166.00,443.00,321.00,392.00,321.00
392.00,164.00,443.00,164.00,443.00,321.00,392.00,321.00
392.00,167.00,442.00,167.00,442.00,319.00,392.00,319.00
392.00,164.00,443.00,164.00,443.00,321.00,392.00,321.00
393.00,166.00,443.00,166.00,443.00,318.00,393.00,318.00
392.00,163.00,444.00,163.00,444.00,320.00,392.00,320.00
393.00,164.00,443.00,164.00,443.00,316.00,393.00,316.00
393.00,162.00,444.00,162.00,444.00,318.00,393.00,318.00
393.00,161.00,445.00,161.00,445.00,317.00,393.00,317.00
393.00,161.00,445.00,161.00,445.00,317.00,393.00,317.00
393.00,158.00,446.00,158.00,446.00,319.00,393.00,319.00
394.00,159.00,446.00,159.00,446.00,318.00,394.00,318.00
394.00,159.00,446.00,159.00,446.00,319.00,394.00,319.00
394.00,160.00,446.00,160.00,446.00,318.00,394.00,318.00
394.00,161.00,446.00,161.00,446.00,318.00,394.00,318.00
395.00,161.00,446.00,161.00,446.00,318.00,395.00,318.00
394.00,159.00,446.00,159.00,446.00,319.00,394.00,319.00
394.00,159.00,446.00,159.00,446.00,317.00,394.00,317.00
394.00,158.00,446.00,158.00,446.00,316.00,394.00,316.00
394.00,158.00,446.00,158.00,446.00,316.00,394.00,316.00
394.00,158.00,446.00,158.00,446.00,315.00,394.00,315.00
394.00,156.00,447.00,156.00,447.00,316.00,394.00,316.00
395.00,156.00,448.00,156.00,448.00,316.00,395.00,316.00
395.00,154.00,449.00,154.00,449.00,317.00,395.00,317.00
397.00,155.00,450.00,155.00,450.00,314.00,397.00,314.00
396.00,152.00,451.00,152.00,451.00,317.00,396.00,317.00
398.00,153.00,451.00,153.00,451.00,314.00,398.00,314.00
399.00,153.00,452.00,153.00,452.00,314.00,399.00,314.00
400.00,151.00,454.00,151.00,454.00,314.00,400.00,314.00
401.00,152.00,454.00,152.00,454.00,313.00,401.00,313.00
402.00,150.00,456.00,150.00,456.00,314.00,402.00,314.00
404.00,151.00,457.00,151.00,457.00,312.00,404.00,312.00
405.00,151.00,458.00,151.00,458.00,313.00,405.00,313.00
406.00,149.00,460.00,149.00,460.00,312.00,406.00,312.00
407.00,147.00,462.00,147.00,462.00,315.00,407.00,315.00
408.00,147.00,462.00,147.00,462.00,313.00,408.00,313.00
408.00,146.00,464.00,146.00,464.00,314.00,408.00,314.00
407.00,145.00,463.00,145.00,463.00,315.00,407.00,315.00
406.00,145.00,462.00,145.00,462.00,313.00,406.00,313.00
406.00,147.00,459.00,147.00,459.00,310.00,406.00,310.00
402.00,146.00,457.00,146.00,457.00,311.00,402.00,311.00
402.00,146.00,455.00,146.00,455.00,309.00,402.00,309.00
398.00,143.00,453.00,143.00,453.00,310.00,398.00,310.00
395.00,142.00,450.00,142.00,450.00,309.00,395.00,309.00
394.00,142.00,448.00,142.00,448.00,307.00,394.00,307.00
390.00,141.00,445.00,141.00,445.00,308.00,390.00,308.00
385.00,140.00,440.00,140.00,440.00,307.00,385.00,307.00
384.00,140.00,439.00,140.00,439.00,306.00,384.00,306.00
381.00,139.00,436.00,139.00,436.00,307.00,381.00,307.00
378.00,138.00,434.00,138.00,434.00,306.00,378.00,306.00
375.00,137.00,431.00,137.00,431.00,306.00,375.00,306.00
374.00,138.00,428.00,138.00,428.00,303.00,374.00,303.00
371.00,136.00,426.00,136.00,426.00,304.00,371.00,304.00
369.00,137.00,423.00,137.00,423.00,301.00,369.00,301.00
367.00,135.00,422.00,135.00,422.00,301.00,367.00,301.00
365.00,135.00,420.00,135.00,420.00,301.00,365.00,301.00
364.00,135.00,418.00,135.00,418.00,298.00,364.00,298.00
362.00,133.00,417.00,133.00,417.00,299.00,362.00,299.00
362.00,131.00,417.00,131.00,417.00,298.00,362.00,298.00
362.00,129.00,416.00,129.00,416.00,296.00,362.00,296.00
361.00,128.00,416.00,128.00,416.00,295.00,361.00,295.00
361.00,129.00,415.00,129.00,415.00,292.00,361.00,292.00
360.00,127.00,413.00,127.00,413.00,290.00,360.00,290.00
359.00,126.00,413.00,126.00,413.00,289.00,359.00,289.00
359.00,125.00,412.00,125.00,412.00,288.00,359.00,288.00
358.00,124.00,413.00,124.00,413.00,290.00,358.00,290.00
357.00,124.00,411.00,124.00,411.00,289.00,357.00,289.00
355.00,124.00,409.00,124.00,409.00,289.00,355.00,289.00
354.00,124.00,408.00,124.00,408.00,288.00,354.00,288.00
353.00,124.00,407.00,124.00,407.00,287.00,353.00,287.00
353.00,126.00,406.00,126.00,406.00,286.00,353.00,286.00
351.00,124.00,405.00,124.00,405.00,288.00,351.00,288.00
350.00,123.00,404.00,123.00,404.00,288.00,350.00,288.00
349.00,123.00,403.00,123.00,403.00,288.00,349.00,288.00
348.00,124.00,401.00,124.00,401.00,287.00,348.00,287.00
347.00,123.00,402.00,123.00,402.00,289.00,347.00,289.00
346.00,123.00,401.00,123.00,401.00,289.00,346.00,289.00
346.00,123.00,401.00,123.00,401.00,291.00,346.00,291.00
345.00,126.00,399.00,126.00,399.00,289.00,345.00,289.00
343.00,127.00,397.00,127.00,397.00,290.00,343.00,290.00
343.00,127.00,397.00,127.00,397.00,290.00,343.00,290.00
342.00,127.00,396.00,127.00,396.00,292.00,342.00,292.00
341.00,129.00,394.00,129.00,394.00,291.00,341.00,291.00
341.00,133.00,393.00,133.00,393.00,289.00,341.00,289.00
338.00,132.00,391.00,132.00,391.00,291.00,338.00,291.00
337.00,131.00,389.00,131.00,389.00,291.00,337.00,291.00
334.00,130.00,387.00,130.00,387.00,290.00,334.00,290.00
330.00,128.00,384.00,128.00,384.00,291.00,330.00,291.00
327.00,125.00,382.00,125.00,382.00,291.00,327.00,291.00
324.00,127.00,377.00,127.00,377.00,288.00,324.00,288.00
323.00,127.00,375.00,127.00,375.00,287.00,323.00,287.00
319.00,126.00,372.00,126.00,372.00,288.00,319.00,288.00
316.00,127.00,370.00,127.00,370.00,290.00,316.00,290.00
315.00,129.00,368.00,129.00,368.00,290.00,315.00,290.00
313.00,131.00,366.00,131.00,366.00,294.00,313.00,294.00
310.00,130.00,366.00,130.00,366.00,298.00,310.00,298.00
309.00,133.00,362.00,133.00,362.00,296.00,309.00,296.00
306.00,132.00,360.00,132.00,360.00,297.00,306.00,297.00
303.00,131.00,358.00,131.00,358.00,298.00,303.00,298.00
300.00,133.00,354.00,133.00,354.00,296.00,300.00,296.00
298.00,133.00,351.00,133.00,351.00,296.00,298.00,296.00
294.00,132.00,348.00,132.00,348.00,297.00,294.00,297.00
292.00,135.00,345.00,135.00,345.00,295.00,292.00,295.00
291.00,136.00,343.00,136.00,343.00,293.00,291.00,293.00
291.00,136.00,343.00,136.00,343.00,294.00,291.00,294.00
292.00,136.00,344.00,136.00,344.00,294.00,292.00,294.00
290.00,137.00,342.00,137.00,342.00,293.00,290.00,293.00
287.00,136.00,339.00,136.00,339.00,294.00,287.00,294.00
287.00,138.00,338.00,138.00,338.00,293.00,287.00,293.00
283.00,136.00,336.00,136.00,336.00,296.00,283.00,296.00
282.00,135.00,335.00,135.00,335.00,297.00,282.00,297.00
283.00,136.00,337.00,136.00,337.00,299.00,283.00,299.00
281.00,136.00,334.00,136.00,334.00,298.00,281.00,298.00
282.00,136.00,336.00,136.00,336.00,299.00,282.00,299.00
283.00,136.00,337.00,136.00,337.00,301.00,283.00,301.00
279.00,138.00,333.00,138.00,333.00,300.00,279.00,300.00
281.00,141.00,333.00,141.00,333.00,298.00,281.00,298.00
280.00,141.00,332.00,141.00,332.00,300.00,280.00,300.00
278.00,143.00,329.00,143.00,329.00,299.00,278.00,299.00
277.00,142.00,329.00,142.00,329.00,302.00,277.00,302.00
274.00,143.00,327.00,143.00,327.00,303.00,274.00,303.00
273.00,146.00,325.00,146.00,325.00,304.00,273.00,304.00
272.00,146.00,324.00,146.00,324.00,304.00,272.00,304.00
268.00,145.00,322.00,145.00,322.00,308.00,268.00,308.00
267.00,145.00,320.00,145.00,320.00,307.00,267.00,307.00
266.00,144.00,319.00,144.00,319.00,308.00,266.00,308.00
264.00,146.00,317.00,146.00,317.00,307.00,264.00,307.00
263.00,146.00,316.00,146.00,316.00,309.00,263.00,309.00
262.00,147.00,315.00,147.00,315.00,309.00,262.00,309.00
262.00,147.00,315.00,147.00,315.00,309.00,262.00,309.00
263.00,149.00,316.00,149.00,316.00,309.00,263.00,309.00
263.00,151.00,315.00,151.00,315.00,309.00,263.00,309.00
264.00,151.00,317.00,151.00,317.00,311.00,264.00,311.00
266.00,153.00,318.00,153.00,318.00,312.00,266.00,312.00
267.00,155.00,318.00,155.00,318.00,312.00,267.00,312.00
268.00,156.00,320.00,156.00,320.00,314.00,268.00,314.00
269.00,157.00,321.00,157.00,321.00,315.00,269.00,315.00
271.00,157.00,323.00,157.00,323.00,316.00,271.00,316.00
273.00,159.00,324.00,159.00,324.00,312.00,273.00,312.00
277.00,161.00,326.00,161.00,326.00,310.00,277.00,310.00
280.00,160.00,328.00,160.00,328.00,306.00,280.00,306.00
282.00,159.00,329.00,159.00,329.00,303.00,282.00,303.00
284.00,161.00,330.00,161.00,330.00,301.00,284.00,301.00
284.00,160.00,330.00,160.00,330.00,301.00,284.00,301.00
284.00,158.00,331.00,158.00,331.00,301.00,284.00,301.00
284.00,155.00,332.00,155.00,332.00,302.00,284.00,302.00
284.00,153.00,333.00,153.00,333.00,302.00,284.00,302.00
283.00,150.00,334.00,150.00,334.00,304.00,283.00,304.00
283.00,150.00,333.00,150.00,333.00,302.00,283.00,302.00
282.00,152.00,332.00,152.00,332.00,303.00,282.00,303.00
281.00,153.00,330.00,153.00,330.00,304.00,281.00,304.00
278.00,156.00,327.00,156.00,327.00,304.00,278.00,304.00
276.00,156.00,326.00,156.00,326.00,308.00,276.00,308.00
275.00,157.00,324.00,157.00,324.00,306.00,275.00,306.00
272.00,158.00,320.00,158.00,320.00,304.00,272.00,304.00
270.00,156.00,318.00,156.00,318.00,302.00,270.00,302.00
268.00,156.00,314.00,156.00,314.00,298.00,268.00,298.00
266.00,153.00,314.00,153.00,314.00,299.00,266.00,299.00
264.00,151.00,312.00,151.00,312.00,298.00,264.00,298.00
262.00,150.00,311.00,150.00,311.00,297.00,262.00,297.00
262.00,148.00,312.00,148.00,312.00,300.00,262.00,300.00
261.00,148.00,311.00,148.00,311.00,300.00,261.00,300.00
260.00,150.00,309.00,150.00,309.00,297.00,260.00,297.00
260.00,149.00,309.00,149.00,309.00,298.00,260.00,298.00
260.00,149.00,310.00,149.00,310.00,301.00,260.00,301.00
260.00,152.00,308.00,152.00,308.00,300.00,260.00,300.00
260.00,152.00,310.00,152.00,310.00,304.00,260.00,304.00
260.00,152.00,311.00,152.00,311.00,307.00,260.00,307.00
261.00,157.00,311.00,157.00,311.00,307.00,261.00,307.00
262.00,160.00,312.00,160.00,312.00,310.00,262.00,310.00
263.00,160.00,313.00,160.00,313.00,314.00,263.00,314.00
264.00,163.00,314.00,163.00,314.00,313.00,264.00,313.00
265.00,161.00,316.00,161.00,316.00,317.00,265.00,317.00
265.00,160.00,318.00,160.00,318.00,319.00,265.00,319.00
265.00,161.00,316.00,161.00,316.00,316.00,265.00,316.00
264.00,161.00,315.00,161.00,315.00,314.00,264.00,314.00
262.00,158.00,314.00,158.00,314.00,316.00,262.00,316.00
261.00,156.00,313.00,156.00,313.00,316.00,261.00,316.00
260.00,157.00,311.00,157.00,311.00,312.00,260.00,312.00
259.00,156.00,309.00,156.00,309.00,310.00,259.00,310.00
257.00,156.00,307.00,156.00,307.00,306.00,257.00,306.00
256.00,154.00,305.00,154.00,305.00,304.00,256.00,304.00
253.00,149.00,305.00,149.00,305.00,304.00,253.00,304.00
253.00,148.00,303.00,148.00,303.00,300.00,253.00,300.00
251.00,146.00,301.00,146.00,301.00,299.00,251.00,299.00
249.00,146.00,299.00,146.00,299.00,296.00,249.00,296.00
248.00,145.00,296.00,145.00,296.00,292.00,248.00,292.00
247.00,143.00,295.00,143.00,295.00,291.00,247.00,291.00
247.00,142.00,297.00,142.00,297.00,293.00,247.00,293.00
247.00,141.00,296.00,141.00,296.00,290.00,247.00,290.00
246.00,140.00,296.00,140.00,296.00,290.00,246.00,290.00
247.00,140.00,296.00,140.00,296.00,289.00,247.00,289.00
247.00,139.00,296.00,139.00,296.00,288.00,247.00,288.00
248.00,139.00,297.00,139.00,297.00,289.00,248.00,289.00
248.00,136.00,299.00,136.00,299.00,292.00,248.00,292.00
249.00,136.00,300.00,136.00,300.00,292.00,249.00,292.00
251.00,138.00,300.00,138.00,300.00,288.00,251.00,288.00
251.00,135.00,302.00,135.00,302.00,290.00,251.00,290.00
253.00,135.00,302.00,135.00,302.00,286.00,253.00,286.00
254.00,135.00,303.00,135.00,303.00,284.00,254.00,284.00
255.00,132.00,304.00,132.00,304.00,283.00,255.00,283.00
256.00,130.00,305.00,130.00,305.00,279.00,256.00,279.00
256.00,127.00,304.00,127.00,304.00,275.00,256.00,275.00
256.00,124.00,305.00,124.00,305.00,275.00,256.00,275.00
257.00,122.00,306.00,122.00,306.00,273.00,257.00,273.00
256.00,119.00,307.00,119.00,307.00,274.00,256.00,274.00
257.00,118.00,307.00,118.00,307.00,269.00,257.00,269.00
257.00,117.00,307.00,117.00,307.00,267.00,257.00,267.00
257.00,114.00,308.00,114.00,308.00,269.00,257.00,269.00
257.00,114.00,308.00,114.00,308.00,267.00,257.00,267.00
257.00,112.00,309.00,112.00,309.00,268.00,257.00,268.00
255.00,109.00,308.00,109.00,308.00,270.00,255.00,270.00
257.00,110.00,309.00,110.00,309.00,268.00,257.00,268.00
255.00,108.00,308.00,108.00,308.00,269.00,255.00,269.00
255.00,106.00,308.00,106.00,308.00,269.00,255.00,269.00
254.00,105.00,307.00,105.00,307.00,267.00,254.00,267.00
254.00,107.00,307.00,107.00,307.00,267.00,254.00,267.00
253.00,105.00,307.00,105.00,307.00,267.00,253.00,267.00
252.00,105.00,305.00,105.00,305.00,267.00,252.00,267.00
253.00,108.00,305.00,108.00,305.00,266.00,253.00,266.00
252.00,109.00,303.00,109.00,303.00,264.00,252.00,264.00
251.00,107.00,303.00,107.00,303.00,267.00,251.00,267.00
251.00,108.00,302.00,108.00,302.00,263.00,251.00,263.00
249.00,104.00,302.00,104.00,302.00,264.00,249.00,264.00
250.00,103.00,301.00,103.00,301.00,258.00,250.00,258.00
250.00,101.00,300.00,101.00,300.00,252.00,250.00,252.00
250.00,101.00,298.00,101.00,298.00,247.00,250.00,247.00
250.00,96.00,299.00,96.00,299.00,247.00,250.00,247.00
248.00,94.00,298.00,94.00,298.00,246.00,248.00,246.00
249.00,94.00,298.00,94.00,298.00,241.00,249.00,241.00
248.00,91.00,298.00,91.00,298.00,243.00,248.00,243.00
247.00,91.00,297.00,91.00,297.00,241.00,247.00,241.00
246.00,88.00,296.00,88.00,296.00,240.00,246.00,240.00
244.00,86.00,294.00,86.00,294.00,238.00,244.00,238.00
243.00,83.00,293.00,83.00,293.00,237.00,243.00,237.00
240.00,80.00,292.00,80.00,292.00,238.00,240.00,238.00
238.00,79.00,291.00,79.00,291.00,237.00,238.00,237.00
238.00,79.00,289.00,79.00,289.00,236.00,238.00,236.00
237.00,81.00,287.00,81.00,287.00,233.00,237.00,233.00
237.00,81.00,287.00,81.00,287.00,233.00,237.00,233.00
237.00,83.00,285.00,83.00,285.00,230.00,237.00,230.00
237.00,81.00,286.00,81.00,286.00,231.00,237.00,231.00
236.00,81.00,284.00,81.00,284.00,227.00,236.00,227.00
235.00,79.00,284.00,79.00,284.00,227.00,235.00,227.00
236.00,75.00,285.00,75.00,285.00,226.00,236.00,226.00
235.00,73.00,284.00,73.00,284.00,221.00,235.00,221.00
235.00,70.00,284.00,70.00,284.00,220.00,235.00,220.00
234.00,68.00,283.00,68.00,283.00,215.00,234.00,215.00
234.00,65.00,283.00,65.00,283.00,214.00,234.00,214.00
234.00,63.00,282.00,63.00,282.00,209.00,234.00,209.00
233.00,60.00,281.00,60.00,281.00,207.00,233.00,207.00
232.00,58.00,281.00,58.00,281.00,207.00,232.00,207.00
231.00,57.00,280.00,57.00,280.00,204.00,231.00,204.00
230.00,54.00,280.00,54.00,280.00,206.00,230.00,206.00
230.00,54.00,279.00,54.00,279.00,203.00,230.00,203.00
229.00,53.00,278.00,53.00,278.00,202.00,229.00,202.00
228.00,50.00,278.00,50.00,278.00,203.00,228.00,203.00
226.00,49.00,277.00,49.00,277.00,203.00,226.00,203.00
225.00,50.00,275.00,50.00,275.00,202.00,225.00,202.00
225.00,51.00,274.00,51.00,274.00,200.00,225.00,200.00
223.00,50.00,273.00,50.00,273.00,202.00,223.00,202.00
223.00,52.00,272.00,52.00,272.00,201.00,223.00,201.00
222.00,50.00,272.00,50.00,272.00,202.00,222.00,202.00
221.00,47.00,272.00,47.00,272.00,201.00,221.00,201.00
222.00,47.00,271.00,47.00,271.00,196.00,222.00,196.00
221.00,44.00,270.00,44.00,270.00,194.00,221.00,194.00
221.00,43.00,269.00,43.00,269.00,189.00,221.00,189.00
219.00,40.00,268.00,40.00,268.00,189.00,219.00,189.00
218.00,39.00,267.00,39.00,267.00,187.00,218.00,187.00
218.00,38.00,267.00,38.00,267.00,186.00,218.00,186.00
219.00,37.00,267.00,37.00,267.00,183.00,219.00,183.00
218.00,36.00,266.00,36.00,266.00,182.00,218.00,182.00
219.00,33.00,267.00,33.00,267.00,179.00,219.00,179.00
220.00,31.00,268.00,31.00,268.00,179.00,220.00,179.00
220.00,28.00,270.00,28.00,270.00,180.00,220.00,180.00
220.00,27.00,270.00,27.00,270.00,178.00,220.00,178.00
220.00,28.00,269.00,28.00,269.00,175.00,220.00,175.00
221.00,28.00,269.00,28.00,269.00,174.00,221.00,174.00
221.00,29.00,269.00,29.00,269.00,173.00,221.00,173.00
221.00,28.00,269.00,28.00,269.00,176.00,221.00,176.00
221.00,27.00,271.00,27.00,271.00,179.00,221.00,179.00
221.00,28.00,271.00,28.00,271.00,179.00,221.00,179.00
222.00,28.00,272.00,28.00,272.00,179.00,222.00,179.00
222.00,27.00,273.00,27.00,273.00,182.00,222.00,182.00
223.00,30.00,272.00,30.00,272.00,181.00,223.00,181.00
223.00,31.00,272.00,31.00,272.00,179.00,223.00,179.00
223.00,30.00,273.00,30.00,273.00,182.00,223.00,182.00
223.00,31.00,272.00,31.00,272.00,179.00,223.00,179.00
222.00,29.00,272.00,29.00,272.00,181.00,222.00,181.00
222.00,28.00,271.00,28.00,271.00,179.00,222.00,179.00
221.00,26.00,271.00,26.00,271.00,177.00,221.00,177.00
221.00,27.00,269.00,27.00,269.00,174.00,221.00,174.00
221.00,27.00,269.00,27.00,269.00,172.00,221.00,172.00
221.00,26.00,269.00,26.00,269.00,174.00,221.00,174.00
221.00,25.00,270.00,25.00,270.00,174.00,221.00,174.00
221.00,26.00,269.00,26.00,269.00,173.00,221.00,173.00
221.00,26.00,271.00,26.00,271.00,176.00,221.00,176.00
221.00,28.00,270.00,28.00,270.00,177.00,221.00,177.00
222.00,28.00,271.00,28.00,271.00,178.00,222.00,178.00
222.00,31.00,271.00,31.00,271.00,178.00,222.00,178.00
223.00,32.00,272.00,32.00,272.00,181.00,223.00,181.00
223.00,35.00,272.00,35.00,272.00,182.00,223.00,182.00
224.00,38.00,272.00,38.00,272.00,184.00,224.00,184.00
225.00,42.00,273.00,42.00,273.00,188.00,225.00,188.00
225.00,47.00,273.00,47.00,273.00,193.00,225.00,193.00
227.00,48.00,276.00,48.00,276.00,197.00,227.00,197.00
228.00,52.00,276.00,52.00,276.00,198.00,228.00,198.00
230.00,54.00,279.00,54.00,279.00,203.00,230.00,203.00
230.00,57.00,278.00,57.00,278.00,202.00,230.00,202.00
232.00,57.00,279.00,57.00,279.00,202.00,232.00,202.00
233.00,56.00,282.00,56.00,282.00,205.00,233.00,205.00
235.00,56.00,283.00,56.00,283.00,203.00,235.00,203.00
237.00,56.00,285.00,56.00,285.00,204.00,237.00,204.00
239.00,56.00,287.00,56.00,287.00,202.00,239.00,202.00
241.00,55.00,290.00,55.00,290.00,202.00,241.00,202.00
243.00,54.00,291.00,54.00,291.00,201.00,243.00,201.00
245.00,54.00,293.00,54.00,293.00,200.00,245.00,200.00
247.00,52.00,295.00,52.00,295.00,200.00,247.00,200.00
248.00,50.00,298.00,50.00,298.00,202.00,248.00,202.00
251.00,51.00,300.00,51.00,300.00,202.00,251.00,202.00
253.00,51.00,303.00,51.00,303.00,203.00,253.00,203.00
255.00,53.00,304.00,53.00,304.00,202.00,255.00,202.00
257.00,53.00,307.00,53.00,307.00,205.00,257.00,205.00
259.00,54.00,309.00,54.00,309.00,208.00,259.00,208.00
260.00,58.00,309.00,58.00,309.00,207.00,260.00,207.00
261.00,60.00,308.00,60.00,308.00,204.00,261.00,204.00
261.00,61.00,308.00,61.00,308.00,203.00,261.00,203.00
262.00,62.00,308.00,62.00,308.00,202.00,262.00,202.00
262.00,61.00,307.00,61.00,307.00,199.00,262.00,199.00
262.00,62.00,306.00,62.00,306.00,196.00,262.00,196.00
261.00,62.00,305.00,62.00,305.00,194.00,261.00,194.00
261.00,60.00,304.00,60.00,304.00,192.00,261.00,192.00
262.00,60.00,304.00,60.00,304.00,188.00,262.00,188.00
263.00,57.00,305.00,57.00,305.00,186.00,263.00,186.00
263.00,54.00,306.00,54.00,306.00,185.00,263.00,185.00
264.00,49.00,309.00,49.00,309.00,184.00,264.00,184.00
266.00,46.00,311.00,46.00,311.00,182.00,266.00,182.00
268.00,46.00,312.00,46.00,312.00,178.00,268.00,178.00
270.00,44.00,314.00,44.00,314.00,176.00,270.00,176.00
274.00,45.00,316.00,45.00,316.00,173.00,274.00,173.00
276.00,44.00,318.00,44.00,318.00,172.00,276.00,172.00
277.00,42.00,320.00,42.00,320.00,173.00,277.00,173.00
279.00,42.00,322.00,42.00,322.00,172.00,279.00,172.00
280.00,40.00,324.00,40.00,324.00,175.00,280.00,175.00
282.00,40.00,326.00,40.00,326.00,175.00,282.00,175.00
284.00,41.00,328.00,41.00,328.00,176.00,284.00,176.00
286.00,44.00,329.00,44.00,329.00,175.00,286.00,175.00
289.00,47.00,331.00,47.00,331.00,174.00,289.00,174.00
291.00,49.00,333.00,49.00,333.00,175.00,291.00,175.00
294.00,49.00,336.00,49.00,336.00,177.00,294.00,177.00
295.00,46.00,339.00,46.00,339.00,178.00,295.00,178.00
298.00,47.00,340.00,47.00,340.00,176.00,298.00,176.00
299.00,47.00,341.00,47.00,341.00,175.00,299.00,175.00
300.00,46.00,342.00,46.00,342.00,175.00,300.00,175.00
300.00,45.00,343.00,45.00,343.00,176.00,300.00,176.00
301.00,45.00,344.00,45.00,344.00,176.00,301.00,176.00
303.00,47.00,344.00,47.00,344.00,174.00,303.00,174.00
304.00,47.00,345.00,47.00,345.00,174.00,304.00,174.00
304.00,47.00,347.00,47.00,347.00,176.00,304.00,176.00
305.00,46.00,349.00,46.00,349.00,179.00,305.00,179.00
306.00,48.00,349.00,48.00,349.00,178.00,306.00,178.00
308.00,48.00,351.00,48.00,351.00,178.00,308.00,178.00
310.00,50.00,352.00,50.00,352.00,178.00,310.00,178.00
311.00,51.00,353.00,51.00,353.00,179.00,311.00,179.00
312.00,50.00,354.00,50.00,354.00,180.00,312.00,180.00
313.00,51.00,354.00,51.00,354.00,177.00,313.00,177.00
314.00,50.00,356.00,50.00,356.00,178.00,314.00,178.00
315.00,50.00,356.00,50.00,356.00,174.00,315.00,174.00
316.00,49.00,356.00,49.00,356.00,173.00,316.00,173.00
316.00,48.00,358.00,48.00,358.00,173.00,316.00,173.00
317.00,47.00,358.00,47.00,358.00,170.00,317.00,170.00
318.00,46.00,359.00,46.00,359.00,169.00,318.00,169.00
319.00,45.00,360.00,45.00,360.00,168.00,319.00,168.00
320.00,44.00,361.00,44.00,361.00,168.00,320.00,168.00
320.00,43.00,362.00,43.00,362.00,171.00,320.00,171.00
320.00,42.00,363.00,42.00,363.00,172.00,320.00,172.00
320.00,43.00,362.00,43.00,362.00,170.00,320.00,170.00
319.00,44.00,361.00,44.00,361.00,171.00,319.00,171.00
320.00,47.00,361.00,47.00,361.00,171.00,320.00,171.00
320.00,48.00,360.00,48.00,360.00,171.00,320.00,171.00
320.00,51.00,360.00,51.00,360.00,172.00,320.00,172.00
321.00,55.00,360.00,55.00,360.00,174.00,321.00,174.00
323.00,59.00,362.00,59.00,362.00,178.00,323.00,178.00
324.00,61.00,363.00,61.00,363.00,180.00,324.00,180.00
326.00,65.00,364.00,65.00,364.00,182.00,326.00,182.00
328.00,65.00,366.00,65.00,366.00,181.00,328.00,181.00
331.00,66.00,368.00,66.00,368.00,179.00,331.00,179.00
335.00,65.00,371.00,65.00,371.00,177.00,335.00,177.00
338.00,64.00,373.00,64.00,373.00,173.00,338.00,173.00
340.00,62.00,376.00,62.00,376.00,172.00,340.00,172.00
342.00,60.00,379.00,60.00,379.00,171.00,342.00,171.00
344.00,57.00,381.00,57.00,381.00,171.00,344.00,171.00
345.00,54.00,384.00,54.00,384.00,171.00,345.00,171.00
347.00,53.00,385.00,53.00,385.00,171.00,347.00,171.00
348.00,53.00,386.00,53.00,386.00,168.00,348.00,168.00
350.00,53.00,387.00,53.00,387.00,167.00,350.00,167.00
349.00,51.00,387.00,51.00,387.00,169.00,349.00,169.00
348.00,50.00,388.00,50.00,388.00,171.00,348.00,171.00
348.00,48.00,389.00,48.00,389.00,173.00,348.00,173.00
348.00,49.00,389.00,49.00,389.00,173.00,348.00,173.00
348.00,52.00,388.00,52.00,388.00,174.00,348.00,174.00
349.00,55.00,388.00,55.00,388.00,175.00,349.00,175.00
350.00,59.00,388.00,59.00,388.00,176.00,350.00,176.00
350.00,61.00,387.00,61.00,387.00,175.00,350.00,175.00
352.00,61.00,390.00,61.00,390.00,178.00,352.00,178.00
353.00,59.00,391.00,59.00,391.00,174.00,353.00,174.00
354.00,56.00,391.00,56.00,391.00,170.00,354.00,170.00
356.00,55.00,393.00,55.00,393.00,168.00,356.00,168.00
356.00,51.00,394.00,51.00,394.00,166.00,356.00,166.00
358.00,49.00,395.00,49.00,395.00,162.00,358.00,162.00
359.00,46.00,396.00,46.00,396.00,159.00,359.00,159.00
360.00,43.00,397.00,43.00,397.00,158.00,360.00,158.00
359.00,39.00,398.00,39.00,398.00,157.00,359.00,157.00
361.00,39.00,399.00,39.00,399.00,153.00,361.00,153.00
361.00,36.00,400.00,36.00,400.00,153.00,361.00,153.00
362.00,34.00,400.00,34.00,400.00,151.00,362.00,151.00
362.00,32.00,401.00,32.00,401.00,150.00,362.00,150.00
362.00,30.00,401.00,30.00,401.00,150.00,362.00,150.00
363.00,30.00,403.00,30.00,403.00,149.00,363.00,149.00
363.00,29.00,403.00,29.00,403.00,151.00,363.00,151.00
363.00,29.00,403.00,29.00,403.00,149.00,363.00,149.00
364.00,28.00,404.00,28.00,404.00,150.00,364.00,150.00
365.00,29.00,405.00,29.00,405.00,151.00,365.00,151.00
364.00,30.00,404.00,30.00,404.00,152.00,364.00,152.00
363.00,29.00,404.00,29.00,404.00,153.00,363.00,153.00
363.00,29.00,403.00,29.00,403.00,152.00,363.00,152.00
363.00,32.00,402.00,32.00,402.00,151.00,363.00,151.00
363.00,32.00,402.00,32.00,402.00,151.00,363.00,151.00
363.00,32.00,403.00,32.00,403.00,154.00,363.00,154.00
363.00,32.00,403.00,32.00,403.00,154.00,363.00,154.00
363.00,34.00,402.00,34.00,402.00,154.00,363.00,154.00
362.00,34.00,402.00,34.00,402.00,155.00,362.00,155.00
364.00,36.00,403.00,36.00,403.00,156.00,364.00,156.00
363.00,37.00,403.00,37.00,403.00,158.00,363.00,158.00
363.00,37.00,403.00,37.00,403.00,159.00,363.00,159.00
363.00,39.00,402.00,39.00,402.00,159.00,363.00,159.00
363.00,41.00,402.00,41.00,402.00,159.00,363.00,159.00
364.00,41.00,402.00,41.00,402.00,159.00,364.00,159.00
363.00,41.00,403.00,41.00,403.00,163.00,363.00,163.00
364.00,42.00,402.00,42.00,402.00,160.00,364.00,160.00
364.00,43.00,403.00,43.00,403.00,160.00,364.00,160.00
365.00,43.00,402.00,43.00,402.00,158.00,365.00,158.00
365.00,43.00,403.00,43.00,403.00,158.00,365.00,158.00
365.00,45.00,402.00,45.00,402.00,157.00,365.00,157.00
365.00,44.00,403.00,44.00,403.00,159.00,365.00,159.00
366.00,44.00,403.00,44.00,403.00,159.00,366.00,159.00
366.00,46.00,403.00,46.00,403.00,159.00,366.00,159.00
366.00,47.00,403.00,47.00,403.00,159.00,366.00,159.00
366.00,46.00,404.00,46.00,404.00,160.00,366.00,160.00
365.00,46.00,403.00,46.00,403.00,161.00,365.00,161.00
365.00,47.00,402.00,47.00,402.00,160.00,365.00,160.00
365.00,47.00,402.00,47.00,402.00,160.00,365.00,160.00
365.00,48.00,402.00,48.00,402.00,160.00,365.00,160.00
364.00,48.00,401.00,48.00,401.00,159.00,364.00,159.00
365.00,49.00,400.00,49.00,400.00,159.00,365.00,159.00
365.00,50.00,401.00,50.00,401.00,159.00,365.00,159.00
365.00,50.00,401.00,50.00,401.00,159.00,365.00,159.00
366.00,50.00,402.00,50.00,402.00,160.00,366.00,160.00
366.00,51.00,401.00,51.00,401.00,160.00,366.00,160.00
365.00,51.00,401.00,51.00,401.00,161.00,365.00,161.00
364.00,50.00,401.00,50.00,401.00,161.00,364.00,161.00
364.00,51.00,399.00,51.00,399.00,160.00,364.00,160.00
363.00,51.00,399.00,51.00,399.00,160.00,363.00,160.00
362.00,50.00,397.00,50.00,397.00,159.00,362.00,159.00
361.00,51.00,396.00,51.00,396.00,158.00,361.00,158.00
359.00,50.00,395.00,50.00,395.00,159.00,359.00,159.00
358.00,51.00,393.00,51.00,393.00,158.00,358.00,158.00
357.00,51.00,392.00,51.00,392.00,158.00,357.00,158.00
356.00,50.00,391.00,50.00,391.00,157.00,356.00,157.00
355.00,51.00,390.00,51.00,390.00,157.00,355.00,157.00
354.00,51.00,388.00,51.00,388.00,157.00,354.00,157.00
353.00,52.00,387.00,52.00,387.00,156.00,353.00,156.00
351.00,52.00,385.00,52.00,385.00,156.00,351.00,156.00
350.00,50.00,385.00,50.00,385.00,156.00,350.00,156.00
348.00,49.00,383.00,49.00,383.00,155.00,348.00,155.00
347.00,48.00,382.00,48.00,382.00,154.00,347.00,154.00
345.00,47.00,380.00,47.00,380.00,154.00,345.00,154.00
344.00,48.00,378.00,48.00,378.00,152.00,344.00,152.00
342.00,46.00,377.00,46.00,377.00,152.00,342.00,152.00
340.00,46.00,374.00,46.00,374.00,150.00,340.00,150.00
339.00,45.00,374.00,45.00,374.00,151.00,339.00,151.00
338.00,45.00,372.00,45.00,372.00,149.00,338.00,149.00
336.00,43.00,371.00,43.00,371.00,150.00,336.00,150.00
335.00,44.00,369.00,44.00,369.00,148.00,335.00,148.00
333.00,43.00,367.00,43.00,367.00,147.00,333.00,147.00
331.00,42.00,366.00,42.00,366.00,148.00,331.00,148.00
330.00,41.00,365.00,41.00,365.00,148.00,330.00,148.00
328.00,43.00,362.00,43.00,362.00,147.00,328.00,147.00
327.00,42.00,362.00,42.00,362.00,148.00,327.00,148.00
326.00,43.00,360.00,43.00,360.00,147.00,326.00,147.00
325.00,45.00,358.00,45.00,358.00,145.00,325.00,145.00
324.00,44.00,358.00,44.00,358.00,147.00,324.00,147.00
322.00,44.00,356.00,44.00,356.00,148.00,322.00,148.00
321.00,43.00,355.00,43.00,355.00,147.00,321.00,147.00
319.00,43.00,353.00,43.00,353.00,148.00,319.00,148.00
317.00,43.00,351.00,43.00,351.00,147.00,317.00,147.00
317.00,44.00,350.00,44.00,350.00,145.00,317.00,145.00
314.00,44.00,348.00,44.00,348.00,147.00,314.00,147.00
313.00,44.00,347.00,44.00,347.00,146.00,313.00,146.00
312.00,42.00,346.00,42.00,346.00,147.00,312.00,147.00
309.00,43.00,343.00,43.00,343.00,147.00,309.00,147.00
307.00,42.00,342.00,42.00,342.00,148.00,307.00,148.00
306.00,44.00,340.00,44.00,340.00,148.00,306.00,148.00
304.00,45.00,338.00,45.00,338.00,148.00,304.00,148.00
303.00,44.00,337.00,44.00,337.00,148.00,303.00,148.00
300.00,44.00,335.00,44.00,335.00,150.00,300.00,150.00
300.00,47.00,334.00,47.00,334.00,150.00,300.00,150.00
298.00,46.00,333.00,46.00,333.00,152.00,298.00,152.00
296.00,47.00,331.00,47.00,331.00,153.00,296.00,153.00
296.00,49.00,330.00,49.00,330.00,153.00,296.00,153.00
294.00,50.00,328.00,50.00,328.00,154.00,294.00,154.00
293.00,52.00,327.00,52.00,327.00,155.00,293.00,155.00
292.00,54.00,324.00,54.00,324.00,154.00,292.00,154.00
291.00,54.00,324.00,54.00,324.00,157.00,291.00,157.00
289.00,55.00,323.00,55.00,323.00,158.00,289.00,158.00
289.00,56.00,322.00,56.00,322.00,157.00,289.00,157.00
288.00,56.00,321.00,56.00,321.00,159.00,288.00,159.00
287.00,58.00,320.00,58.00,320.00,158.00,287.00,158.00
287.00,58.00,319.00,58.00,319.00,158.00,287.00,158.00
286.00,59.00,318.00,59.00,318.00,159.00,286.00,159.00
286.00,59.00,318.00,59.00,318.00,159.00,286.00,159.00
286.00,60.00,318.00,60.00,318.00,160.00,286.00,160.00
285.00,60.00,318.00,60.00,318.00,160.00,285.00,160.00
286.00,61.00,319.00,61.00,319.00,161.00,286.00,161.00
288.00,63.00,320.00,63.00,320.00,162.00,288.00,162.00
288.00,64.00,320.00,64.00,320.00,162.00,288.00,162.00
288.00,65.00,321.00,65.00,321.00,164.00,288.00,164.00
289.00,67.00,321.00,67.00,321.00,166.00,289.00,166.00
290.00,68.00,321.00,68.00,321.00,165.00,290.00,165.00
290.00,69.00,320.00,69.00,320.00,163.00,290.00,163.00
288.00,67.00,320.00,67.00,320.00,164.00,288.00,164.00
289.00,67.00,319.00,67.00,319.00,161.00,289.00,161.00
288.00,67.00,319.00,67.00,319.00,162.00,288.00,162.00
288.00,66.00,318.00,66.00,318.00,159.00,288.00,159.00
287.00,65.00,318.00,65.00,318.00,159.00,287.00,159.00
287.00,65.00,318.00,65.00,318.00,161.00,287.00,161.00
287.00,65.00,318.00,65.00,318.00,159.00,287.00,159.00
286.00,62.00,318.00,62.00,318.00,160.00,286.00,160.00
286.00,62.00,318.00,62.00,318.00,160.00,286.00,160.00
288.00,61.00,320.00,61.00,320.00,160.00,288.00,160.00
287.00,61.00,320.00,61.00,320.00,161.00,287.00,161.00
288.00,62.00,321.00,62.00,321.00,161.00,288.00,161.00
289.00,61.00,322.00,61.00,322.00,160.00,289.00,160.00
291.00,63.00,322.00,63.00,322.00,159.00,291.00,159.00
292.00,62.00,324.00,62.00,324.00,159.00,292.00,159.00
294.00,63.00,326.00,63.00,326.00,160.00,294.00,160.00
296.00,63.00,328.00,63.00,328.00,160.00,296.00,160.00
298.00,62.00,330.00,62.00,330.00,160.00,298.00,160.00
300.00,63.00,332.00,63.00,332.00,161.00,300.00,161.00
303.00,62.00,335.00,62.00,335.00,160.00,303.00,160.00
304.00,62.00,336.00,62.00,336.00,160.00,304.00,160.00
306.00,61.00,339.00,61.00,339.00,160.00,306.00,160.00
309.00,63.00,340.00,63.00,340.00,159.00,309.00,159.00
311.00,63.00,341.00,63.00,341.00,157.00,311.00,157.00
312.00,64.00,342.00,64.00,342.00,156.00,312.00,156.00
314.00,63.00,344.00,63.00,344.00,155.00,314.00,155.00
316.00,65.00,345.00,65.00,345.00,156.00,316.00,156.00
317.00,64.00,347.00,64.00,347.00,156.00,317.00,156.00
319.00,63.00,350.00,63.00,350.00,158.00,319.00,158.00
321.00,64.00,352.00,64.00,352.00,157.00,321.00,157.00
323.00,64.00,353.00,64.00,353.00,157.00,323.00,157.00
325.00,62.00,357.00,62.00,357.00,158.00,325.00,158.00
327.00,63.00,358.00,63.00,358.00,159.00,327.00,159.00
329.00,63.00,361.00,63.00,361.00,159.00,329.00,159.00
331.00,65.00,362.00,65.00,362.00,159.00,331.00,159.00
333.00,66.00,363.00,66.00,363.00,158.00,333.00,158.00
333.00,65.00,364.00,65.00,364.00,159.00,333.00,159.00
335.00,64.00,366.00,64.00,366.00,160.00,335.00,160.00
336.00,64.00,367.00,64.00,367.00,159.00,336.00,159.00
336.00,63.00,368.00,63.00,368.00,160.00,336.00,160.00
338.00,65.00,369.00,65.00,369.00,159.00,338.00,159.00
339.00,65.00,371.00,65.00,371.00,161.00,339.00,161.00
340.00,66.00,371.00,66.00,371.00,162.00,340.00,162.00
341.00,67.00,371.00,67.00,371.00,160.00,341.00,160.00
341.00,67.00,372.00,67.00,372.00,162.00,341.00,162.00
342.00,68.00,373.00,68.00,373.00,163.00,342.00,163.00
342.00,68.00,372.00,68.00,372.00,160.00,342.00,160.00
342.00,68.00,372.00,68.00,372.00,160.00,342.00,160.00
343.00,67.00,373.00,67.00,373.00,160.00,343.00,160.00
344.00,67.00,374.00,67.00,374.00,159.00,344.00,159.00
345.00,68.00,375.00,68.00,375.00,160.00,345.00,160.00
347.00,68.00,377.00,68.00,377.00,160.00,347.00,160.00
348.00,68.00,378.00,68.00,378.00,160.00,348.00,160.00
350.00,69.00,379.00,69.00,379.00,159.00,350.00,159.00
352.00,69.00,381.00,69.00,381.00,160.00,352.00,160.00
353.00,70.00,382.00,70.00,382.00,159.00,353.00,159.00
355.00,71.00,384.00,71.00,384.00,157.00,355.00,157.00
357.00,70.00,385.00,70.00,385.00,157.00,357.00,157.00
359.00,69.00,388.00,69.00,388.00,158.00,359.00,158.00
362.00,71.00,390.00,71.00,390.00,156.00,362.00,156.00
364.00,72.00,392.00,72.00,392.00,157.00,364.00,157.00
368.00,73.00,395.00,73.00,395.00,156.00,368.00,156.00
371.00,73.00,398.00,73.00,398.00,157.00,371.00,157.00
373.00,73.00,400.00,73.00,400.00,157.00,373.00,157.00
375.00,71.00,403.00,71.00,403.00,158.00,375.00,158.00
377.00,72.00,405.00,72.00,405.00,159.00,377.00,159.00
380.00,71.00,408.00,71.00,408.00,158.00,380.00,158.00
382.00,71.00,410.00,71.00,410.00,158.00,382.00,158.00
385.00,73.00,413.00,73.00,413.00,159.00,385.00,159.00
388.00,74.00,415.00,74.00,415.00,157.00,388.00,157.00
390.00,73.00,418.00,73.00,418.00,159.00,390.00,159.00
392.00,74.00,420.00,74.00,420.00,159.00,392.00,159.00
394.00,72.00,422.00,72.00,422.00,159.00,394.00,159.00
395.00,73.00,423.00,73.00,423.00,160.00,395.00,160.00
397.00,72.00,425.00,72.00,425.00,159.00,397.00,159.00
398.00,72.00,426.00,72.00,426.00,157.00,398.00,157.00
399.00,71.00,427.00,71.00,427.00,158.00,399.00,158.00
400.00,70.00,429.00,70.00,429.00,158.00,400.00,158.00
400.00,70.00,429.00,70.00,429.00,159.00,400.00,159.00
401.00,72.00,429.00,72.00,429.00,158.00,401.00,158.00
401.00,72.00,429.00,72.00,429.00,160.00,401.00,160.00
401.00,73.00,429.00,73.00,429.00,159.00,401.00,159.00
401.00,74.00,428.00,74.00,428.00,158.00,401.00,158.00
399.00,74.00,427.00,74.00,427.00,161.00,399.00,161.00
398.00,74.00,426.00,74.00,426.00,161.00,398.00,161.00
397.00,76.00,425.00,76.00,425.00,160.00,397.00,160.00
396.00,77.00,424.00,77.00,424.00,161.00,396.00,161.00
395.00,78.00,422.00,78.00,422.00,162.00,395.00,162.00
394.00,78.00,421.00,78.00,421.00,161.00,394.00,161.00
394.00,79.00,421.00,79.00,421.00,161.00,394.00,161.00
394.00,80.00,420.00,80.00,420.00,162.00,394.00,162.00
393.00,82.00,419.00,82.00,419.00,164.00,393.00,164.00
393.00,83.00,420.00,83.00,420.00,167.00,393.00,167.00
392.00,85.00,420.00,85.00,420.00,170.00,392.00,170.00
393.00,87.00,420.00,87.00,420.00,169.00,393.00,169.00
393.00,90.00,420.00,90.00,420.00,172.00,393.00,172.00
393.00,92.00,420.00,92.00,420.00,176.00,393.00,176.00
393.00,93.00,420.00,93.00,420.00,176.00,393.00,176.00
393.00,94.00,420.00,94.00,420.00,179.00,393.00,179.00
392.00,95.00,420.00,95.00,420.00,182.00,392.00,182.00
392.00,96.00,420.00,96.00,420.00,182.00,392.00,182.00
392.00,99.00,419.00,99.00,419.00,183.00,392.00,183.00
391.00,98.00,419.00,98.00,419.00,184.00,391.00,184.00
390.00,99.00,418.00,99.00,418.00,186.00,390.00,186.00
390.00,100.00,418.00,100.00,418.00,187.00,390.00,187.00
389.00,100.00,418.00,100.00,418.00,190.00,389.00,190.00
389.00,103.00,417.00,103.00,417.00,190.00,389.00,190.00
388.00,104.00,417.00,104.00,417.00,191.00,388.00,191.00
388.00,104.00,417.00,104.00,417.00,193.00,388.00,193.00
388.00,107.00,416.00,107.00,416.00,194.00,388.00,194.00
388.00,107.00,417.00,107.00,417.00,196.00,388.00,196.00
388.00,108.00,416.00,108.00,416.00,196.00,388.00,196.00
388.00,110.00,415.00,110.00,415.00,195.00,388.00,195.00
389.00,111.00,417.00,111.00,417.00,197.00,389.00,197.00
389.00,110.00,418.00,110.00,418.00,198.00,389.00,198.00
390.00,111.00,419.00,111.00,419.00,199.00,390.00,199.00
391.00,112.00,419.00,112.00,419.00,200.00,391.00,200.00
392.00,113.00,420.00,113.00,420.00,200.00,392.00,200.00
393.00,114.00,421.00,114.00,421.00,200.00,393.00,200.00
394.00,116.00,422.00,116.00,422.00,202.00,394.00,202.00
395.00,116.00,423.00,116.00,423.00,202.00,395.00,202.00
395.00,118.00,423.00,118.00,423.00,203.00,395.00,203.00
395.00,119.00,423.00,119.00,423.00,205.00,395.00,205.00
395.00,119.00,422.00,119.00,422.00,203.00,395.00,203.00
394.00,119.00,422.00,119.00,422.00,205.00,394.00,205.00
393.00,120.00,421.00,120.00,421.00,206.00,393.00,206.00
392.00,120.00,420.00,120.00,420.00,207.00,392.00,207.00
391.00,123.00,419.00,123.00,419.00,207.00,391.00,207.00
391.00,125.00,418.00,125.00,418.00,208.00,391.00,208.00
389.00,127.00,417.00,127.00,417.00,212.00,389.00,212.00
388.00,129.00,416.00,129.00,416.00,213.00,388.00,213.00
386.00,130.00,415.00,130.00,415.00,216.00,386.00,216.00
386.00,134.00,413.00,134.00,413.00,219.00,386.00,219.00
385.00,137.00,412.00,137.00,412.00,220.00,385.00,220.00
385.00,140.00,413.00,140.00,413.00,225.00,385.00,225.00
385.00,142.00,413.00,142.00,413.00,226.00,385.00,226.00
386.00,144.00,413.00,144.00,413.00,230.00,386.00,230.00
386.00,147.00,413.00,147.00,413.00,231.00,386.00,231.00
386.00,148.00,413.00,148.00,413.00,233.00,386.00,233.00
384.00,149.00,412.00,149.00,412.00,235.00,384.00,235.00
383.00,150.00,411.00,150.00,411.00,236.00,383.00,236.00
381.00,149.00,410.00,149.00,410.00,236.00,381.00,236.00
379.00,149.00,408.00,149.00,408.00,237.00,379.00,237.00
378.00,148.00,406.00,148.00,406.00,236.00,378.00,236.00
376.00,147.00,405.00,147.00,405.00,235.00,376.00,235.00
375.00,147.00,404.00,147.00,404.00,234.00,375.00,234.00
374.00,149.00,402.00,149.00,402.00,234.00,374.00,234.00
373.00,148.00,402.00,148.00,402.00,235.00,373.00,235.00
373.00,148.00,402.00,148.00,402.00,236.00,373.00,236.00
373.00,149.00,401.00,149.00,401.00,236.00,373.00,236.00
372.00,149.00,401.00,149.00,401.00,235.00,372.00,235.00
370.00,148.00,399.00,148.00,399.00,235.00,370.00,235.00
369.00,147.00,397.00,147.00,397.00,233.00,369.00,233.00
367.00,145.00,396.00,145.00,396.00,233.00,367.00,233.00
366.00,145.00,395.00,145.00,395.00,231.00,366.00,231.00
367.00,141.00,395.00,141.00,395.00,228.00,367.00,228.00
367.00,139.00,396.00,139.00,396.00,227.00,367.00,227.00
366.00,137.00,395.00,137.00,395.00,225.00,366.00,225.00
366.00,136.00,396.00,136.00,396.00,226.00,366.00,226.00
365.00,135.00,395.00,135.00,395.00,227.00,365.00,227.00
366.00,133.00,397.00,133.00,397.00,228.00,366.00,228.00
366.00,134.00,396.00,134.00,396.00,227.00,366.00,227.00
367.00,136.00,397.00,136.00,397.00,227.00,367.00,227.00
368.00,135.00,398.00,135.00,398.00,229.00,368.00,229.00
369.00,135.00,400.00,135.00,400.00,231.00,369.00,231.00
369.00,135.00,402.00,135.00,402.00,234.00,369.00,234.00
370.00,136.00,402.00,136.00,402.00,235.00,370.00,235.00
371.00,137.00,402.00,137.00,402.00,234.00,371.00,234.00
372.00,138.00,404.00,138.00,404.00,236.00,372.00,236.00
372.00,138.00,405.00,138.00,405.00,238.00,372.00,238.00
373.00,139.00,407.00,139.00,407.00,242.00,373.00,242.00
373.00,140.00,407.00,140.00,407.00,244.00,373.00,244.00
375.00,141.00,409.00,141.00,409.00,245.00,375.00,245.00
376.00,142.00,410.00,142.00,410.00,246.00,376.00,246.00
376.00,143.00,410.00,143.00,410.00,247.00,376.00,247.00
376.00,143.00,411.00,143.00,411.00,249.00,376.00,249.00
378.00,143.00,412.00,143.00,412.00,247.00,378.00,247.00
378.00,142.00,413.00,142.00,413.00,248.00,378.00,248.00
379.00,143.00,413.00,143.00,413.00,247.00,379.00,247.00
380.00,143.00,414.00,143.00,414.00,249.00,380.00,249.00
380.00,144.00,414.00,144.00,414.00,250.00,380.00,250.00
380.00,143.00,416.00,143.00,416.00,251.00,380.00,251.00
381.00,141.00,417.00,141.00,417.00,250.00,381.00,250.00
382.00,138.00,419.00,138.00,419.00,250.00,382.00,250.00
384.00,138.00,421.00,138.00,421.00,250.00,384.00,250.00
387.00,139.00,424.00,139.00,424.00,252.00,387.00,252.00
390.00,138.00,428.00,138.00,428.00,254.00,390.00,254.00
393.00,138.00,431.00,138.00,431.00,254.00,393.00,254.00
397.00,137.00,435.00,137.00,435.00,253.00,397.00,253.00
398.00,136.00,437.00,136.00,437.00,254.00,398.00,254.00
401.00,134.00,440.00,134.00,440.00,255.00,401.00,255.00
403.00,133.00,443.00,133.00,443.00,255.00,403.00,255.00
403.00,131.00,443.00,131.00,443.00,256.00,403.00,256.00
405.00,129.00,446.00,129.00,446.00,253.00,405.00,253.00
407.00,129.00,447.00,129.00,447.00,254.00,407.00,254.00
407.00,130.00,448.00,130.00,448.00,255.00,407.00,255.00
408.00,130.00,450.00,130.00,450.00,257.00,408.00,257.00
408.00,130.00,451.00,130.00,451.00,261.00,408.00,261.00
407.00,131.00,450.00,131.00,450.00,262.00,407.00,262.00
405.00,129.00,449.00,129.00,449.00,264.00,405.00,264.00
403.00,129.00,447.00,129.00,447.00,264.00,403.00,264.00
402.00,127.00,448.00,127.00,448.00,265.00,402.00,265.00
400.00,123.00,447.00,123.00,447.00,266.00,400.00,266.00
399.00,122.00,447.00,122.00,447.00,268.00,399.00,268.00
399.00,123.00,445.00,123.00,445.00,265.00,399.00,265.00
399.00,120.00,447.00,120.00,447.00,266.00,399.00,266.00
397.00,121.00,445.00,121.00,445.00,267.00,397.00,267.00
397.00,120.00,446.00,120.00,446.00,268.00,397.00,268.00
398.00,120.00,446.00,120.00,446.00,266.00,398.00,266.00
397.00,121.00,445.00,121.00,445.00,266.00,397.00,266.00
399.00,118.00,447.00,118.00,447.00,266.00,399.00,266.00
398.00,117.00,448.00,117.00,448.00,267.00,398.00,267.00
401.00,114.00,451.00,114.00,451.00,265.00,401.00,265.00
404.00,115.00,453.00,115.00,453.00,264.00,404.00,264.00
405.00,114.00,456.00,114.00,456.00,268.00,405.00,268.00
407.00,117.00,457.00,117.00,457.00,269.00,407.00,269.00
408.00,116.00,460.00,116.00,460.00,273.00,408.00,273.00
411.00,117.00,462.00,117.00,462.00,274.00,411.00,274.00
411.00,114.00,464.00,114.00,464.00,276.00,411.00,276.00
412.00,116.00,464.00,116.00,464.00,274.00,412.00,274.00
413.00,115.00,464.00,115.00,464.00,269.00,413.00,269.00
413.00,113.00,465.00,113.00,465.00,269.00,413.00,269.00
414.00,111.00,467.00,111.00,467.00,270.00,414.00,270.00
413.00,113.00,464.00,113.00,464.00,269.00,413.00,269.00
414.00,114.00,465.00,114.00,465.00,269.00,414.00,269.00
413.00,115.00,464.00,115.00,464.00,271.00,413.00,271.00
413.00,118.00,463.00,118.00,463.00,271.00,413.00,271.00
415.00,118.00,466.00,118.00,466.00,273.00,415.00,273.00
418.00,122.00,467.00,122.00,467.00,273.00,418.00,273.00
422.00,126.00,470.00,126.00,470.00,273.00,422.00,273.00
425.00,127.00,474.00,127.00,474.00,277.00,425.00,277.00
428.00,130.00,477.00,130.00,477.00,279.00,428.00,279.00
431.00,130.00,479.00,130.00,479.00,276.00,431.00,276.00
432.00,131.00,480.00,131.00,480.00,277.00,432.00,277.00
433.00,131.00,481.00,131.00,481.00,277.00,433.00,277.00
434.00,131.00,482.00,131.00,482.00,275.00,434.00,275.00
435.00,131.00,483.00,131.00,483.00,277.00,435.00,277.00
434.00,130.00,483.00,130.00,483.00,277.00,434.00,277.00
436.00,127.00,484.00,127.00,484.00,274.00,436.00,274.00
437.00,124.00,486.00,124.00,486.00,272.00,437.00,272.00
438.00,120.00,486.00,120.00,486.00,268.00,438.00,268.00
437.00,121.00,484.00,121.00,484.00,264.00,437.00,264.00
437.00,119.00,484.00,119.00,484.00,261.00,437.00,261.00
434.00,117.00,482.00,117.00,482.00,263.00,434.00,263.00
432.00,120.00,479.00,120.00,479.00,263.00,432.00,263.00
434.00,122.00,480.00,122.00,480.00,262.00,434.00,262.00
434.00,121.00,481.00,121.00,481.00,266.00,434.00,266.00
435.00,122.00,483.00,122.00,483.00,268.00,435.00,268.00
432.00,124.00,480.00,124.00,480.00,270.00,432.00,270.00
432.00,124.00,481.00,124.00,481.00,275.00,432.00,275.00
432.00,125.00,483.00,125.00,483.00,280.00,432.00,280.00
434.00,130.00,483.00,130.00,483.00,281.00,434.00,281.00
433.00,133.00,481.00,133.00,481.00,281.00,433.00,281.00
432.00,134.00,481.00,134.00,481.00,283.00,432.00,283.00
431.00,135.00,480.00,135.00,480.00,283.00,431.00,283.00
431.00,136.00,480.00,136.00,480.00,283.00,431.00,283.00
431.00,138.00,479.00,138.00,479.00,284.00,431.00,284.00
432.00,141.00,478.00,141.00,478.00,282.00,432.00,282.00
431.00,139.00,479.00,139.00,479.00,285.00,431.00,285.00
431.00,139.00,480.00,139.00,480.00,287.00,431.00,287.00
433.00,141.00,480.00,141.00,480.00,285.00,433.00,285.00
433.00,140.00,481.00,140.00,481.00,286.00,433.00,286.00
434.00,139.00,483.00,139.00,483.00,288.00,434.00,288.00
436.00,140.00,484.00,140.00,484.00,286.00,436.00,286.00
438.00,142.00,485.00,142.00,485.00,283.00,438.00,283.00
439.00,142.00,485.00,142.00,485.00,283.00,439.00,283.00
440.00,139.00,488.00,139.00,488.00,285.00,440.00,285.00
440.00,138.00,489.00,138.00,489.00,287.00,440.00,287.00
440.00,137.00,491.00,137.00,491.00,291.00,440.00,291.00
441.00,137.00,492.00,137.00,492.00,290.00,441.00,290.00
442.00,139.00,492.00,139.00,492.00,290.00,442.00,290.00
442.00,139.00,492.00,139.00,492.00,291.00,442.00,291.00
444.00,141.00,493.00,141.00,493.00,290.00,444.00,290.00
443.00,140.00,494.00,140.00,494.00,293.00,443.00,293.00
445.00,140.00,495.00,140.00,495.00,292.00,445.00,292.00
443.00,141.00,493.00,141.00,493.00,293.00,443.00,293.00
442.00,139.00,493.00,139.00,493.00,296.00,442.00,296.00
442.00,142.00,492.00,142.00,492.00,294.00,442.00,294.00
441.00,141.00,492.00,141.00,492.00,296.00,441.00,296.00
440.00,139.00,492.00,139.00,492.00,298.00,440.00,298.00
437.00,137.00,491.00,137.00,491.00,300.00,437.00,300.00
437.00,137.00,490.00,137.00,490.00,299.00,437.00,299.00
435.00,137.00,489.00,137.00,489.00,300.00,435.00,300.00
433.00,139.00,486.00,139.00,486.00,300.00,433.00,300.00
433.00,140.00,485.00,140.00,485.00,296.00,433.00,296.00
431.00,143.00,481.00,143.00,481.00,295.00,431.00,295.00
431.00,144.00,480.00,144.00,480.00,291.00,431.00,291.00
430.00,141.00,479.00,141.00,479.00,292.00,430.00,292.00
429.00,140.00,478.00,140.00,478.00,291.00,429.00,291.00
428.00,139.00,477.00,139.00,477.00,290.00,428.00,290.00
426.00,139.00,475.00,139.00,475.00,288.00,426.00,288.00
424.00,139.00,472.00,139.00,472.00,285.00,424.00,285.00
422.00,134.00,471.00,134.00,471.00,284.00,422.00,284.00
419.00,132.00,468.00,132.00,468.00,282.00,419.00,282.00
416.00,131.00,465.00,131.00,465.00,277.00,416.00,277.00
414.00,128.00,462.00,128.00,462.00,274.00,414.00,274.00
413.00,125.00,462.00,125.00,462.00,274.00,413.00,274.00
412.00,123.00,460.00,123.00,460.00,269.00,412.00,269.00
411.00,120.00,459.00,120.00,459.00,266.00,411.00,266.00
411.00,118.00,459.00,118.00,459.00,264.00,411.00,264.00
412.00,114.00,462.00,114.00,462.00,264.00,412.00,264.00
414.00,110.00,464.00,110.00,464.00,262.00,414.00,262.00
415.00,107.00,466.00,107.00,466.00,262.00,415.00,262.00
416.00,103.00,468.00,103.00,468.00,261.00,416.00,261.00
418.00,103.00,468.00,103.00,468.00,256.00,418.00,256.00
420.00,104.00,469.00,104.00,469.00,253.00,420.00,253.00
421.00,102.00,470.00,102.00,470.00,252.00,421.00,252.00
421.00,102.00,470.00,102.00,470.00,249.00,421.00,249.00
422.00,101.00,471.00,101.00,471.00,250.00,422.00,250.00
423.00,100.00,472.00,100.00,472.00,249.00,423.00,249.00
422.00,98.00,471.00,98.00,471.00,246.00,422.00,246.00
422.00,98.00,471.00,98.00,471.00,247.00,422.00,247.00
422.00,98.00,470.00,98.00,470.00,244.00,422.00,244.00
421.00,97.00,469.00,97.00,469.00,243.00,421.00,243.00
420.00,96.00,468.00,96.00,468.00,242.00,420.00,242.00
421.00,95.00,469.00,95.00,469.00,241.00,421.00,241.00
420.00,94.00,469.00,94.00,469.00,242.00,420.00,242.00
420.00,95.00,469.00,95.00,469.00,242.00,420.00,242.00
421.00,94.00,469.00,94.00,469.00,240.00,421.00,240.00
421.00,92.00,469.00,92.00,469.00,240.00,421.00,240.00
422.00,91.00,470.00,91.00,470.00,238.00,422.00,238.00
422.00,90.00,471.00,90.00,471.00,237.00,422.00,237.00
423.00,89.00,473.00,89.00,473.00,239.00,423.00,239.00
424.00,89.00,474.00,89.00,474.00,239.00,424.00,239.00
424.00,87.00,475.00,87.00,475.00,242.00,424.00,242.00
426.00,89.00,475.00,89.00,475.00,239.00,426.00,239.00
427.00,89.00,476.00,89.00,476.00,239.00,427.00,239.00
426.00,88.00,476.00,88.00,476.00,240.00,426.00,240.00
428.00,88.00,477.00,88.00,477.00,239.00,428.00,239.00
428.00,90.00,477.00,90.00,477.00,241.00,428.00,241.00
428.00,92.00,477.00,92.00,477.00,241.00,428.00,241.00
429.00,94.00,477.00,94.00,477.00,240.00,429.00,240.00
428.00,95.00,477.00,95.00,477.00,242.00,428.00,242.00
428.00,95.00,478.00,95.00,478.00,246.00,428.00,246.00
429.00,98.00,477.00,98.00,477.00,244.00,429.00,244.00
428.00,99.00,477.00,99.00,477.00,247.00,428.00,247.00
429.00,100.00,478.00,100.00,478.00,249.00,429.00,249.00
429.00,100.00,478.00,100.00,478.00,248.00,429.00,248.00
429.00,103.00,477.00,103.00,477.00,249.00,429.00,249.00
430.00,102.00,479.00,102.00,479.00,251.00,430.00,251.00
430.00,105.00,478.00,105.00,478.00,251.00,430.00,251.00
430.00,107.00,479.00,107.00,479.00,254.00,430.00,254.00
431.00,108.00,480.00,108.00,480.00,257.00,431.00,257.00
431.00,112.00,479.00,112.00,479.00,258.00,431.00,258.00
430.00,114.00,479.00,114.00,479.00,262.00,430.00,262.00
431.00,118.00,479.00,118.00,479.00,264.00,431.00,264.00
430.00,120.00,478.00,120.00,478.00,266.00,430.00,266.00
430.00,121.00,478.00,121.00,478.00,269.00,430.00,269.00
429.00,124.00,477.00,124.00,477.00,270.00,429.00,270.00
428.00,128.00,475.00,128.00,475.00,272.00,428.00,272.00
427.00,128.00,475.00,128.00,475.00,276.00,427.00,276.00
425.00,132.00,473.00,132.00,473.00,278.00,425.00,278.00
425.00,133.00,473.00,133.00,473.00,279.00,425.00,279.00
424.00,137.00,471.00,137.00,471.00,281.00,424.00,281.00
423.00,140.00,470.00,140.00,470.00,284.00,423.00,284.00
423.00,142.00,471.00,142.00,471.00,288.00,423.00,288.00
422.00,143.00,470.00,143.00,470.00,290.00,422.00,290.00
422.00,143.00,471.00,143.00,471.00,290.00,422.00,290.00
422.00,144.00,471.00,144.00,471.00,290.00,422.00,290.00
423.00,145.00,471.00,145.00,471.00,291.00,423.00,291.00
423.00,144.00,472.00,144.00,472.00,292.00,423.00,292.00
423.00,145.00,472.00,145.00,472.00,294.00,423.00,294.00
424.00,145.00,473.00,145.00,473.00,293.00,424.00,293.00
424.00,146.00,472.00,146.00,472.00,292.00,424.00,292.00
424.00,145.00,472.00,145.00,472.00,292.00,424.00,292.00
424.00,144.00,473.00,144.00,473.00,292.00,424.00,292.00
425.00,147.00,472.00,147.00,472.00,291.00,425.00,291.00
425.00,145.00,473.00,145.00,473.00,291.00,425.00,291.00
425.00,145.00,473.00,145.00,473.00,292.00,425.00,292.00
425.00,145.00,473.00,145.00,473.00,291.00,425.00,291.00
426.00,143.00,475.00,143.00,475.00,292.00,426.00,292.00
425.00,145.00,474.00,145.00,474.00,292.00,425.00,292.00
425.00,146.00,473.00,146.00,473.00,292.00,425.00,292.00
426.00,146.00,474.00,146.00,474.00,292.00,426.00,292.00
426.00,146.00,474.00,146.00,474.00,294.00,426.00,294.00
427.00,146.00,475.00,146.00,475.00,292.00,427.00,292.00
427.00,145.00,475.00,145.00,475.00,291.00,427.00,291.00
427.00,144.00,475.00,144.00,475.00,292.00,427.00,292.00
428.00,144.00,476.00,144.00,476.00,290.00,428.00,290.00
427.00,144.00,476.00,144.00,476.00,293.00,427.00,293.00
428.00,143.00,476.00,143.00,476.00,291.00,428.00,291.00
429.00,143.00,477.00,143.00,477.00,289.00,429.00,289.00
427.00,141.00,477.00,141.00,477.00,292.00,427.00,292.00
428.00,143.00,476.00,143.00,476.00,289.00,428.00,289.00
428.00,143.00,476.00,143.00,476.00,289.00,428.00,289.00
428.00,142.00,477.00,142.00,477.00,291.00,428.00,291.00
428.00,142.00,476.00,142.00,476.00,288.00,428.00,288.00
428.00,141.00,477.00,141.00,477.00,290.00,428.00,290.00
428.00,141.00,476.00,141.00,476.00,289.00,428.00,289.00
427.00,142.00,476.00,142.00,476.00,291.00,427.00,291.00
426.00,143.00,474.00,143.00,474.00,290.00,426.00,290.00
425.00,142.00,473.00,142.00,473.00,290.00,425.00,290.00
424.00,142.00,472.00,142.00,472.00,288.00,424.00,288.00
422.00,141.00,471.00,141.00,471.00,290.00,422.00,290.00
422.00,142.00,470.00,142.00,470.00,288.00,422.00,288.00
421.00,141.00,469.00,141.00,469.00,287.00,421.00,287.00
420.00,142.00,468.00,142.00,468.00,288.00,420.00,288.00
420.00,141.00,468.00,141.00,468.00,287.00,420.00,287.00
419.00,142.00,467.00,142.00,467.00,288.00,419.00,288.00
419.00,142.00,467.00,142.00,467.00,288.00,419.00,288.00
419.00,141.00,467.00,141.00,467.00,287.00,419.00,287.00
419.00,144.00,465.00,144.00,465.00,286.00,419.00,286.00
419.00,143.00,466.00,143.00,466.00,286.00,419.00,286.00
418.00,141.00,466.00,141.00,466.00,287.00,418.00,287.00
417.00,141.00,466.00,141.00,466.00,288.00,417.00,288.00
418.00,140.00,466.00,140.00,466.00,286.00,418.00,286.00
417.00,140.00,466.00,140.00,466.00,288.00,417.00,288.00
418.00,142.00,466.00,142.00,466.00,288.00,418.00,288.00
418.00,141.00,466.00,141.00,466.00,289.00,418.00,289.00
417.00,143.00,465.00,143.00,465.00,289.00,417.00,289.00
418.00,143.00,466.00,143.00,466.00,290.00,418.00,290.00
417.00,143.00,466.00,143.00,466.00,290.00,417.00,290.00
419.00,143.00,467.00,143.00,467.00,291.00,419.00,291.00
419.00,144.00,468.00,144.00,468.00,291.00,419.00,291.00
419.00,143.00,468.00,143.00,468.00,291.00,419.00,291.00
419.00,144.00,468.00,144.00,468.00,291.00,419.00,291.00
419.00,143.00,468.00,143.00,468.00,290.00,419.00,290.00
419.00,144.00,467.00,144.00,467.00,292.00,419.00,292.00
420.00,144.00,468.00,144.00,468.00,291.00,420.00,291.00
420.00,145.00,468.00,145.00,468.00,291.00,420.00,291.00
420.00,145.00,468.00,145.00,468.00,291.00,420.00,291.00
420.00,144.00,468.00,144.00,468.00,290.00,420.00,290.00
420.00,144.00,468.00,144.00,468.00,290.00,420.00,290.00
419.00,144.00,467.00,144.00,467.00,290.00,419.00,290.00
419.00,144.00,467.00,144.00,467.00,290.00,419.00,290.00
418.00,145.00,466.00,145.00,466.00,291.00,418.00,291.00
418.00,146.00,466.00,146.00,466.00,292.00,418.00,292.00
417.00,149.00,464.00,149.00,464.00,290.00,417.00,290.00
416.00,150.00,463.00,150.00,463.00,291.00,416.00,291.00
416.00,149.00,463.00,149.00,463.00,291.00,416.00,291.00
415.00,150.00,462.00,150.00,462.00,292.00,415.00,292.00
415.00,149.00,462.00,149.00,462.00,291.00,415.00,291.00
413.00,147.00,461.00,147.00,461.00,293.00,413.00,293.00
413.00,150.00,459.00,150.00,459.00,292.00,413.00,292.00
412.00,149.00,458.00,149.00,458.00,291.00,412.00,291.00
410.00,149.00,456.00,149.00,456.00,291.00,410.00,291.00
409.00,148.00,456.00,148.00,456.00,290.00,409.00,290.00
408.00,146.00,456.00,146.00,456.00,292.00,408.00,292.00
408.00,146.00,456.00,146.00,456.00,292.00,408.00,292.00
408.00,145.00,456.00,145.00,456.00,291.00,408.00,291.00
408.00,144.00,457.00,144.00,457.00,291.00,408.00,291.00
408.00,144.00,457.00,144.00,457.00,291.00,408.00,291.00
407.00,144.00,455.00,144.00,455.00,290.00,407.00,290.00
407.00,142.00,455.00,142.00,455.00,290.00,407.00,290.00
406.00,141.00,455.00,141.00,455.00,289.00,406.00,289.00
407.00,141.00,455.00,141.00,455.00,288.00,407.00,288.00
407.00,140.00,455.00,140.00,455.00,287.00,407.00,287.00
406.00,139.00,455.00,139.00,455.00,286.00,406.00,286.00
406.00,138.00,454.00,138.00,454.00,284.00,406.00,284.00
405.00,135.00,454.00,135.00,454.00,283.00,405.00,283.00
405.00,135.00,453.00,135.00,453.00,282.00,405.00,282.00
405.00,134.00,453.00,134.00,453.00,280.00,405.00,280.00
403.00,131.00,452.00,131.00,452.00,279.00,403.00,279.00
403.00,130.00,453.00,130.00,453.00,280.00,403.00,280.00
403.00,128.00,453.00,128.00,453.00,280.00,403.00,280.00
401.00,127.00,452.00,127.00,452.00,282.00,401.00,282.00
402.00,126.00,452.00,126.00,452.00,280.00,402.00,280.00
400.00,125.00,451.00,125.00,451.00,282.00,400.00,282.00
398.00,122.00,451.00,122.00,451.00,284.00,398.00,284.00
397.00,121.00,450.00,121.00,450.00,283.00,397.00,283.00
397.00,124.00,448.00,124.00,448.00,280.00,397.00,280.00
395.00,120.00,448.00,120.00,448.00,282.00,395.00,282.00
391.00,119.00,445.00,119.00,445.00,284.00,391.00,284.00
391.00,120.00,444.00,120.00,444.00,281.00,391.00,281.00
388.00,119.00,441.00,119.00,441.00,281.00,388.00,281.00
385.00,119.00,439.00,119.00,439.00,281.00,385.00,281.00
382.00,120.00,435.00,120.00,435.00,281.00,382.00,281.00
380.00,123.00,432.00,123.00,432.00,280.00,380.00,280.00
377.00,122.00,431.00,122.00,431.00,283.00,377.00,283.00
375.00,124.00,427.00,124.00,427.00,282.00,375.00,282.00
372.00,123.00,425.00,123.00,425.00,284.00,372.00,284.00
369.00,122.00,422.00,122.00,422.00,285.00,369.00,285.00
368.00,123.00,420.00,123.00,420.00,281.00,368.00,281.00
366.00,124.00,417.00,124.00,417.00,278.00,366.00,278.00
365.00,122.00,416.00,122.00,416.00,277.00,365.00,277.00
363.00,119.00,416.00,119.00,416.00,279.00,363.00,279.00
363.00,120.00,415.00,120.00,415.00,278.00,363.00,278.00
364.00,123.00,415.00,123.00,415.00,278.00,364.00,278.00
366.00,126.00,415.00,126.00,415.00,277.00,366.00,277.00
366.00,127.00,417.00,127.00,417.00,280.00,366.00,280.00
368.00,127.00,420.00,127.00,420.00,283.00,368.00,283.00
371.00,130.00,422.00,130.00,422.00,285.00,371.00,285.00
373.00,130.00,425.00,130.00,425.00,287.00,373.00,287.00
374.00,131.00,427.00,131.00,427.00,292.00,374.00,292.00
377.00,132.00,430.00,132.00,430.00,293.00,377.00,293.00
380.00,134.00,433.00,134.00,433.00,294.00,380.00,294.00
382.00,138.00,433.00,138.00,433.00,293.00,382.00,293.00
383.00,138.00,435.00,138.00,435.00,295.00,383.00,295.00
384.00,143.00,435.00,143.00,435.00,296.00,384.00,296.00
385.00,145.00,435.00,145.00,435.00,297.00,385.00,297.00
386.00,148.00,435.00,148.00,435.00,298.00,386.00,298.00
385.00,149.00,435.00,149.00,435.00,300.00,385.00,300.00
385.00,149.00,435.00,149.00,435.00,303.00,385.00,303.00
384.00,149.00,435.00,149.00,435.00,306.00,384.00,306.00
385.00,154.00,435.00,154.00,435.00,306.00,385.00,306.00
385.00,157.00,434.00,157.00,434.00,306.00,385.00,306.00
385.00,156.00,435.00,156.00,435.00,308.00,385.00,308.00
386.00,158.00,436.00,158.00,436.00,310.00,386.00,310.00
388.00,160.00,438.00,160.00,438.00,310.00,388.00,310.00
391.00,162.00,439.00,162.00,439.00,309.00,391.00,309.00
394.00,162.00,443.00,162.00,443.00,313.00,394.00,313.00
395.00,162.00,446.00,162.00,446.00,317.00,395.00,317.00
397.00,167.00,447.00,167.00,447.00,317.00,397.00,317.00
398.00,168.00,449.00,168.00,449.00,321.00,398.00,321.00
399.00,173.00,449.00,173.00,449.00,323.00,399.00,323.00
399.00,174.00,450.00,174.00,450.00,328.00,399.00,328.00
401.00,180.00,450.00,180.00,450.00,329.00,401.00,329.00
401.00,183.00,452.00,183.00,452.00,337.00,401.00,337.00
402.00,184.00,454.00,184.00,454.00,342.00,402.00,342.00
402.00,188.00,452.00,188.00,452.00,342.00,402.00,342.00
401.00,187.00,452.00,187.00,452.00,342.00,401.00,342.00
401.00,185.00,452.00,185.00,452.00,340.00,401.00,340.00
401.00,185.00,451.00,185.00,451.00,337.00,401.00,337.00
401.00,182.00,451.00,182.00,451.00,335.00,401.00,335.00
402.00,184.00,451.00,184.00,451.00,333.00,402.00,333.00
401.00,183.00,451.00,183.00,451.00,334.00,401.00,334.00
401.00,182.00,451.00,182.00,451.00,335.00,401.00,335.00
402.00,184.00,451.00,184.00,451.00,333.00,402.00,333.00
401.00,184.00,451.00,184.00,451.00,335.00,401.00,335.00
400.00,185.00,449.00,185.00,449.00,334.00,400.00,334.00
400.00,185.00,448.00,185.00,448.00,331.00,400.00,331.00
399.00,185.00,447.00,185.00,447.00,331.00,399.00,331.00
397.00,186.00,446.00,186.00,446.00,333.00,397.00,333.00
395.00,184.00,445.00,184.00,445.00,336.00,395.00,336.00
393.00,182.00,444.00,182.00,444.00,337.00,393.00,337.00
391.00,183.00,441.00,183.00,441.00,335.00,391.00,335.00
390.00,180.00,441.00,180.00,441.00,334.00,390.00,334.00
389.00,179.00,439.00,179.00,439.00,331.00,389.00,331.00
388.00,176.00,438.00,176.00,438.00,328.00,388.00,328.00
387.00,174.00,437.00,174.00,437.00,326.00,387.00,326.00
386.00,171.00,436.00,171.00,436.00,323.00,386.00,323.00
386.00,169.00,435.00,169.00,435.00,320.00,386.00,320.00
385.00,167.00,434.00,167.00,434.00,316.00,385.00,316.00
384.00,164.00,432.00,164.00,432.00,310.00,384.00,310.00
383.00,162.00,431.00,162.00,431.00,307.00,383.00,307.00
382.00,159.00,431.00,159.00,431.00,308.00,382.00,308.00
381.00,157.00,429.00,157.00,429.00,303.00,381.00,303.00
381.00,154.00,428.00,154.00,428.00,299.00,381.00,299.00
380.00,150.00,429.00,150.00,429.00,297.00,380.00,297.00
379.00,149.00,427.00,149.00,427.00,294.00,379.00,294.00
381.00,148.00,427.00,148.00,427.00,288.00,381.00,288.00
380.00,146.00,426.00,146.00,426.00,286.00,380.00,286.00
380.00,145.00,425.00,145.00,425.00,281.00,380.00,281.00
380.00,143.00,425.00,143.00,425.00,280.00,380.00,280.00
380.00,143.00,424.00,143.00,424.00,278.00,380.00,278.00
382.00,144.00,425.00,144.00,425.00,275.00,382.00,275.00
385.00,146.00,427.00,146.00,427.00,273.00,385.00,273.00
388.00,148.00,428.00,148.00,428.00,271.00,388.00,271.00
389.00,148.00,429.00,148.00,429.00,268.00,389.00,268.00
390.00,149.00,429.00,149.00,429.00,268.00,390.00,268.00
393.00,150.00,430.00,150.00,430.00,265.00,393.00,265.00
394.00,151.00,430.00,151.00,430.00,263.00,394.00,263.00
390.00,150.00,427.00,150.00,427.00,264.00,390.00,264.00
390.00,143.00,428.00,143.00,428.00,260.00,390.00,260.00
365.00,148.00,404.00,148.00,404.00,268.00,365.00,268.00
385.00,137.00,423.00,137.00,423.00,253.00,385.00,253.00
385.00,135.00,424.00,135.00,424.00,255.00,385.00,255.00
384.00,132.00,424.00,132.00,424.00,253.00,384.00,253.00
384.00,130.00,425.00,130.00,425.00,254.00,384.00,254.00
386.00,127.00,428.00,127.00,428.00,255.00,386.00,255.00
386.00,126.00,428.00,126.00,428.00,254.00,386.00,254.00
385.00,127.00,427.00,127.00,427.00,254.00,385.00,254.00
385.00,130.00,427.00,130.00,427.00,258.00,385.00,258.00
383.00,131.00,426.00,131.00,426.00,262.00,383.00,262.00
382.00,134.00,425.00,134.00,425.00,264.00,382.00,264.00
381.00,134.00,424.00,134.00,424.00,266.00,381.00,266.00
379.00,132.00,423.00,132.00,423.00,267.00,379.00,267.00
378.00,131.00,422.00,131.00,422.00,265.00,378.00,265.00
377.00,132.00,419.00,132.00,419.00,261.00,377.00,261.00
375.00,130.00,418.00,130.00,418.00,263.00,375.00,263.00
374.00,130.00,417.00,130.00,417.00,261.00,374.00,261.00
371.00,130.00,415.00,130.00,415.00,263.00,371.00,263.00
371.00,131.00,414.00,131.00,414.00,262.00,371.00,262.00
369.00,132.00,412.00,132.00,412.00,263.00,369.00,263.00
368.00,131.00,412.00,131.00,412.00,265.00,368.00,265.00
366.00,131.00,411.00,131.00,411.00,266.00,366.00,266.00
365.00,132.00,410.00,132.00,410.00,267.00,365.00,267.00
365.00,133.00,409.00,133.00,409.00,269.00,365.00,269.00
364.00,134.00,410.00,134.00,410.00,272.00,364.00,272.00
364.00,136.00,409.00,136.00,409.00,275.00,364.00,275.00
362.00,137.00,408.00,137.00,408.00,277.00,362.00,277.00
362.00,138.00,408.00,138.00,408.00,279.00,362.00,279.00
361.00,141.00,407.00,141.00,407.00,281.00,361.00,281.00
360.00,141.00,407.00,141.00,407.00,284.00,360.00,284.00
360.00,143.00,407.00,143.00,407.00,285.00,360.00,285.00
359.00,144.00,406.00,144.00,406.00,287.00,359.00,287.00
359.00,146.00,406.00,146.00,406.00,287.00,359.00,287.00
358.00,146.00,405.00,146.00,405.00,289.00,358.00,289.00
359.00,151.00,405.00,151.00,405.00,290.00,359.00,290.00
357.00,151.00,404.00,151.00,404.00,295.00,357.00,295.00
356.00,154.00,403.00,154.00,403.00,297.00,356.00,297.00
357.00,156.00,403.00,156.00,403.00,297.00,357.00,297.00
356.00,158.00,401.00,158.00,401.00,296.00,356.00,296.00
356.00,161.00,400.00,161.00,400.00,296.00,356.00,296.00
355.00,161.00,400.00,161.00,400.00,299.00,355.00,299.00
355.00,160.00,401.00,160.00,401.00,301.00,355.00,301.00
354.00,163.00,400.00,163.00,400.00,300.00,354.00,300.00
355.00,164.00,399.00,164.00,399.00,300.00,355.00,300.00
353.00,164.00,399.00,164.00,399.00,302.00,353.00,302.00
354.00,164.00,400.00,164.00,400.00,305.00,354.00,305.00
352.00,165.00,399.00,165.00,399.00,306.00,352.00,306.00
352.00,165.00,398.00,165.00,398.00,307.00,352.00,307.00
351.00,166.00,398.00,166.00,398.00,308.00,351.00,308.00
351.00,168.00,397.00,168.00,397.00,308.00,351.00,308.00
351.00,169.00,395.00,169.00,395.00,305.00,351.00,305.00
349.00,168.00,393.00,168.00,393.00,304.00,349.00,304.00
347.00,167.00,393.00,167.00,393.00,307.00,347.00,307.00
347.00,168.00,393.00,168.00,393.00,308.00,347.00,308.00
346.00,169.00,392.00,169.00,392.00,309.00,346.00,309.00
344.00,171.00,389.00,171.00,389.00,307.00,344.00,307.00
343.00,171.00,389.00,171.00,389.00,311.00,343.00,311.00
342.00,174.00,386.00,174.00,386.00,310.00,342.00,310.00
340.00,174.00,386.00,174.00,386.00,314.00,340.00,314.00
339.00,176.00,384.00,176.00,384.00,312.00,339.00,312.00
337.00,177.00,381.00,177.00,381.00,313.00,337.00,313.00
335.00,177.00,380.00,177.00,380.00,313.00,335.00,313.00
333.00,176.00,379.00,176.00,379.00,316.00,333.00,316.00
332.00,178.00,377.00,178.00,377.00,314.00,332.00,314.00
331.00,179.00,376.00,179.00,376.00,315.00,331.00,315.00
329.00,181.00,374.00,181.00,374.00,316.00,329.00,316.00
328.00,182.00,373.00,182.00,373.00,318.00,328.00,318.00
326.00,183.00,370.00,183.00,370.00,318.00,326.00,318.00
325.00,186.00,368.00,186.00,368.00,318.00,325.00,318.00
324.00,186.00,367.00,186.00,367.00,319.00,324.00,319.00
320.00,184.00,365.00,184.00,365.00,322.00,320.00,322.00
319.00,186.00,363.00,186.00,363.00,321.00,319.00,321.00
317.00,186.00,361.00,186.00,361.00,321.00,317.00,321.00
314.00,186.00,359.00,186.00,359.00,322.00,314.00,322.00
312.00,187.00,357.00,187.00,357.00,323.00,312.00,323.00
309.00,189.00,354.00,189.00,354.00,324.00,309.00,324.00
306.00,190.00,351.00,190.00,351.00,326.00,306.00,326.00
304.00,189.00,349.00,189.00,349.00,326.00,304.00,326.00
302.00,190.00,346.00,190.00,346.00,324.00,302.00,324.00
299.00,190.00,343.00,190.00,343.00,323.00,299.00,323.00
296.00,189.00,340.00,189.00,340.00,325.00,296.00,325.00
295.00,190.00,338.00,190.00,338.00,322.00,295.00,322.00
291.00,191.00,335.00,191.00,335.00,325.00,291.00,325.00
289.00,192.00,332.00,192.00,332.00,324.00,289.00,324.00
286.00,190.00,330.00,190.00,330.00,325.00,286.00,325.00
284.00,191.00,328.00,191.00,328.00,326.00,284.00,326.00
282.00,191.00,325.00,191.00,325.00,323.00,282.00,323.00
279.00,194.00,322.00,194.00,322.00,323.00,279.00,323.00
277.00,192.00,321.00,192.00,321.00,325.00,277.00,325.00
275.00,192.00,318.00,192.00,318.00,323.00,275.00,323.00
272.00,193.00,316.00,193.00,316.00,325.00,272.00,325.00
270.00,194.00,314.00,194.00,314.00,327.00,270.00,327.00
268.00,195.00,311.00,195.00,311.00,325.00,268.00,325.00
267.00,197.00,309.00,197.00,309.00,324.00,267.00,324.00
263.00,198.00,305.00,198.00,305.00,325.00,263.00,325.00
262.00,198.00,304.00,198.00,304.00,326.00,262.00,326.00
259.00,199.00,301.00,199.00,301.00,327.00,259.00,327.00
256.00,200.00,298.00,200.00,298.00,328.00,256.00,328.00
253.00,198.00,297.00,198.00,297.00,330.00,253.00,330.00
250.00,199.00,294.00,199.00,294.00,331.00,250.00,331.00
248.00,199.00,292.00,199.00,292.00,331.00,248.00,331.00
246.00,200.00,289.00,200.00,289.00,331.00,246.00,331.00
243.00,201.00,286.00,201.00,286.00,332.00,243.00,332.00
241.00,200.00,285.00,200.00,285.00,333.00,241.00,333.00
238.00,200.00,282.00,200.00,282.00,333.00,238.00,333.00
237.00,203.00,279.00,203.00,279.00,331.00,237.00,331.00
234.00,202.00,277.00,202.00,277.00,333.00,234.00,333.00
232.00,202.00,275.00,202.00,275.00,333.00,232.00,333.00
