13.864,0,0,0,0,0,0,0,0,0,0,0,0,0,0
0.2389,0,0,0,0,0,0,0,0,0,0,0,0,0,0
0.18426,0,0,0,0,0,0,0,0,0,0,0,0,0,0
0.12907,0,0,0,0,0,0,0,0,0,0,0,0,0,0
0.17497,0,0,0,0,0,0,0,0,0,0,0,0,0,0
0.1301,0,0,0,0,0,0,0,0,0,0,0,0,0,0
0.39273,0,0,0,0,0,0,0,0,0,0,0,0,0,0
0.11369,0,0,0,0,0,0,0,0,0,0,0,0,0,0
0.10921,0,0,0,0,0,0,0,0,0,0,0,0,0,0
0.11425,0,0,0,0,0,0,0,0,0,0,0,0,0,0
0.11341,0,0,0,0,0,0,0,0,0,0,0,0,0,0
0.1118,0,0,0,0,0,0,0,0,0,0,0,0,0,0
0.24766,0,0,0,0,0,0,0,0,0,0,0,0,0,0
0.11923,0,0,0,0,0,0,0,0,0,0,0,0,0,0
0.11244,0,0,0,0,0,0,0,0,0,0,0,0,0,0
0.11189,0,0,0,0,0,0,0,0,0,0,0,0,0,0
0.11756,0,0,0,0,0,0,0,0,0,0,0,0,0,0
0.11883,0,0,0,0,0,0,0,0,0,0,0,0,0,0
0.24294,0,0,0,0,0,0,0,0,0,0,0,0,0,0
0.123,0,0,0,0,0,0,0,0,0,0,0,0,0,0
0.1276,0,0,0,0,0,0,0,0,0,0,0,0,0,0
0.11494,0,0,0,0,0,0,0,0,0,0,0,0,0,0
0.11669,0,0,0,0,0,0,0,0,0,0,0,0,0,0
0.12332,0,0,0,0,0,0,0,0,0,0,0,0,0,0
0.24575,0,0,0,0,0,0,0,0,0,0,0,0,0,0
0.11958,0,0,0,0,0,0,0,0,0,0,0,0,0,0
0.11652,0,0,0,0,0,0,0,0,0,0,0,0,0,0
0.11687,0,0,0,0,0,0,0,0,0,0,0,0,0,0
0.11593,0,0,0,0,0,0,0,0,0,0,0,0,0,0
0.12336,0,0,0,0,0,0,0,0,0,0,0,0,0,0
0.25449,0,0,0,0,0,0,0,0,0,0,0,0,0,0
0.11609,0,0,0,0,0,0,0,0,0,0,0,0,0,0
0.12543,0,0,0,0,0,0,0,0,0,0,0,0,0,0
0.12534,0,0,0,0,0,0,0,0,0,0,0,0,0,0
0.12818,0,0,0,0,0,0,0,0,0,0,0,0,0,0
0.1157,0,0,0,0,0,0,0,0,0,0,0,0,0,0
0.23739,0,0,0,0,0,0,0,0,0,0,0,0,0,0
0.12108,0,0,0,0,0,0,0,0,0,0,0,0,0,0
0.12281,0,0,0,0,0,0,0,0,0,0,0,0,0,0
0.11683,0,0,0,0,0,0,0,0,0,0,0,0,0,0
0.1185,0,0,0,0,0,0,0,0,0,0,0,0,0,0
NaN,0,0,0,0,0,0,0,0,0,0,0,0,0,0
NaN,0,0,0,0,0,0,0,0,0,0,0,0,0,0
NaN,0,0,0,0,0,0,0,0,0,0,0,0,0,0
NaN,0,0,0,0,0,0,0,0,0,0,0,0,0,0
12.396,0,0,0,0,0,0,0,0,0,0,0,0,0,0
0.24951,0,0,0,0,0,0,0,0,0,0,0,0,0,0
0.18241,0,0,0,0,0,0,0,0,0,0,0,0,0,0
0.12036,0,0,0,0,0,0,0,0,0,0,0,0,0,0
0.13894,0,0,0,0,0,0,0,0,0,0,0,0,0,0
0.12486,0,0,0,0,0,0,0,0,0,0,0,0,0,0
0.42977,0,0,0,0,0,0,0,0,0,0,0,0,0,0
0.10262,0,0,0,0,0,0,0,0,0,0,0,0,0,0
0.099864,0,0,0,0,0,0,0,0,0,0,0,0,0,0
0.10146,0,0,0,0,0,0,0,0,0,0,0,0,0,0
0.10375,0,0,0,0,0,0,0,0,0,0,0,0,0,0
0.10412,0,0,0,0,0,0,0,0,0,0,0,0,0,0
0.17976,0,0,0,0,0,0,0,0,0,0,0,0,0,0
0.10196,0,0,0,0,0,0,0,0,0,0,0,0,0,0
0.10207,0,0,0,0,0,0,0,0,0,0,0,0,0,0
0.10294,0,0,0,0,0,0,0,0,0,0,0,0,0,0
0.10514,0,0,0,0,0,0,0,0,0,0,0,0,0,0
0.10347,0,0,0,0,0,0,0,0,0,0,0,0,0,0
0.18117,0,0,0,0,0,0,0,0,0,0,0,0,0,0
0.10424,0,0,0,0,0,0,0,0,0,0,0,0,0,0
0.10352,0,0,0,0,0,0,0,0,0,0,0,0,0,0
0.10328,0,0,0,0,0,0,0,0,0,0,0,0,0,0
0.10455,0,0,0,0,0,0,0,0,0,0,0,0,0,0
0.1026,0,0,0,0,0,0,0,0,0,0,0,0,0,0
0.17996,0,0,0,0,0,0,0,0,0,0,0,0,0,0
0.10832,0,0,0,0,0,0,0,0,0,0,0,0,0,0
0.1079,0,0,0,0,0,0,0,0,0,0,0,0,0,0
0.10762,0,0,0,0,0,0,0,0,0,0,0,0,0,0
0.11092,0,0,0,0,0,0,0,0,0,0,0,0,0,0
0.10919,0,0,0,0,0,0,0,0,0,0,0,0,0,0
0.19724,0,0,0,0,0,0,0,0,0,0,0,0,0,0
0.11178,0,0,0,0,0,0,0,0,0,0,0,0,0,0
0.11133,0,0,0,0,0,0,0,0,0,0,0,0,0,0
0.10998,0,0,0,0,0,0,0,0,0,0,0,0,0,0
0.107,0,0,0,0,0,0,0,0,0,0,0,0,0,0
0.11,0,0,0,0,0,0,0,0,0,0,0,0,0,0
0.19435,0,0,0,0,0,0,0,0,0,0,0,0,0,0
0.11202,0,0,0,0,0,0,0,0,0,0,0,0,0,0
0.11519,0,0,0,0,0,0,0,0,0,0,0,0,0,0
0.11134,0,0,0,0,0,0,0,0,0,0,0,0,0,0
0.11109,0,0,0,0,0,0,0,0,0,0,0,0,0,0
0.10968,0,0,0,0,0,0,0,0,0,0,0,0,0,0
0.18878,0,0,0,0,0,0,0,0,0,0,0,0,0,0
0.10931,0,0,0,0,0,0,0,0,0,0,0,0,0,0
0.11071,0,0,0,0,0,0,0,0,0,0,0,0,0,0
0.11937,0,0,0,0,0,0,0,0,0,0,0,0,0,0
0.10924,0,0,0,0,0,0,0,0,0,0,0,0,0,0
0.10823,0,0,0,0,0,0,0,0,0,0,0,0,0,0
0.19121,0,0,0,0,0,0,0,0,0,0,0,0,0,0
0.11028,0,0,0,0,0,0,0,0,0,0,0,0,0,0
0.15218,0,0,0,0,0,0,0,0,0,0,0,0,0,0
0.11421,0,0,0,0,0,0,0,0,0,0,0,0,0,0
0.11464,0,0,0,0,0,0,0,0,0,0,0,0,0,0
0.11301,0,0,0,0,0,0,0,0,0,0,0,0,0,0
0.1981,0,0,0,0,0,0,0,0,0,0,0,0,0,0
0.11202,0,0,0,0,0,0,0,0,0,0,0,0,0,0
0.11221,0,0,0,0,0,0,0,0,0,0,0,0,0,0
0.11413,0,0,0,0,0,0,0,0,0,0,0,0,0,0
0.11124,0,0,0,0,0,0,0,0,0,0,0,0,0,0
0.11214,0,0,0,0,0,0,0,0,0,0,0,0,0,0
0.19465,0,0,0,0,0,0,0,0,0,0,0,0,0,0
0.11066,0,0,0,0,0,0,0,0,0,0,0,0,0,0
0.10932,0,0,0,0,0,0,0,0,0,0,0,0,0,0
0.11213,0,0,0,0,0,0,0,0,0,0,0,0,0,0
0.11087,0,0,0,0,0,0,0,0,0,0,0,0,0,0
0.11152,0,0,0,0,0,0,0,0,0,0,0,0,0,0
0.19193,0,0,0,0,0,0,0,0,0,0,0,0,0,0
0.12102,0,0,0,0,0,0,0,0,0,0,0,0,0,0
0.14978,0,0,0,0,0,0,0,0,0,0,0,0,0,0
0.11535,0,0,0,0,0,0,0,0,0,0,0,0,0,0
0.11134,0,0,0,0,0,0,0,0,0,0,0,0,0,0
0.11077,0,0,0,0,0,0,0,0,0,0,0,0,0,0
0.18877,0,0,0,0,0,0,0,0,0,0,0,0,0,0
