11.353,0,0,0,0,0,0,0,0,0,0,0,0,0,0
0.21017,0,0,0,0,0,0,0,0,0,0,0,0,0,0
0.15718,0,0,0,0,0,0,0,0,0,0,0,0,0,0
0.093556,0,0,0,0,0,0,0,0,0,0,0,0,0,0
0.12082,0,0,0,0,0,0,0,0,0,0,0,0,0,0
0.11324,0,0,0,0,0,0,0,0,0,0,0,0,0,0
0.28195,0,0,0,0,0,0,0,0,0,0,0,0,0,0
0.087679,0,0,0,0,0,0,0,0,0,0,0,0,0,0
0.086418,0,0,0,0,0,0,0,0,0,0,0,0,0,0
0.087947,0,0,0,0,0,0,0,0,0,0,0,0,0,0
0.094554,0,0,0,0,0,0,0,0,0,0,0,0,0,0
0.086772,0,0,0,0,0,0,0,0,0,0,0,0,0,0
0.16114,0,0,0,0,0,0,0,0,0,0,0,0,0,0
0.086838,0,0,0,0,0,0,0,0,0,0,0,0,0,0
0.086026,0,0,0,0,0,0,0,0,0,0,0,0,0,0
0.088079,0,0,0,0,0,0,0,0,0,0,0,0,0,0
0.088061,0,0,0,0,0,0,0,0,0,0,0,0,0,0
0.086187,0,0,0,0,0,0,0,0,0,0,0,0,0,0
0.16528,0,0,0,0,0,0,0,0,0,0,0,0,0,0
0.090058,0,0,0,0,0,0,0,0,0,0,0,0,0,0
0.088461,0,0,0,0,0,0,0,0,0,0,0,0,0,0
0.089055,0,0,0,0,0,0,0,0,0,0,0,0,0,0
0.086678,0,0,0,0,0,0,0,0,0,0,0,0,0,0
0.086614,0,0,0,0,0,0,0,0,0,0,0,0,0,0
0.16198,0,0,0,0,0,0,0,0,0,0,0,0,0,0
0.087166,0,0,0,0,0,0,0,0,0,0,0,0,0,0
0.087937,0,0,0,0,0,0,0,0,0,0,0,0,0,0
0.09002,0,0,0,0,0,0,0,0,0,0,0,0,0,0
0.090859,0,0,0,0,0,0,0,0,0,0,0,0,0,0
0.089807,0,0,0,0,0,0,0,0,0,0,0,0,0,0
0.16118,0,0,0,0,0,0,0,0,0,0,0,0,0,0
0.086574,0,0,0,0,0,0,0,0,0,0,0,0,0,0
0.088339,0,0,0,0,0,0,0,0,0,0,0,0,0,0
0.088213,0,0,0,0,0,0,0,0,0,0,0,0,0,0
0.08717,0,0,0,0,0,0,0,0,0,0,0,0,0,0
0.087169,0,0,0,0,0,0,0,0,0,0,0,0,0,0
0.16455,0,0,0,0,0,0,0,0,0,0,0,0,0,0
0.085974,0,0,0,0,0,0,0,0,0,0,0,0,0,0
0.085654,0,0,0,0,0,0,0,0,0,0,0,0,0,0
0.087382,0,0,0,0,0,0,0,0,0,0,0,0,0,0
0.088851,0,0,0,0,0,0,0,0,0,0,0,0,0,0
0.088155,0,0,0,0,0,0,0,0,0,0,0,0,0,0
0.16158,0,0,0,0,0,0,0,0,0,0,0,0,0,0
0.085889,0,0,0,0,0,0,0,0,0,0,0,0,0,0
0.085425,0,0,0,0,0,0,0,0,0,0,0,0,0,0
0.085289,0,0,0,0,0,0,0,0,0,0,0,0,0,0
0.087908,0,0,0,0,0,0,0,0,0,0,0,0,0,0
0.088632,0,0,0,0,0,0,0,0,0,0,0,0,0,0
0.16796,0,0,0,0,0,0,0,0,0,0,0,0,0,0
0.084566,0,0,0,0,0,0,0,0,0,0,0,0,0,0
0.12788,0,0,0,0,0,0,0,0,0,0,0,0,0,0
0.089427,0,0,0,0,0,0,0,0,0,0,0,0,0,0
0.085945,0,0,0,0,0,0,0,0,0,0,0,0,0,0
0.089521,0,0,0,0,0,0,0,0,0,0,0,0,0,0
0.16113,0,0,0,0,0,0,0,0,0,0,0,0,0,0
0.087578,0,0,0,0,0,0,0,0,0,0,0,0,0,0
0.084505,0,0,0,0,0,0,0,0,0,0,0,0,0,0
0.08814,0,0,0,0,0,0,0,0,0,0,0,0,0,0
0.084892,0,0,0,0,0,0,0,0,0,0,0,0,0,0
0.086545,0,0,0,0,0,0,0,0,0,0,0,0,0,0
0.15821,0,0,0,0,0,0,0,0,0,0,0,0,0,0
0.087201,0,0,0,0,0,0,0,0,0,0,0,0,0,0
0.08908,0,0,0,0,0,0,0,0,0,0,0,0,0,0
0.086657,0,0,0,0,0,0,0,0,0,0,0,0,0,0
0.085946,0,0,0,0,0,0,0,0,0,0,0,0,0,0
0.086425,0,0,0,0,0,0,0,0,0,0,0,0,0,0
0.15929,0,0,0,0,0,0,0,0,0,0,0,0,0,0
0.086006,0,0,0,0,0,0,0,0,0,0,0,0,0,0
0.086016,0,0,0,0,0,0,0,0,0,0,0,0,0,0
0.082556,0,0,0,0,0,0,0,0,0,0,0,0,0,0
0.083236,0,0,0,0,0,0,0,0,0,0,0,0,0,0
0.082246,0,0,0,0,0,0,0,0,0,0,0,0,0,0
0.15992,0,0,0,0,0,0,0,0,0,0,0,0,0,0
0.083721,0,0,0,0,0,0,0,0,0,0,0,0,0,0
0.085881,0,0,0,0,0,0,0,0,0,0,0,0,0,0
0.084871,0,0,0,0,0,0,0,0,0,0,0,0,0,0
0.090661,0,0,0,0,0,0,0,0,0,0,0,0,0,0
0.093262,0,0,0,0,0,0,0,0,0,0,0,0,0,0
0.15871,0,0,0,0,0,0,0,0,0,0,0,0,0,0
0.087821,0,0,0,0,0,0,0,0,0,0,0,0,0,0
0.092753,0,0,0,0,0,0,0,0,0,0,0,0,0,0
0.089411,0,0,0,0,0,0,0,0,0,0,0,0,0,0
0.091274,0,0,0,0,0,0,0,0,0,0,0,0,0,0
0.087664,0,0,0,0,0,0,0,0,0,0,0,0,0,0
0.16299,0,0,0,0,0,0,0,0,0,0,0,0,0,0
0.086903,0,0,0,0,0,0,0,0,0,0,0,0,0,0
0.088837,0,0,0,0,0,0,0,0,0,0,0,0,0,0
0.08629,0,0,0,0,0,0,0,0,0,0,0,0,0,0
0.085956,0,0,0,0,0,0,0,0,0,0,0,0,0,0
0.087834,0,0,0,0,0,0,0,0,0,0,0,0,0,0
0.17361,0,0,0,0,0,0,0,0,0,0,0,0,0,0
0.08897,0,0,0,0,0,0,0,0,0,0,0,0,0,0
0.084366,0,0,0,0,0,0,0,0,0,0,0,0,0,0
0.088452,0,0,0,0,0,0,0,0,0,0,0,0,0,0
0.09036,0,0,0,0,0,0,0,0,0,0,0,0,0,0
0.086448,0,0,0,0,0,0,0,0,0,0,0,0,0,0
0.16256,0,0,0,0,0,0,0,0,0,0,0,0,0,0
0.094522,0,0,0,0,0,0,0,0,0,0,0,0,0,0
0.093612,0,0,0,0,0,0,0,0,0,0,0,0,0,0
0.089312,0,0,0,0,0,0,0,0,0,0,0,0,0,0
0.091105,0,0,0,0,0,0,0,0,0,0,0,0,0,0
0.089669,0,0,0,0,0,0,0,0,0,0,0,0,0,0
0.1675,0,0,0,0,0,0,0,0,0,0,0,0,0,0
0.091146,0,0,0,0,0,0,0,0,0,0,0,0,0,0
0.090507,0,0,0,0,0,0,0,0,0,0,0,0,0,0
0.086373,0,0,0,0,0,0,0,0,0,0,0,0,0,0
0.091011,0,0,0,0,0,0,0,0,0,0,0,0,0,0
0.08834,0,0,0,0,0,0,0,0,0,0,0,0,0,0
0.15808,0,0,0,0,0,0,0,0,0,0,0,0,0,0
0.092345,0,0,0,0,0,0,0,0,0,0,0,0,0,0
0.089901,0,0,0,0,0,0,0,0,0,0,0,0,0,0
0.095495,0,0,0,0,0,0,0,0,0,0,0,0,0,0
0.089681,0,0,0,0,0,0,0,0,0,0,0,0,0,0
0.085381,0,0,0,0,0,0,0,0,0,0,0,0,0,0
0.1591,0,0,0,0,0,0,0,0,0,0,0,0,0,0
0.088679,0,0,0,0,0,0,0,0,0,0,0,0,0,0
0.08969,0,0,0,0,0,0,0,0,0,0,0,0,0,0
0.089002,0,0,0,0,0,0,0,0,0,0,0,0,0,0
0.08615,0,0,0,0,0,0,0,0,0,0,0,0,0,0
0.089302,0,0,0,0,0,0,0,0,0,0,0,0,0,0
0.16072,0,0,0,0,0,0,0,0,0,0,0,0,0,0
0.090922,0,0,0,0,0,0,0,0,0,0,0,0,0,0
0.087629,0,0,0,0,0,0,0,0,0,0,0,0,0,0
0.087609,0,0,0,0,0,0,0,0,0,0,0,0,0,0
0.086367,0,0,0,0,0,0,0,0,0,0,0,0,0,0
0.091143,0,0,0,0,0,0,0,0,0,0,0,0,0,0
0.16223,0,0,0,0,0,0,0,0,0,0,0,0,0,0
0.089719,0,0,0,0,0,0,0,0,0,0,0,0,0,0
0.086236,0,0,0,0,0,0,0,0,0,0,0,0,0,0
0.086089,0,0,0,0,0,0,0,0,0,0,0,0,0,0
0.090107,0,0,0,0,0,0,0,0,0,0,0,0,0,0
0.087844,0,0,0,0,0,0,0,0,0,0,0,0,0,0
0.16257,0,0,0,0,0,0,0,0,0,0,0,0,0,0
0.089439,0,0,0,0,0,0,0,0,0,0,0,0,0,0
0.096002,0,0,0,0,0,0,0,0,0,0,0,0,0,0
0.091203,0,0,0,0,0,0,0,0,0,0,0,0,0,0
0.09458,0,0,0,0,0,0,0,0,0,0,0,0,0,0
0.086049,0,0,0,0,0,0,0,0,0,0,0,0,0,0
0.16364,0,0,0,0,0,0,0,0,0,0,0,0,0,0
0.09468,0,0,0,0,0,0,0,0,0,0,0,0,0,0
0.087089,0,0,0,0,0,0,0,0,0,0,0,0,0,0
0.085479,0,0,0,0,0,0,0,0,0,0,0,0,0,0
0.090543,0,0,0,0,0,0,0,0,0,0,0,0,0,0
0.088741,0,0,0,0,0,0,0,0,0,0,0,0,0,0
0.15874,0,0,0,0,0,0,0,0,0,0,0,0,0,0
0.090526,0,0,0,0,0,0,0,0,0,0,0,0,0,0
0.088589,0,0,0,0,0,0,0,0,0,0,0,0,0,0
0.09043,0,0,0,0,0,0,0,0,0,0,0,0,0,0
0.090317,0,0,0,0,0,0,0,0,0,0,0,0,0,0
0.088264,0,0,0,0,0,0,0,0,0,0,0,0,0,0
0.16115,0,0,0,0,0,0,0,0,0,0,0,0,0,0
0.086175,0,0,0,0,0,0,0,0,0,0,0,0,0,0
0.088815,0,0,0,0,0,0,0,0,0,0,0,0,0,0
0.086842,0,0,0,0,0,0,0,0,0,0,0,0,0,0
0.086925,0,0,0,0,0,0,0,0,0,0,0,0,0,0
0.087684,0,0,0,0,0,0,0,0,0,0,0,0,0,0
0.16548,0,0,0,0,0,0,0,0,0,0,0,0,0,0
0.08776,0,0,0,0,0,0,0,0,0,0,0,0,0,0
0.093169,0,0,0,0,0,0,0,0,0,0,0,0,0,0
0.088676,0,0,0,0,0,0,0,0,0,0,0,0,0,0
0.090487,0,0,0,0,0,0,0,0,0,0,0,0,0,0
0.086948,0,0,0,0,0,0,0,0,0,0,0,0,0,0
0.17128,0,0,0,0,0,0,0,0,0,0,0,0,0,0
0.086019,0,0,0,0,0,0,0,0,0,0,0,0,0,0
0.084372,0,0,0,0,0,0,0,0,0,0,0,0,0,0
0.085845,0,0,0,0,0,0,0,0,0,0,0,0,0,0
0.091608,0,0,0,0,0,0,0,0,0,0,0,0,0,0
0.090115,0,0,0,0,0,0,0,0,0,0,0,0,0,0
0.16266,0,0,0,0,0,0,0,0,0,0,0,0,0,0
0.084406,0,0,0,0,0,0,0,0,0,0,0,0,0,0
0.089505,0,0,0,0,0,0,0,0,0,0,0,0,0,0
0.087813,0,0,0,0,0,0,0,0,0,0,0,0,0,0
0.087242,0,0,0,0,0,0,0,0,0,0,0,0,0,0
0.089128,0,0,0,0,0,0,0,0,0,0,0,0,0,0
0.15842,0,0,0,0,0,0,0,0,0,0,0,0,0,0
0.088046,0,0,0,0,0,0,0,0,0,0,0,0,0,0
0.091628,0,0,0,0,0,0,0,0,0,0,0,0,0,0
0.089593,0,0,0,0,0,0,0,0,0,0,0,0,0,0
0.089267,0,0,0,0,0,0,0,0,0,0,0,0,0,0
0.084856,0,0,0,0,0,0,0,0,0,0,0,0,0,0
0.16119,0,0,0,0,0,0,0,0,0,0,0,0,0,0
0.093436,0,0,0,0,0,0,0,0,0,0,0,0,0,0
0.086171,0,0,0,0,0,0,0,0,0,0,0,0,0,0
0.090189,0,0,0,0,0,0,0,0,0,0,0,0,0,0
0.088627,0,0,0,0,0,0,0,0,0,0,0,0,0,0
0.087881,0,0,0,0,0,0,0,0,0,0,0,0,0,0
0.17165,0,0,0,0,0,0,0,0,0,0,0,0,0,0
0.088018,0,0,0,0,0,0,0,0,0,0,0,0,0,0
0.09471,0,0,0,0,0,0,0,0,0,0,0,0,0,0
0.089278,0,0,0,0,0,0,0,0,0,0,0,0,0,0
0.094315,0,0,0,0,0,0,0,0,0,0,0,0,0,0
0.086788,0,0,0,0,0,0,0,0,0,0,0,0,0,0
0.15621,0,0,0,0,0,0,0,0,0,0,0,0,0,0
0.089076,0,0,0,0,0,0,0,0,0,0,0,0,0,0
0.088319,0,0,0,0,0,0,0,0,0,0,0,0,0,0
0.086441,0,0,0,0,0,0,0,0,0,0,0,0,0,0
0.086984,0,0,0,0,0,0,0,0,0,0,0,0,0,0
0.088822,0,0,0,0,0,0,0,0,0,0,0,0,0,0
0.16113,0,0,0,0,0,0,0,0,0,0,0,0,0,0
0.087461,0,0,0,0,0,0,0,0,0,0,0,0,0,0
0.087006,0,0,0,0,0,0,0,0,0,0,0,0,0,0
0.086757,0,0,0,0,0,0,0,0,0,0,0,0,0,0
0.089621,0,0,0,0,0,0,0,0,0,0,0,0,0,0
0.087053,0,0,0,0,0,0,0,0,0,0,0,0,0,0
0.15845,0,0,0,0,0,0,0,0,0,0,0,0,0,0
0.086729,0,0,0,0,0,0,0,0,0,0,0,0,0,0
0.089933,0,0,0,0,0,0,0,0,0,0,0,0,0,0
0.087408,0,0,0,0,0,0,0,0,0,0,0,0,0,0
0.09028,0,0,0,0,0,0,0,0,0,0,0,0,0,0
0.086137,0,0,0,0,0,0,0,0,0,0,0,0,0,0
0.1596,0,0,0,0,0,0,0,0,0,0,0,0,0,0
0.086744,0,0,0,0,0,0,0,0,0,0,0,0,0,0
0.088287,0,0,0,0,0,0,0,0,0,0,0,0,0,0
0.094577,0,0,0,0,0,0,0,0,0,0,0,0,0,0
0.090278,0,0,0,0,0,0,0,0,0,0,0,0,0,0
0.089314,0,0,0,0,0,0,0,0,0,0,0,0,0,0
0.15775,0,0,0,0,0,0,0,0,0,0,0,0,0,0
0.090085,0,0,0,0,0,0,0,0,0,0,0,0,0,0
0.08551,0,0,0,0,0,0,0,0,0,0,0,0,0,0
0.089888,0,0,0,0,0,0,0,0,0,0,0,0,0,0
0.09089,0,0,0,0,0,0,0,0,0,0,0,0,0,0
0.086315,0,0,0,0,0,0,0,0,0,0,0,0,0,0
0.15959,0,0,0,0,0,0,0,0,0,0,0,0,0,0
0.086027,0,0,0,0,0,0,0,0,0,0,0,0,0,0
0.087505,0,0,0,0,0,0,0,0,0,0,0,0,0,0
0.084342,0,0,0,0,0,0,0,0,0,0,0,0,0,0
0.090194,0,0,0,0,0,0,0,0,0,0,0,0,0,0
0.086427,0,0,0,0,0,0,0,0,0,0,0,0,0,0
0.16315,0,0,0,0,0,0,0,0,0,0,0,0,0,0
0.089846,0,0,0,0,0,0,0,0,0,0,0,0,0,0
0.088269,0,0,0,0,0,0,0,0,0,0,0,0,0,0
0.086629,0,0,0,0,0,0,0,0,0,0,0,0,0,0
0.08586,0,0,0,0,0,0,0,0,0,0,0,0,0,0
0.088739,0,0,0,0,0,0,0,0,0,0,0,0,0,0
0.16347,0,0,0,0,0,0,0,0,0,0,0,0,0,0
0.084438,0,0,0,0,0,0,0,0,0,0,0,0,0,0
0.084664,0,0,0,0,0,0,0,0,0,0,0,0,0,0
0.090337,0,0,0,0,0,0,0,0,0,0,0,0,0,0
0.081558,0,0,0,0,0,0,0,0,0,0,0,0,0,0
0.081157,0,0,0,0,0,0,0,0,0,0,0,0,0,0
0.14027,0,0,0,0,0,0,0,0,0,0,0,0,0,0
0.078816,0,0,0,0,0,0,0,0,0,0,0,0,0,0
0.079546,0,0,0,0,0,0,0,0,0,0,0,0,0,0
0.081409,0,0,0,0,0,0,0,0,0,0,0,0,0,0
0.081308,0,0,0,0,0,0,0,0,0,0,0,0,0,0
0.081476,0,0,0,0,0,0,0,0,0,0,0,0,0,0
0.14605,0,0,0,0,0,0,0,0,0,0,0,0,0,0
0.080878,0,0,0,0,0,0,0,0,0,0,0,0,0,0
0.079427,0,0,0,0,0,0,0,0,0,0,0,0,0,0
0.082826,0,0,0,0,0,0,0,0,0,0,0,0,0,0
0.081614,0,0,0,0,0,0,0,0,0,0,0,0,0,0
0.08332,0,0,0,0,0,0,0,0,0,0,0,0,0,0
0.14768,0,0,0,0,0,0,0,0,0,0,0,0,0,0
0.081979,0,0,0,0,0,0,0,0,0,0,0,0,0,0
0.080942,0,0,0,0,0,0,0,0,0,0,0,0,0,0
0.078905,0,0,0,0,0,0,0,0,0,0,0,0,0,0
0.084783,0,0,0,0,0,0,0,0,0,0,0,0,0,0
0.082162,0,0,0,0,0,0,0,0,0,0,0,0,0,0
0.14562,0,0,0,0,0,0,0,0,0,0,0,0,0,0
0.084265,0,0,0,0,0,0,0,0,0,0,0,0,0,0
0.13325,0,0,0,0,0,0,0,0,0,0,0,0,0,0
0.12913,0,0,0,0,0,0,0,0,0,0,0,0,0,0
0.078679,0,0,0,0,0,0,0,0,0,0,0,0,0,0
0.078689,0,0,0,0,0,0,0,0,0,0,0,0,0,0
0.13728,0,0,0,0,0,0,0,0,0,0,0,0,0,0
0.077642,0,0,0,0,0,0,0,0,0,0,0,0,0,0
0.079142,0,0,0,0,0,0,0,0,0,0,0,0,0,0
0.079721,0,0,0,0,0,0,0,0,0,0,0,0,0,0
0.079163,0,0,0,0,0,0,0,0,0,0,0,0,0,0
0.079211,0,0,0,0,0,0,0,0,0,0,0,0,0,0
0.15132,0,0,0,0,0,0,0,0,0,0,0,0,0,0
0.080535,0,0,0,0,0,0,0,0,0,0,0,0,0,0
0.081148,0,0,0,0,0,0,0,0,0,0,0,0,0,0
0.081761,0,0,0,0,0,0,0,0,0,0,0,0,0,0
0.084697,0,0,0,0,0,0,0,0,0,0,0,0,0,0
0.081027,0,0,0,0,0,0,0,0,0,0,0,0,0,0
0.14662,0,0,0,0,0,0,0,0,0,0,0,0,0,0
0.082565,0,0,0,0,0,0,0,0,0,0,0,0,0,0
0.081151,0,0,0,0,0,0,0,0,0,0,0,0,0,0
0.080632,0,0,0,0,0,0,0,0,0,0,0,0,0,0
0.082131,0,0,0,0,0,0,0,0,0,0,0,0,0,0
0.081622,0,0,0,0,0,0,0,0,0,0,0,0,0,0
0.14492,0,0,0,0,0,0,0,0,0,0,0,0,0,0
0.081834,0,0,0,0,0,0,0,0,0,0,0,0,0,0
0.078033,0,0,0,0,0,0,0,0,0,0,0,0,0,0
0.081117,0,0,0,0,0,0,0,0,0,0,0,0,0,0
0.08153,0,0,0,0,0,0,0,0,0,0,0,0,0,0
0.07971,0,0,0,0,0,0,0,0,0,0,0,0,0,0
0.1462,0,0,0,0,0,0,0,0,0,0,0,0,0,0
0.082244,0,0,0,0,0,0,0,0,0,0,0,0,0,0
0.081471,0,0,0,0,0,0,0,0,0,0,0,0,0,0
0.085701,0,0,0,0,0,0,0,0,0,0,0,0,0,0
0.084299,0,0,0,0,0,0,0,0,0,0,0,0,0,0
0.08363,0,0,0,0,0,0,0,0,0,0,0,0,0,0
0.14559,0,0,0,0,0,0,0,0,0,0,0,0,0,0
0.081976,0,0,0,0,0,0,0,0,0,0,0,0,0,0
0.084,0,0,0,0,0,0,0,0,0,0,0,0,0,0
0.08233,0,0,0,0,0,0,0,0,0,0,0,0,0,0
0.08219,0,0,0,0,0,0,0,0,0,0,0,0,0,0
0.083587,0,0,0,0,0,0,0,0,0,0,0,0,0,0
0.15089,0,0,0,0,0,0,0,0,0,0,0,0,0,0
0.085165,0,0,0,0,0,0,0,0,0,0,0,0,0,0
0.084251,0,0,0,0,0,0,0,0,0,0,0,0,0,0
0.082359,0,0,0,0,0,0,0,0,0,0,0,0,0,0
0.082715,0,0,0,0,0,0,0,0,0,0,0,0,0,0
0.081775,0,0,0,0,0,0,0,0,0,0,0,0,0,0
0.14725,0,0,0,0,0,0,0,0,0,0,0,0,0,0
0.081939,0,0,0,0,0,0,0,0,0,0,0,0,0,0
0.080717,0,0,0,0,0,0,0,0,0,0,0,0,0,0
0.081455,0,0,0,0,0,0,0,0,0,0,0,0,0,0
0.081383,0,0,0,0,0,0,0,0,0,0,0,0,0,0
0.080927,0,0,0,0,0,0,0,0,0,0,0,0,0,0
0.14786,0,0,0,0,0,0,0,0,0,0,0,0,0,0
0.080687,0,0,0,0,0,0,0,0,0,0,0,0,0,0
0.080269,0,0,0,0,0,0,0,0,0,0,0,0,0,0
0.080859,0,0,0,0,0,0,0,0,0,0,0,0,0,0
0.081143,0,0,0,0,0,0,0,0,0,0,0,0,0,0
0.079547,0,0,0,0,0,0,0,0,0,0,0,0,0,0
0.14398,0,0,0,0,0,0,0,0,0,0,0,0,0,0
0.081164,0,0,0,0,0,0,0,0,0,0,0,0,0,0
0.080076,0,0,0,0,0,0,0,0,0,0,0,0,0,0
0.081512,0,0,0,0,0,0,0,0,0,0,0,0,0,0
0.091636,0,0,0,0,0,0,0,0,0,0,0,0,0,0
0.09646,0,0,0,0,0,0,0,0,0,0,0,0,0,0
0.14721,0,0,0,0,0,0,0,0,0,0,0,0,0,0
0.082861,0,0,0,0,0,0,0,0,0,0,0,0,0,0
0.083389,0,0,0,0,0,0,0,0,0,0,0,0,0,0
0.084218,0,0,0,0,0,0,0,0,0,0,0,0,0,0
0.082833,0,0,0,0,0,0,0,0,0,0,0,0,0,0
0.083373,0,0,0,0,0,0,0,0,0,0,0,0,0,0
0.14583,0,0,0,0,0,0,0,0,0,0,0,0,0,0
0.084265,0,0,0,0,0,0,0,0,0,0,0,0,0,0
0.08438,0,0,0,0,0,0,0,0,0,0,0,0,0,0
0.0808,0,0,0,0,0,0,0,0,0,0,0,0,0,0
0.083843,0,0,0,0,0,0,0,0,0,0,0,0,0,0
0.083197,0,0,0,0,0,0,0,0,0,0,0,0,0,0
0.14833,0,0,0,0,0,0,0,0,0,0,0,0,0,0
0.082466,0,0,0,0,0,0,0,0,0,0,0,0,0,0
0.0822,0,0,0,0,0,0,0,0,0,0,0,0,0,0
0.081068,0,0,0,0,0,0,0,0,0,0,0,0,0,0
0.080463,0,0,0,0,0,0,0,0,0,0,0,0,0,0
0.081125,0,0,0,0,0,0,0,0,0,0,0,0,0,0
0.14465,0,0,0,0,0,0,0,0,0,0,0,0,0,0
0.0824,0,0,0,0,0,0,0,0,0,0,0,0,0,0
0.083115,0,0,0,0,0,0,0,0,0,0,0,0,0,0
0.082829,0,0,0,0,0,0,0,0,0,0,0,0,0,0
0.0803,0,0,0,0,0,0,0,0,0,0,0,0,0,0
0.081281,0,0,0,0,0,0,0,0,0,0,0,0,0,0
0.23013,0,0,0,0,0,0,0,0,0,0,0,0,0,0
0.13351,0,0,0,0,0,0,0,0,0,0,0,0,0,0
0.082092,0,0,0,0,0,0,0,0,0,0,0,0,0,0
0.08425,0,0,0,0,0,0,0,0,0,0,0,0,0,0
0.081972,0,0,0,0,0,0,0,0,0,0,0,0,0,0
0.084305,0,0,0,0,0,0,0,0,0,0,0,0,0,0
0.15246,0,0,0,0,0,0,0,0,0,0,0,0,0,0
0.081549,0,0,0,0,0,0,0,0,0,0,0,0,0,0
0.082791,0,0,0,0,0,0,0,0,0,0,0,0,0,0
0.082582,0,0,0,0,0,0,0,0,0,0,0,0,0,0
0.081999,0,0,0,0,0,0,0,0,0,0,0,0,0,0
0.081056,0,0,0,0,0,0,0,0,0,0,0,0,0,0
0.14737,0,0,0,0,0,0,0,0,0,0,0,0,0,0
0.08367,0,0,0,0,0,0,0,0,0,0,0,0,0,0
0.082313,0,0,0,0,0,0,0,0,0,0,0,0,0,0
0.081493,0,0,0,0,0,0,0,0,0,0,0,0,0,0
0.081759,0,0,0,0,0,0,0,0,0,0,0,0,0,0
0.082379,0,0,0,0,0,0,0,0,0,0,0,0,0,0
0.14574,0,0,0,0,0,0,0,0,0,0,0,0,0,0
0.081543,0,0,0,0,0,0,0,0,0,0,0,0,0,0
0.081731,0,0,0,0,0,0,0,0,0,0,0,0,0,0
0.082924,0,0,0,0,0,0,0,0,0,0,0,0,0,0
0.081286,0,0,0,0,0,0,0,0,0,0,0,0,0,0
0.081241,0,0,0,0,0,0,0,0,0,0,0,0,0,0
0.14246,0,0,0,0,0,0,0,0,0,0,0,0,0,0
0.080899,0,0,0,0,0,0,0,0,0,0,0,0,0,0
0.081836,0,0,0,0,0,0,0,0,0,0,0,0,0,0
0.083358,0,0,0,0,0,0,0,0,0,0,0,0,0,0
0.082294,0,0,0,0,0,0,0,0,0,0,0,0,0,0
0.082912,0,0,0,0,0,0,0,0,0,0,0,0,0,0
0.14567,0,0,0,0,0,0,0,0,0,0,0,0,0,0
0.083073,0,0,0,0,0,0,0,0,0,0,0,0,0,0
0.086097,0,0,0,0,0,0,0,0,0,0,0,0,0,0
0.083544,0,0,0,0,0,0,0,0,0,0,0,0,0,0
0.081674,0,0,0,0,0,0,0,0,0,0,0,0,0,0
0.082342,0,0,0,0,0,0,0,0,0,0,0,0,0,0
0.14831,0,0,0,0,0,0,0,0,0,0,0,0,0,0
0.084742,0,0,0,0,0,0,0,0,0,0,0,0,0,0
0.08261,0,0,0,0,0,0,0,0,0,0,0,0,0,0
0.08332,0,0,0,0,0,0,0,0,0,0,0,0,0,0
0.082872,0,0,0,0,0,0,0,0,0,0,0,0,0,0
0.082756,0,0,0,0,0,0,0,0,0,0,0,0,0,0
0.14839,0,0,0,0,0,0,0,0,0,0,0,0,0,0
0.082385,0,0,0,0,0,0,0,0,0,0,0,0,0,0
0.083558,0,0,0,0,0,0,0,0,0,0,0,0,0,0
0.084795,0,0,0,0,0,0,0,0,0,0,0,0,0,0
0.084998,0,0,0,0,0,0,0,0,0,0,0,0,0,0
0.083602,0,0,0,0,0,0,0,0,0,0,0,0,0,0
0.14804,0,0,0,0,0,0,0,0,0,0,0,0,0,0
0.083626,0,0,0,0,0,0,0,0,0,0,0,0,0,0
0.08377,0,0,0,0,0,0,0,0,0,0,0,0,0,0
0.081504,0,0,0,0,0,0,0,0,0,0,0,0,0,0
0.081691,0,0,0,0,0,0,0,0,0,0,0,0,0,0
0.085235,0,0,0,0,0,0,0,0,0,0,0,0,0,0
0.15179,0,0,0,0,0,0,0,0,0,0,0,0,0,0
0.082521,0,0,0,0,0,0,0,0,0,0,0,0,0,0
0.083115,0,0,0,0,0,0,0,0,0,0,0,0,0,0
0.081036,0,0,0,0,0,0,0,0,0,0,0,0,0,0
0.083044,0,0,0,0,0,0,0,0,0,0,0,0,0,0
0.087117,0,0,0,0,0,0,0,0,0,0,0,0,0,0
0.15548,0,0,0,0,0,0,0,0,0,0,0,0,0,0
0.084811,0,0,0,0,0,0,0,0,0,0,0,0,0,0
0.08498,0,0,0,0,0,0,0,0,0,0,0,0,0,0
0.084804,0,0,0,0,0,0,0,0,0,0,0,0,0,0
0.083434,0,0,0,0,0,0,0,0,0,0,0,0,0,0
0.081943,0,0,0,0,0,0,0,0,0,0,0,0,0,0
0.15427,0,0,0,0,0,0,0,0,0,0,0,0,0,0
0.085557,0,0,0,0,0,0,0,0,0,0,0,0,0,0
0.086817,0,0,0,0,0,0,0,0,0,0,0,0,0,0
0.083952,0,0,0,0,0,0,0,0,0,0,0,0,0,0
0.083491,0,0,0,0,0,0,0,0,0,0,0,0,0,0
0.085912,0,0,0,0,0,0,0,0,0,0,0,0,0,0
0.15517,0,0,0,0,0,0,0,0,0,0,0,0,0,0
0.086245,0,0,0,0,0,0,0,0,0,0,0,0,0,0
0.086334,0,0,0,0,0,0,0,0,0,0,0,0,0,0
0.086519,0,0,0,0,0,0,0,0,0,0,0,0,0,0
0.085215,0,0,0,0,0,0,0,0,0,0,0,0,0,0
0.08648,0,0,0,0,0,0,0,0,0,0,0,0,0,0
0.16002,0,0,0,0,0,0,0,0,0,0,0,0,0,0
0.088837,0,0,0,0,0,0,0,0,0,0,0,0,0,0
0.085918,0,0,0,0,0,0,0,0,0,0,0,0,0,0
0.085286,0,0,0,0,0,0,0,0,0,0,0,0,0,0
0.086539,0,0,0,0,0,0,0,0,0,0,0,0,0,0
0.085594,0,0,0,0,0,0,0,0,0,0,0,0,0,0
0.15567,0,0,0,0,0,0,0,0,0,0,0,0,0,0
0.084079,0,0,0,0,0,0,0,0,0,0,0,0,0,0
0.084451,0,0,0,0,0,0,0,0,0,0,0,0,0,0
0.085865,0,0,0,0,0,0,0,0,0,0,0,0,0,0
0.084497,0,0,0,0,0,0,0,0,0,0,0,0,0,0
0.084575,0,0,0,0,0,0,0,0,0,0,0,0,0,0
0.15094,0,0,0,0,0,0,0,0,0,0,0,0,0,0
0.084895,0,0,0,0,0,0,0,0,0,0,0,0,0,0
0.083685,0,0,0,0,0,0,0,0,0,0,0,0,0,0
0.084084,0,0,0,0,0,0,0,0,0,0,0,0,0,0
0.084809,0,0,0,0,0,0,0,0,0,0,0,0,0,0
0.085439,0,0,0,0,0,0,0,0,0,0,0,0,0,0
0.15766,0,0,0,0,0,0,0,0,0,0,0,0,0,0
0.086319,0,0,0,0,0,0,0,0,0,0,0,0,0,0
0.086048,0,0,0,0,0,0,0,0,0,0,0,0,0,0
0.086526,0,0,0,0,0,0,0,0,0,0,0,0,0,0
0.084801,0,0,0,0,0,0,0,0,0,0,0,0,0,0
0.084492,0,0,0,0,0,0,0,0,0,0,0,0,0,0
0.15316,0,0,0,0,0,0,0,0,0,0,0,0,0,0
0.08631,0,0,0,0,0,0,0,0,0,0,0,0,0,0
0.085721,0,0,0,0,0,0,0,0,0,0,0,0,0,0
0.086734,0,0,0,0,0,0,0,0,0,0,0,0,0,0
0.085145,0,0,0,0,0,0,0,0,0,0,0,0,0,0
0.086689,0,0,0,0,0,0,0,0,0,0,0,0,0,0
0.15252,0,0,0,0,0,0,0,0,0,0,0,0,0,0
0.088537,0,0,0,0,0,0,0,0,0,0,0,0,0,0
0.085962,0,0,0,0,0,0,0,0,0,0,0,0,0,0
0.084709,0,0,0,0,0,0,0,0,0,0,0,0,0,0
0.086835,0,0,0,0,0,0,0,0,0,0,0,0,0,0
0.085373,0,0,0,0,0,0,0,0,0,0,0,0,0,0
0.14915,0,0,0,0,0,0,0,0,0,0,0,0,0,0
0.084359,0,0,0,0,0,0,0,0,0,0,0,0,0,0
0.082899,0,0,0,0,0,0,0,0,0,0,0,0,0,0
0.081024,0,0,0,0,0,0,0,0,0,0,0,0,0,0
0.095302,0,0,0,0,0,0,0,0,0,0,0,0,0,0
0.081574,0,0,0,0,0,0,0,0,0,0,0,0,0,0
0.15708,0,0,0,0,0,0,0,0,0,0,0,0,0,0
0.084571,0,0,0,0,0,0,0,0,0,0,0,0,0,0
0.088104,0,0,0,0,0,0,0,0,0,0,0,0,0,0
0.089359,0,0,0,0,0,0,0,0,0,0,0,0,0,0
0.084373,0,0,0,0,0,0,0,0,0,0,0,0,0,0
0.086617,0,0,0,0,0,0,0,0,0,0,0,0,0,0
0.15838,0,0,0,0,0,0,0,0,0,0,0,0,0,0
0.1105,0,0,0,0,0,0,0,0,0,0,0,0,0,0
0.091453,0,0,0,0,0,0,0,0,0,0,0,0,0,0
0.091253,0,0,0,0,0,0,0,0,0,0,0,0,0,0
0.09557,0,0,0,0,0,0,0,0,0,0,0,0,0,0
0.095738,0,0,0,0,0,0,0,0,0,0,0,0,0,0
0.16412,0,0,0,0,0,0,0,0,0,0,0,0,0,0
0.087773,0,0,0,0,0,0,0,0,0,0,0,0,0,0
0.083593,0,0,0,0,0,0,0,0,0,0,0,0,0,0
0.090797,0,0,0,0,0,0,0,0,0,0,0,0,0,0
0.086073,0,0,0,0,0,0,0,0,0,0,0,0,0,0
0.086616,0,0,0,0,0,0,0,0,0,0,0,0,0,0
0.15504,0,0,0,0,0,0,0,0,0,0,0,0,0,0
0.084292,0,0,0,0,0,0,0,0,0,0,0,0,0,0
0.086143,0,0,0,0,0,0,0,0,0,0,0,0,0,0
0.093206,0,0,0,0,0,0,0,0,0,0,0,0,0,0
0.084833,0,0,0,0,0,0,0,0,0,0,0,0,0,0
0.090906,0,0,0,0,0,0,0,0,0,0,0,0,0,0
0.1621,0,0,0,0,0,0,0,0,0,0,0,0,0,0
0.085603,0,0,0,0,0,0,0,0,0,0,0,0,0,0
0.094266,0,0,0,0,0,0,0,0,0,0,0,0,0,0
0.093351,0,0,0,0,0,0,0,0,0,0,0,0,0,0
0.08893,0,0,0,0,0,0,0,0,0,0,0,0,0,0
0.087417,0,0,0,0,0,0,0,0,0,0,0,0,0,0
0.16171,0,0,0,0,0,0,0,0,0,0,0,0,0,0
0.092848,0,0,0,0,0,0,0,0,0,0,0,0,0,0
0.083031,0,0,0,0,0,0,0,0,0,0,0,0,0,0
0.087872,0,0,0,0,0,0,0,0,0,0,0,0,0,0
0.088114,0,0,0,0,0,0,0,0,0,0,0,0,0,0
0.091268,0,0,0,0,0,0,0,0,0,0,0,0,0,0
0.17346,0,0,0,0,0,0,0,0,0,0,0,0,0,0
0.089347,0,0,0,0,0,0,0,0,0,0,0,0,0,0
0.089978,0,0,0,0,0,0,0,0,0,0,0,0,0,0
0.088335,0,0,0,0,0,0,0,0,0,0,0,0,0,0
0.091062,0,0,0,0,0,0,0,0,0,0,0,0,0,0
0.095,0,0,0,0,0,0,0,0,0,0,0,0,0,0
0.16662,0,0,0,0,0,0,0,0,0,0,0,0,0,0
0.094822,0,0,0,0,0,0,0,0,0,0,0,0,0,0
0.091557,0,0,0,0,0,0,0,0,0,0,0,0,0,0
0.08992,0,0,0,0,0,0,0,0,0,0,0,0,0,0
0.094614,0,0,0,0,0,0,0,0,0,0,0,0,0,0
0.090475,0,0,0,0,0,0,0,0,0,0,0,0,0,0
0.16459,0,0,0,0,0,0,0,0,0,0,0,0,0,0
0.092443,0,0,0,0,0,0,0,0,0,0,0,0,0,0
0.097664,0,0,0,0,0,0,0,0,0,0,0,0,0,0
0.096258,0,0,0,0,0,0,0,0,0,0,0,0,0,0
0.086959,0,0,0,0,0,0,0,0,0,0,0,0,0,0
0.093339,0,0,0,0,0,0,0,0,0,0,0,0,0,0
0.1613,0,0,0,0,0,0,0,0,0,0,0,0,0,0
0.088491,0,0,0,0,0,0,0,0,0,0,0,0,0,0
0.097329,0,0,0,0,0,0,0,0,0,0,0,0,0,0
0.094161,0,0,0,0,0,0,0,0,0,0,0,0,0,0
0.090634,0,0,0,0,0,0,0,0,0,0,0,0,0,0
0.087338,0,0,0,0,0,0,0,0,0,0,0,0,0,0
0.16918,0,0,0,0,0,0,0,0,0,0,0,0,0,0
0.091027,0,0,0,0,0,0,0,0,0,0,0,0,0,0
0.088722,0,0,0,0,0,0,0,0,0,0,0,0,0,0
0.088486,0,0,0,0,0,0,0,0,0,0,0,0,0,0
0.088978,0,0,0,0,0,0,0,0,0,0,0,0,0,0
0.087501,0,0,0,0,0,0,0,0,0,0,0,0,0,0
0.16967,0,0,0,0,0,0,0,0,0,0,0,0,0,0
0.093848,0,0,0,0,0,0,0,0,0,0,0,0,0,0
0.096072,0,0,0,0,0,0,0,0,0,0,0,0,0,0
0.09433,0,0,0,0,0,0,0,0,0,0,0,0,0,0
0.098192,0,0,0,0,0,0,0,0,0,0,0,0,0,0
0.087194,0,0,0,0,0,0,0,0,0,0,0,0,0,0
0.15829,0,0,0,0,0,0,0,0,0,0,0,0,0,0
0.084334,0,0,0,0,0,0,0,0,0,0,0,0,0,0
0.088463,0,0,0,0,0,0,0,0,0,0,0,0,0,0
0.095512,0,0,0,0,0,0,0,0,0,0,0,0,0,0
0.092591,0,0,0,0,0,0,0,0,0,0,0,0,0,0
0.088233,0,0,0,0,0,0,0,0,0,0,0,0,0,0
0.16395,0,0,0,0,0,0,0,0,0,0,0,0,0,0
0.084949,0,0,0,0,0,0,0,0,0,0,0,0,0,0
0.087927,0,0,0,0,0,0,0,0,0,0,0,0,0,0
0.081578,0,0,0,0,0,0,0,0,0,0,0,0,0,0
0.077792,0,0,0,0,0,0,0,0,0,0,0,0,0,0
0.07984,0,0,0,0,0,0,0,0,0,0,0,0,0,0
0.14452,0,0,0,0,0,0,0,0,0,0,0,0,0,0
0.080326,0,0,0,0,0,0,0,0,0,0,0,0,0,0
0.079373,0,0,0,0,0,0,0,0,0,0,0,0,0,0
0.07977,0,0,0,0,0,0,0,0,0,0,0,0,0,0
0.078283,0,0,0,0,0,0,0,0,0,0,0,0,0,0
0.080959,0,0,0,0,0,0,0,0,0,0,0,0,0,0
0.14142,0,0,0,0,0,0,0,0,0,0,0,0,0,0
0.080985,0,0,0,0,0,0,0,0,0,0,0,0,0,0
0.082346,0,0,0,0,0,0,0,0,0,0,0,0,0,0
0.083411,0,0,0,0,0,0,0,0,0,0,0,0,0,0
0.081123,0,0,0,0,0,0,0,0,0,0,0,0,0,0
0.082225,0,0,0,0,0,0,0,0,0,0,0,0,0,0
0.1604,0,0,0,0,0,0,0,0,0,0,0,0,0,0
0.11448,0,0,0,0,0,0,0,0,0,0,0,0,0,0
0.12019,0,0,0,0,0,0,0,0,0,0,0,0,0,0
0.079262,0,0,0,0,0,0,0,0,0,0,0,0,0,0
0.079049,0,0,0,0,0,0,0,0,0,0,0,0,0,0
0.079929,0,0,0,0,0,0,0,0,0,0,0,0,0,0
0.1379,0,0,0,0,0,0,0,0,0,0,0,0,0,0
0.078693,0,0,0,0,0,0,0,0,0,0,0,0,0,0
0.078874,0,0,0,0,0,0,0,0,0,0,0,0,0,0
0.077367,0,0,0,0,0,0,0,0,0,0,0,0,0,0
0.08007,0,0,0,0,0,0,0,0,0,0,0,0,0,0
0.079737,0,0,0,0,0,0,0,0,0,0,0,0,0,0
0.14128,0,0,0,0,0,0,0,0,0,0,0,0,0,0
0.081697,0,0,0,0,0,0,0,0,0,0,0,0,0,0
0.082131,0,0,0,0,0,0,0,0,0,0,0,0,0,0
