1
526.00,58.00,544.00,58.00,544.00,76.00,526.00,76.00
526.00,65.00,543.00,65.00,543.00,83.00,526.00,83.00
522.00,83.00,539.00,83.00,539.00,100.00,522.00,100.00
522.00,93.00,540.00,93.00,540.00,111.00,522.00,111.00
520.00,107.00,537.00,107.00,537.00,124.00,520.00,124.00
518.00,121.00,534.00,121.00,534.00,137.00,518.00,137.00
519.00,129.00,535.00,129.00,535.00,145.00,519.00,145.00
511.00,142.00,527.00,142.00,527.00,158.00,511.00,158.00
511.00,157.00,527.00,157.00,527.00,174.00,511.00,174.00
522.00,167.00,538.00,167.00,538.00,183.00,522.00,183.00
531.00,174.00,546.00,174.00,546.00,190.00,531.00,190.00
540.00,182.00,556.00,182.00,556.00,198.00,540.00,198.00
548.00,189.00,565.00,189.00,565.00,206.00,548.00,206.00
553.00,188.00,570.00,188.00,570.00,205.00,553.00,205.00
2
0
0
0
0
1
610.00,265.00,622.00,265.00,622.00,277.00,610.00,277.00
612.00,270.00,624.00,270.00,624.00,282.00,612.00,282.00
616.00,265.00,628.00,265.00,628.00,278.00,616.00,278.00
619.00,266.00,632.00,266.00,632.00,279.00,619.00,279.00
624.00,267.00,636.00,267.00,636.00,279.00,624.00,279.00
627.00,267.00,640.00,267.00,640.00,280.00,627.00,280.00
630.00,268.00,642.00,268.00,642.00,281.00,630.00,281.00
633.00,271.00,645.00,271.00,645.00,283.00,633.00,283.00
637.00,277.00,649.00,277.00,649.00,289.00,637.00,289.00
638.00,271.00,651.00,271.00,651.00,283.00,638.00,283.00
641.00,274.00,653.00,274.00,653.00,286.00,641.00,286.00
642.00,269.00,653.00,269.00,653.00,280.00,642.00,280.00
644.00,269.00,656.00,269.00,656.00,281.00,644.00,281.00
642.00,269.00,654.00,269.00,654.00,280.00,642.00,280.00
645.00,274.00,657.00,274.00,657.00,285.00,645.00,285.00
646.00,277.00,658.00,277.00,658.00,288.00,646.00,288.00
647.00,279.00,658.00,279.00,658.00,290.00,647.00,290.00
652.00,280.00,663.00,280.00,663.00,292.00,652.00,292.00
652.00,278.00,663.00,278.00,663.00,289.00,652.00,289.00
654.00,279.00,665.00,279.00,665.00,290.00,654.00,290.00
