11.985,0,0,0,0,0,0,0,0,0,0,0,0,0,0
0.21454,0,0,0,0,0,0,0,0,0,0,0,0,0,0
0.16827,0,0,0,0,0,0,0,0,0,0,0,0,0,0
0.10221,0,0,0,0,0,0,0,0,0,0,0,0,0,0
0.12979,0,0,0,0,0,0,0,0,0,0,0,0,0,0
0.11275,0,0,0,0,0,0,0,0,0,0,0,0,0,0
0.29947,0,0,0,0,0,0,0,0,0,0,0,0,0,0
0.099164,0,0,0,0,0,0,0,0,0,0,0,0,0,0
0.097322,0,0,0,0,0,0,0,0,0,0,0,0,0,0
0.095257,0,0,0,0,0,0,0,0,0,0,0,0,0,0
0.097208,0,0,0,0,0,0,0,0,0,0,0,0,0,0
0.093679,0,0,0,0,0,0,0,0,0,0,0,0,0,0
0.1745,0,0,0,0,0,0,0,0,0,0,0,0,0,0
0.0943,0,0,0,0,0,0,0,0,0,0,0,0,0,0
0.096112,0,0,0,0,0,0,0,0,0,0,0,0,0,0
0.092293,0,0,0,0,0,0,0,0,0,0,0,0,0,0
0.093758,0,0,0,0,0,0,0,0,0,0,0,0,0,0
0.094583,0,0,0,0,0,0,0,0,0,0,0,0,0,0
0.16366,0,0,0,0,0,0,0,0,0,0,0,0,0,0
0.094512,0,0,0,0,0,0,0,0,0,0,0,0,0,0
0.09309,0,0,0,0,0,0,0,0,0,0,0,0,0,0
0.093684,0,0,0,0,0,0,0,0,0,0,0,0,0,0
0.09337,0,0,0,0,0,0,0,0,0,0,0,0,0,0
0.092598,0,0,0,0,0,0,0,0,0,0,0,0,0,0
0.16627,0,0,0,0,0,0,0,0,0,0,0,0,0,0
0.091789,0,0,0,0,0,0,0,0,0,0,0,0,0,0
0.093476,0,0,0,0,0,0,0,0,0,0,0,0,0,0
0.091234,0,0,0,0,0,0,0,0,0,0,0,0,0,0
0.091275,0,0,0,0,0,0,0,0,0,0,0,0,0,0
0.091441,0,0,0,0,0,0,0,0,0,0,0,0,0,0
0.16503,0,0,0,0,0,0,0,0,0,0,0,0,0,0
0.091962,0,0,0,0,0,0,0,0,0,0,0,0,0,0
0.093533,0,0,0,0,0,0,0,0,0,0,0,0,0,0
0.091141,0,0,0,0,0,0,0,0,0,0,0,0,0,0
0.093782,0,0,0,0,0,0,0,0,0,0,0,0,0,0
0.092258,0,0,0,0,0,0,0,0,0,0,0,0,0,0
0.16519,0,0,0,0,0,0,0,0,0,0,0,0,0,0
0.093105,0,0,0,0,0,0,0,0,0,0,0,0,0,0
0.092834,0,0,0,0,0,0,0,0,0,0,0,0,0,0
0.094247,0,0,0,0,0,0,0,0,0,0,0,0,0,0
0.094749,0,0,0,0,0,0,0,0,0,0,0,0,0,0
0.093053,0,0,0,0,0,0,0,0,0,0,0,0,0,0
0.16018,0,0,0,0,0,0,0,0,0,0,0,0,0,0
0.094064,0,0,0,0,0,0,0,0,0,0,0,0,0,0
0.091881,0,0,0,0,0,0,0,0,0,0,0,0,0,0
0.091132,0,0,0,0,0,0,0,0,0,0,0,0,0,0
0.092975,0,0,0,0,0,0,0,0,0,0,0,0,0,0
0.092985,0,0,0,0,0,0,0,0,0,0,0,0,0,0
0.15927,0,0,0,0,0,0,0,0,0,0,0,0,0,0
0.091324,0,0,0,0,0,0,0,0,0,0,0,0,0,0
0.13309,0,0,0,0,0,0,0,0,0,0,0,0,0,0
0.096094,0,0,0,0,0,0,0,0,0,0,0,0,0,0
0.095942,0,0,0,0,0,0,0,0,0,0,0,0,0,0
0.093421,0,0,0,0,0,0,0,0,0,0,0,0,0,0
0.16917,0,0,0,0,0,0,0,0,0,0,0,0,0,0
0.17291,0,0,0,0,0,0,0,0,0,0,0,0,0,0
0.1766,0,0,0,0,0,0,0,0,0,0,0,0,0,0
0.095838,0,0,0,0,0,0,0,0,0,0,0,0,0,0
0.098126,0,0,0,0,0,0,0,0,0,0,0,0,0,0
0.096456,0,0,0,0,0,0,0,0,0,0,0,0,0,0
0.16981,0,0,0,0,0,0,0,0,0,0,0,0,0,0
0.095237,0,0,0,0,0,0,0,0,0,0,0,0,0,0
0.094188,0,0,0,0,0,0,0,0,0,0,0,0,0,0
0.096289,0,0,0,0,0,0,0,0,0,0,0,0,0,0
0.094586,0,0,0,0,0,0,0,0,0,0,0,0,0,0
0.093656,0,0,0,0,0,0,0,0,0,0,0,0,0,0
0.16436,0,0,0,0,0,0,0,0,0,0,0,0,0,0
0.093211,0,0,0,0,0,0,0,0,0,0,0,0,0,0
0.093386,0,0,0,0,0,0,0,0,0,0,0,0,0,0
0.092738,0,0,0,0,0,0,0,0,0,0,0,0,0,0
0.092609,0,0,0,0,0,0,0,0,0,0,0,0,0,0
0.094652,0,0,0,0,0,0,0,0,0,0,0,0,0,0
0.16172,0,0,0,0,0,0,0,0,0,0,0,0,0,0
0.094762,0,0,0,0,0,0,0,0,0,0,0,0,0,0
0.093735,0,0,0,0,0,0,0,0,0,0,0,0,0,0
0.09131,0,0,0,0,0,0,0,0,0,0,0,0,0,0
0.093303,0,0,0,0,0,0,0,0,0,0,0,0,0,0
0.091901,0,0,0,0,0,0,0,0,0,0,0,0,0,0
0.16548,0,0,0,0,0,0,0,0,0,0,0,0,0,0
0.091438,0,0,0,0,0,0,0,0,0,0,0,0,0,0
0.091299,0,0,0,0,0,0,0,0,0,0,0,0,0,0
0.090333,0,0,0,0,0,0,0,0,0,0,0,0,0,0
0.091092,0,0,0,0,0,0,0,0,0,0,0,0,0,0
0.094174,0,0,0,0,0,0,0,0,0,0,0,0,0,0
0.1735,0,0,0,0,0,0,0,0,0,0,0,0,0,0
0.098335,0,0,0,0,0,0,0,0,0,0,0,0,0,0
0.093872,0,0,0,0,0,0,0,0,0,0,0,0,0,0
0.09424,0,0,0,0,0,0,0,0,0,0,0,0,0,0
0.093055,0,0,0,0,0,0,0,0,0,0,0,0,0,0
0.09213,0,0,0,0,0,0,0,0,0,0,0,0,0,0
0.1634,0,0,0,0,0,0,0,0,0,0,0,0,0,0
0.091706,0,0,0,0,0,0,0,0,0,0,0,0,0,0
0.094439,0,0,0,0,0,0,0,0,0,0,0,0,0,0
0.091973,0,0,0,0,0,0,0,0,0,0,0,0,0,0
0.091644,0,0,0,0,0,0,0,0,0,0,0,0,0,0
0.09184,0,0,0,0,0,0,0,0,0,0,0,0,0,0
0.16556,0,0,0,0,0,0,0,0,0,0,0,0,0,0
0.092631,0,0,0,0,0,0,0,0,0,0,0,0,0,0
0.094209,0,0,0,0,0,0,0,0,0,0,0,0,0,0
0.09267,0,0,0,0,0,0,0,0,0,0,0,0,0,0
0.093181,0,0,0,0,0,0,0,0,0,0,0,0,0,0
0.093028,0,0,0,0,0,0,0,0,0,0,0,0,0,0
0.16013,0,0,0,0,0,0,0,0,0,0,0,0,0,0
0.092587,0,0,0,0,0,0,0,0,0,0,0,0,0,0
0.097891,0,0,0,0,0,0,0,0,0,0,0,0,0,0
0.092002,0,0,0,0,0,0,0,0,0,0,0,0,0,0
0.094044,0,0,0,0,0,0,0,0,0,0,0,0,0,0
0.093528,0,0,0,0,0,0,0,0,0,0,0,0,0,0
0.16302,0,0,0,0,0,0,0,0,0,0,0,0,0,0
0.13887,0,0,0,0,0,0,0,0,0,0,0,0,0,0
0.10384,0,0,0,0,0,0,0,0,0,0,0,0,0,0
0.091231,0,0,0,0,0,0,0,0,0,0,0,0,0,0
0.09417,0,0,0,0,0,0,0,0,0,0,0,0,0,0
0.093414,0,0,0,0,0,0,0,0,0,0,0,0,0,0
0.16293,0,0,0,0,0,0,0,0,0,0,0,0,0,0
0.095669,0,0,0,0,0,0,0,0,0,0,0,0,0,0
NaN,0,0,0,0,0,0,0,0,0,0,0,0,0,0
NaN,0,0,0,0,0,0,0,0,0,0,0,0,0,0
NaN,0,0,0,0,0,0,0,0,0,0,0,0,0,0
NaN,0,0,0,0,0,0,0,0,0,0,0,0,0,0
11.628,0,0,0,0,0,0,0,0,0,0,0,0,0,0
0.21054,0,0,0,0,0,0,0,0,0,0,0,0,0,0
0.16378,0,0,0,0,0,0,0,0,0,0,0,0,0,0
0.098327,0,0,0,0,0,0,0,0,0,0,0,0,0,0
0.12723,0,0,0,0,0,0,0,0,0,0,0,0,0,0
0.11087,0,0,0,0,0,0,0,0,0,0,0,0,0,0
0.29244,0,0,0,0,0,0,0,0,0,0,0,0,0,0
0.090701,0,0,0,0,0,0,0,0,0,0,0,0,0,0
0.087337,0,0,0,0,0,0,0,0,0,0,0,0,0,0
0.087192,0,0,0,0,0,0,0,0,0,0,0,0,0,0
0.090398,0,0,0,0,0,0,0,0,0,0,0,0,0,0
0.088866,0,0,0,0,0,0,0,0,0,0,0,0,0,0
0.16366,0,0,0,0,0,0,0,0,0,0,0,0,0,0
0.08931,0,0,0,0,0,0,0,0,0,0,0,0,0,0
0.088641,0,0,0,0,0,0,0,0,0,0,0,0,0,0
0.091466,0,0,0,0,0,0,0,0,0,0,0,0,0,0
0.092037,0,0,0,0,0,0,0,0,0,0,0,0,0,0
0.09641,0,0,0,0,0,0,0,0,0,0,0,0,0,0
0.17128,0,0,0,0,0,0,0,0,0,0,0,0,0,0
0.096447,0,0,0,0,0,0,0,0,0,0,0,0,0,0
0.094822,0,0,0,0,0,0,0,0,0,0,0,0,0,0
0.093326,0,0,0,0,0,0,0,0,0,0,0,0,0,0
0.093288,0,0,0,0,0,0,0,0,0,0,0,0,0,0
0.092991,0,0,0,0,0,0,0,0,0,0,0,0,0,0
0.16792,0,0,0,0,0,0,0,0,0,0,0,0,0,0
0.09356,0,0,0,0,0,0,0,0,0,0,0,0,0,0
0.093782,0,0,0,0,0,0,0,0,0,0,0,0,0,0
0.091994,0,0,0,0,0,0,0,0,0,0,0,0,0,0
0.089145,0,0,0,0,0,0,0,0,0,0,0,0,0,0
0.089464,0,0,0,0,0,0,0,0,0,0,0,0,0,0
0.16331,0,0,0,0,0,0,0,0,0,0,0,0,0,0
0.088622,0,0,0,0,0,0,0,0,0,0,0,0,0,0
0.090542,0,0,0,0,0,0,0,0,0,0,0,0,0,0
0.089848,0,0,0,0,0,0,0,0,0,0,0,0,0,0
0.089717,0,0,0,0,0,0,0,0,0,0,0,0,0,0
0.087757,0,0,0,0,0,0,0,0,0,0,0,0,0,0
0.15843,0,0,0,0,0,0,0,0,0,0,0,0,0,0
0.087441,0,0,0,0,0,0,0,0,0,0,0,0,0,0
0.087906,0,0,0,0,0,0,0,0,0,0,0,0,0,0
0.08822,0,0,0,0,0,0,0,0,0,0,0,0,0,0
0.087507,0,0,0,0,0,0,0,0,0,0,0,0,0,0
0.090841,0,0,0,0,0,0,0,0,0,0,0,0,0,0
0.15707,0,0,0,0,0,0,0,0,0,0,0,0,0,0
0.095745,0,0,0,0,0,0,0,0,0,0,0,0,0,0
0.090448,0,0,0,0,0,0,0,0,0,0,0,0,0,0
0.090337,0,0,0,0,0,0,0,0,0,0,0,0,0,0
0.091663,0,0,0,0,0,0,0,0,0,0,0,0,0,0
0.090021,0,0,0,0,0,0,0,0,0,0,0,0,0,0
0.16606,0,0,0,0,0,0,0,0,0,0,0,0,0,0
0.090369,0,0,0,0,0,0,0,0,0,0,0,0,0,0
0.13562,0,0,0,0,0,0,0,0,0,0,0,0,0,0
0.099676,0,0,0,0,0,0,0,0,0,0,0,0,0,0
0.095154,0,0,0,0,0,0,0,0,0,0,0,0,0,0
0.093718,0,0,0,0,0,0,0,0,0,0,0,0,0,0
0.17266,0,0,0,0,0,0,0,0,0,0,0,0,0,0
0.094153,0,0,0,0,0,0,0,0,0,0,0,0,0,0
0.09581,0,0,0,0,0,0,0,0,0,0,0,0,0,0
0.092935,0,0,0,0,0,0,0,0,0,0,0,0,0,0
0.093139,0,0,0,0,0,0,0,0,0,0,0,0,0,0
0.093515,0,0,0,0,0,0,0,0,0,0,0,0,0,0
0.16327,0,0,0,0,0,0,0,0,0,0,0,0,0,0
0.092254,0,0,0,0,0,0,0,0,0,0,0,0,0,0
0.094638,0,0,0,0,0,0,0,0,0,0,0,0,0,0
0.093997,0,0,0,0,0,0,0,0,0,0,0,0,0,0
0.092331,0,0,0,0,0,0,0,0,0,0,0,0,0,0
0.090127,0,0,0,0,0,0,0,0,0,0,0,0,0,0
0.16334,0,0,0,0,0,0,0,0,0,0,0,0,0,0
0.11682,0,0,0,0,0,0,0,0,0,0,0,0,0,0
0.22169,0,0,0,0,0,0,0,0,0,0,0,0,0,0
0.096202,0,0,0,0,0,0,0,0,0,0,0,0,0,0
0.09706,0,0,0,0,0,0,0,0,0,0,0,0,0,0
0.099945,0,0,0,0,0,0,0,0,0,0,0,0,0,0
0.17531,0,0,0,0,0,0,0,0,0,0,0,0,0,0
0.095116,0,0,0,0,0,0,0,0,0,0,0,0,0,0
0.090209,0,0,0,0,0,0,0,0,0,0,0,0,0,0
0.089603,0,0,0,0,0,0,0,0,0,0,0,0,0,0
0.090348,0,0,0,0,0,0,0,0,0,0,0,0,0,0
0.089133,0,0,0,0,0,0,0,0,0,0,0,0,0,0
0.161,0,0,0,0,0,0,0,0,0,0,0,0,0,0
0.091646,0,0,0,0,0,0,0,0,0,0,0,0,0,0
0.090807,0,0,0,0,0,0,0,0,0,0,0,0,0,0
0.092676,0,0,0,0,0,0,0,0,0,0,0,0,0,0
0.089648,0,0,0,0,0,0,0,0,0,0,0,0,0,0
0.090535,0,0,0,0,0,0,0,0,0,0,0,0,0,0
0.16207,0,0,0,0,0,0,0,0,0,0,0,0,0,0
0.092452,0,0,0,0,0,0,0,0,0,0,0,0,0,0
0.090806,0,0,0,0,0,0,0,0,0,0,0,0,0,0
0.08927,0,0,0,0,0,0,0,0,0,0,0,0,0,0
0.090758,0,0,0,0,0,0,0,0,0,0,0,0,0,0
0.092131,0,0,0,0,0,0,0,0,0,0,0,0,0,0
0.16143,0,0,0,0,0,0,0,0,0,0,0,0,0,0
0.09022,0,0,0,0,0,0,0,0,0,0,0,0,0,0
0.090428,0,0,0,0,0,0,0,0,0,0,0,0,0,0
0.09157,0,0,0,0,0,0,0,0,0,0,0,0,0,0
0.090851,0,0,0,0,0,0,0,0,0,0,0,0,0,0
0.092301,0,0,0,0,0,0,0,0,0,0,0,0,0,0
0.16444,0,0,0,0,0,0,0,0,0,0,0,0,0,0
0.094405,0,0,0,0,0,0,0,0,0,0,0,0,0,0
0.094342,0,0,0,0,0,0,0,0,0,0,0,0,0,0
0.092351,0,0,0,0,0,0,0,0,0,0,0,0,0,0
0.090953,0,0,0,0,0,0,0,0,0,0,0,0,0,0
0.091355,0,0,0,0,0,0,0,0,0,0,0,0,0,0
0.16357,0,0,0,0,0,0,0,0,0,0,0,0,0,0
0.092399,0,0,0,0,0,0,0,0,0,0,0,0,0,0
0.091053,0,0,0,0,0,0,0,0,0,0,0,0,0,0
0.090967,0,0,0,0,0,0,0,0,0,0,0,0,0,0
0.089181,0,0,0,0,0,0,0,0,0,0,0,0,0,0
0.089947,0,0,0,0,0,0,0,0,0,0,0,0,0,0
0.16227,0,0,0,0,0,0,0,0,0,0,0,0,0,0
0.092361,0,0,0,0,0,0,0,0,0,0,0,0,0,0
0.08923,0,0,0,0,0,0,0,0,0,0,0,0,0,0
0.090253,0,0,0,0,0,0,0,0,0,0,0,0,0,0
0.093795,0,0,0,0,0,0,0,0,0,0,0,0,0,0
0.089759,0,0,0,0,0,0,0,0,0,0,0,0,0,0
0.16127,0,0,0,0,0,0,0,0,0,0,0,0,0,0
0.092017,0,0,0,0,0,0,0,0,0,0,0,0,0,0
0.092301,0,0,0,0,0,0,0,0,0,0,0,0,0,0
0.094307,0,0,0,0,0,0,0,0,0,0,0,0,0,0
0.091598,0,0,0,0,0,0,0,0,0,0,0,0,0,0
0.092445,0,0,0,0,0,0,0,0,0,0,0,0,0,0
0.16312,0,0,0,0,0,0,0,0,0,0,0,0,0,0
0.088848,0,0,0,0,0,0,0,0,0,0,0,0,0,0
0.099536,0,0,0,0,0,0,0,0,0,0,0,0,0,0
0.092202,0,0,0,0,0,0,0,0,0,0,0,0,0,0
0.092146,0,0,0,0,0,0,0,0,0,0,0,0,0,0
0.092211,0,0,0,0,0,0,0,0,0,0,0,0,0,0
0.16425,0,0,0,0,0,0,0,0,0,0,0,0,0,0
0.09151,0,0,0,0,0,0,0,0,0,0,0,0,0,0
0.093267,0,0,0,0,0,0,0,0,0,0,0,0,0,0
0.092071,0,0,0,0,0,0,0,0,0,0,0,0,0,0
0.092349,0,0,0,0,0,0,0,0,0,0,0,0,0,0
0.093705,0,0,0,0,0,0,0,0,0,0,0,0,0,0
0.17962,0,0,0,0,0,0,0,0,0,0,0,0,0,0
0.096509,0,0,0,0,0,0,0,0,0,0,0,0,0,0
0.094588,0,0,0,0,0,0,0,0,0,0,0,0,0,0
0.096449,0,0,0,0,0,0,0,0,0,0,0,0,0,0
0.096121,0,0,0,0,0,0,0,0,0,0,0,0,0,0
0.093577,0,0,0,0,0,0,0,0,0,0,0,0,0,0
0.17315,0,0,0,0,0,0,0,0,0,0,0,0,0,0
0.096822,0,0,0,0,0,0,0,0,0,0,0,0,0,0
0.095194,0,0,0,0,0,0,0,0,0,0,0,0,0,0
0.09469,0,0,0,0,0,0,0,0,0,0,0,0,0,0
0.098434,0,0,0,0,0,0,0,0,0,0,0,0,0,0
0.096382,0,0,0,0,0,0,0,0,0,0,0,0,0,0
0.17667,0,0,0,0,0,0,0,0,0,0,0,0,0,0
0.094731,0,0,0,0,0,0,0,0,0,0,0,0,0,0
0.09503,0,0,0,0,0,0,0,0,0,0,0,0,0,0
0.096338,0,0,0,0,0,0,0,0,0,0,0,0,0,0
0.09433,0,0,0,0,0,0,0,0,0,0,0,0,0,0
0.095397,0,0,0,0,0,0,0,0,0,0,0,0,0,0
0.17618,0,0,0,0,0,0,0,0,0,0,0,0,0,0
0.095139,0,0,0,0,0,0,0,0,0,0,0,0,0,0
0.096284,0,0,0,0,0,0,0,0,0,0,0,0,0,0
0.096575,0,0,0,0,0,0,0,0,0,0,0,0,0,0
0.094911,0,0,0,0,0,0,0,0,0,0,0,0,0,0
0.094444,0,0,0,0,0,0,0,0,0,0,0,0,0,0
0.17239,0,0,0,0,0,0,0,0,0,0,0,0,0,0
0.09418,0,0,0,0,0,0,0,0,0,0,0,0,0,0
0.095283,0,0,0,0,0,0,0,0,0,0,0,0,0,0
0.093036,0,0,0,0,0,0,0,0,0,0,0,0,0,0
0.094695,0,0,0,0,0,0,0,0,0,0,0,0,0,0
0.09401,0,0,0,0,0,0,0,0,0,0,0,0,0,0
0.17397,0,0,0,0,0,0,0,0,0,0,0,0,0,0
0.093644,0,0,0,0,0,0,0,0,0,0,0,0,0,0
0.095787,0,0,0,0,0,0,0,0,0,0,0,0,0,0
0.095035,0,0,0,0,0,0,0,0,0,0,0,0,0,0
0.095072,0,0,0,0,0,0,0,0,0,0,0,0,0,0
0.094334,0,0,0,0,0,0,0,0,0,0,0,0,0,0
0.17467,0,0,0,0,0,0,0,0,0,0,0,0,0,0
0.09481,0,0,0,0,0,0,0,0,0,0,0,0,0,0
0.10706,0,0,0,0,0,0,0,0,0,0,0,0,0,0
0.099799,0,0,0,0,0,0,0,0,0,0,0,0,0,0
0.095136,0,0,0,0,0,0,0,0,0,0,0,0,0,0
0.098544,0,0,0,0,0,0,0,0,0,0,0,0,0,0
0.17778,0,0,0,0,0,0,0,0,0,0,0,0,0,0
0.092815,0,0,0,0,0,0,0,0,0,0,0,0,0,0
0.10238,0,0,0,0,0,0,0,0,0,0,0,0,0,0
0.1034,0,0,0,0,0,0,0,0,0,0,0,0,0,0
0.096147,0,0,0,0,0,0,0,0,0,0,0,0,0,0
0.1027,0,0,0,0,0,0,0,0,0,0,0,0,0,0
0.18324,0,0,0,0,0,0,0,0,0,0,0,0,0,0
0.10555,0,0,0,0,0,0,0,0,0,0,0,0,0,0
0.094615,0,0,0,0,0,0,0,0,0,0,0,0,0,0
0.10553,0,0,0,0,0,0,0,0,0,0,0,0,0,0
0.099217,0,0,0,0,0,0,0,0,0,0,0,0,0,0
0.098961,0,0,0,0,0,0,0,0,0,0,0,0,0,0
0.18817,0,0,0,0,0,0,0,0,0,0,0,0,0,0
0.097535,0,0,0,0,0,0,0,0,0,0,0,0,0,0
0.098221,0,0,0,0,0,0,0,0,0,0,0,0,0,0
0.10511,0,0,0,0,0,0,0,0,0,0,0,0,0,0
0.10288,0,0,0,0,0,0,0,0,0,0,0,0,0,0
0.097874,0,0,0,0,0,0,0,0,0,0,0,0,0,0
0.18412,0,0,0,0,0,0,0,0,0,0,0,0,0,0
0.10307,0,0,0,0,0,0,0,0,0,0,0,0,0,0
0.1004,0,0,0,0,0,0,0,0,0,0,0,0,0,0
0.099257,0,0,0,0,0,0,0,0,0,0,0,0,0,0
0.10134,0,0,0,0,0,0,0,0,0,0,0,0,0,0
0.1016,0,0,0,0,0,0,0,0,0,0,0,0,0,0
0.1815,0,0,0,0,0,0,0,0,0,0,0,0,0,0
0.10545,0,0,0,0,0,0,0,0,0,0,0,0,0,0
0.098569,0,0,0,0,0,0,0,0,0,0,0,0,0,0
0.10149,0,0,0,0,0,0,0,0,0,0,0,0,0,0
0.10189,0,0,0,0,0,0,0,0,0,0,0,0,0,0
0.10147,0,0,0,0,0,0,0,0,0,0,0,0,0,0
0.18926,0,0,0,0,0,0,0,0,0,0,0,0,0,0
0.09831,0,0,0,0,0,0,0,0,0,0,0,0,0,0
0.10202,0,0,0,0,0,0,0,0,0,0,0,0,0,0
0.10269,0,0,0,0,0,0,0,0,0,0,0,0,0,0
0.098527,0,0,0,0,0,0,0,0,0,0,0,0,0,0
0.10222,0,0,0,0,0,0,0,0,0,0,0,0,0,0
0.1946,0,0,0,0,0,0,0,0,0,0,0,0,0,0
0.1021,0,0,0,0,0,0,0,0,0,0,0,0,0,0
0.10297,0,0,0,0,0,0,0,0,0,0,0,0,0,0
0.10093,0,0,0,0,0,0,0,0,0,0,0,0,0,0
0.10475,0,0,0,0,0,0,0,0,0,0,0,0,0,0
0.10559,0,0,0,0,0,0,0,0,0,0,0,0,0,0
0.18563,0,0,0,0,0,0,0,0,0,0,0,0,0,0
0.10055,0,0,0,0,0,0,0,0,0,0,0,0,0,0
0.10217,0,0,0,0,0,0,0,0,0,0,0,0,0,0
0.10206,0,0,0,0,0,0,0,0,0,0,0,0,0,0
0.098847,0,0,0,0,0,0,0,0,0,0,0,0,0,0
0.098757,0,0,0,0,0,0,0,0,0,0,0,0,0,0
0.19172,0,0,0,0,0,0,0,0,0,0,0,0,0,0
0.10825,0,0,0,0,0,0,0,0,0,0,0,0,0,0
0.10399,0,0,0,0,0,0,0,0,0,0,0,0,0,0
0.10082,0,0,0,0,0,0,0,0,0,0,0,0,0,0
0.10372,0,0,0,0,0,0,0,0,0,0,0,0,0,0
0.10243,0,0,0,0,0,0,0,0,0,0,0,0,0,0
0.18882,0,0,0,0,0,0,0,0,0,0,0,0,0,0
0.098687,0,0,0,0,0,0,0,0,0,0,0,0,0,0
0.10693,0,0,0,0,0,0,0,0,0,0,0,0,0,0
0.10647,0,0,0,0,0,0,0,0,0,0,0,0,0,0
0.10216,0,0,0,0,0,0,0,0,0,0,0,0,0,0
0.10504,0,0,0,0,0,0,0,0,0,0,0,0,0,0
0.1809,0,0,0,0,0,0,0,0,0,0,0,0,0,0
0.10234,0,0,0,0,0,0,0,0,0,0,0,0,0,0
0.1028,0,0,0,0,0,0,0,0,0,0,0,0,0,0
0.10144,0,0,0,0,0,0,0,0,0,0,0,0,0,0
0.10304,0,0,0,0,0,0,0,0,0,0,0,0,0,0
0.11098,0,0,0,0,0,0,0,0,0,0,0,0,0,0
0.17983,0,0,0,0,0,0,0,0,0,0,0,0,0,0
0.10495,0,0,0,0,0,0,0,0,0,0,0,0,0,0
0.10407,0,0,0,0,0,0,0,0,0,0,0,0,0,0
0.10101,0,0,0,0,0,0,0,0,0,0,0,0,0,0
0.098656,0,0,0,0,0,0,0,0,0,0,0,0,0,0
0.096691,0,0,0,0,0,0,0,0,0,0,0,0,0,0
0.19054,0,0,0,0,0,0,0,0,0,0,0,0,0,0
0.1049,0,0,0,0,0,0,0,0,0,0,0,0,0,0
0.10319,0,0,0,0,0,0,0,0,0,0,0,0,0,0
0.096706,0,0,0,0,0,0,0,0,0,0,0,0,0,0
0.096929,0,0,0,0,0,0,0,0,0,0,0,0,0,0
0.10182,0,0,0,0,0,0,0,0,0,0,0,0,0,0
0.19088,0,0,0,0,0,0,0,0,0,0,0,0,0,0
0.10329,0,0,0,0,0,0,0,0,0,0,0,0,0,0
0.10194,0,0,0,0,0,0,0,0,0,0,0,0,0,0
0.10367,0,0,0,0,0,0,0,0,0,0,0,0,0,0
0.10563,0,0,0,0,0,0,0,0,0,0,0,0,0,0
0.093043,0,0,0,0,0,0,0,0,0,0,0,0,0,0
0.16651,0,0,0,0,0,0,0,0,0,0,0,0,0,0
0.092461,0,0,0,0,0,0,0,0,0,0,0,0,0,0
0.13488,0,0,0,0,0,0,0,0,0,0,0,0,0,0
0.13017,0,0,0,0,0,0,0,0,0,0,0,0,0,0
0.090526,0,0,0,0,0,0,0,0,0,0,0,0,0,0
0.08751,0,0,0,0,0,0,0,0,0,0,0,0,0,0
0.15875,0,0,0,0,0,0,0,0,0,0,0,0,0,0
0.089786,0,0,0,0,0,0,0,0,0,0,0,0,0,0
0.087982,0,0,0,0,0,0,0,0,0,0,0,0,0,0
0.088442,0,0,0,0,0,0,0,0,0,0,0,0,0,0
0.087641,0,0,0,0,0,0,0,0,0,0,0,0,0,0
0.087577,0,0,0,0,0,0,0,0,0,0,0,0,0,0
0.1572,0,0,0,0,0,0,0,0,0,0,0,0,0,0
0.087216,0,0,0,0,0,0,0,0,0,0,0,0,0,0
0.090805,0,0,0,0,0,0,0,0,0,0,0,0,0,0
0.091114,0,0,0,0,0,0,0,0,0,0,0,0,0,0
0.090512,0,0,0,0,0,0,0,0,0,0,0,0,0,0
0.091701,0,0,0,0,0,0,0,0,0,0,0,0,0,0
0.16024,0,0,0,0,0,0,0,0,0,0,0,0,0,0
0.089907,0,0,0,0,0,0,0,0,0,0,0,0,0,0
0.090922,0,0,0,0,0,0,0,0,0,0,0,0,0,0
0.091461,0,0,0,0,0,0,0,0,0,0,0,0,0,0
0.092366,0,0,0,0,0,0,0,0,0,0,0,0,0,0
0.09093,0,0,0,0,0,0,0,0,0,0,0,0,0,0
0.15828,0,0,0,0,0,0,0,0,0,0,0,0,0,0
0.089752,0,0,0,0,0,0,0,0,0,0,0,0,0,0
0.092186,0,0,0,0,0,0,0,0,0,0,0,0,0,0
0.090384,0,0,0,0,0,0,0,0,0,0,0,0,0,0
0.093102,0,0,0,0,0,0,0,0,0,0,0,0,0,0
0.09104,0,0,0,0,0,0,0,0,0,0,0,0,0,0
0.16139,0,0,0,0,0,0,0,0,0,0,0,0,0,0
0.095135,0,0,0,0,0,0,0,0,0,0,0,0,0,0
0.092741,0,0,0,0,0,0,0,0,0,0,0,0,0,0
0.091307,0,0,0,0,0,0,0,0,0,0,0,0,0,0
0.093838,0,0,0,0,0,0,0,0,0,0,0,0,0,0
0.094218,0,0,0,0,0,0,0,0,0,0,0,0,0,0
0.16567,0,0,0,0,0,0,0,0,0,0,0,0,0,0
0.092093,0,0,0,0,0,0,0,0,0,0,0,0,0,0
0.09253,0,0,0,0,0,0,0,0,0,0,0,0,0,0
0.093449,0,0,0,0,0,0,0,0,0,0,0,0,0,0
0.094612,0,0,0,0,0,0,0,0,0,0,0,0,0,0
0.095251,0,0,0,0,0,0,0,0,0,0,0,0,0,0
0.1644,0,0,0,0,0,0,0,0,0,0,0,0,0,0
0.094207,0,0,0,0,0,0,0,0,0,0,0,0,0,0
0.092367,0,0,0,0,0,0,0,0,0,0,0,0,0,0
0.092077,0,0,0,0,0,0,0,0,0,0,0,0,0,0
0.092302,0,0,0,0,0,0,0,0,0,0,0,0,0,0
0.089353,0,0,0,0,0,0,0,0,0,0,0,0,0,0
0.15996,0,0,0,0,0,0,0,0,0,0,0,0,0,0
0.089089,0,0,0,0,0,0,0,0,0,0,0,0,0,0
0.089986,0,0,0,0,0,0,0,0,0,0,0,0,0,0
0.092184,0,0,0,0,0,0,0,0,0,0,0,0,0,0
0.089901,0,0,0,0,0,0,0,0,0,0,0,0,0,0
0.091274,0,0,0,0,0,0,0,0,0,0,0,0,0,0
0.15895,0,0,0,0,0,0,0,0,0,0,0,0,0,0
0.093017,0,0,0,0,0,0,0,0,0,0,0,0,0,0
0.090724,0,0,0,0,0,0,0,0,0,0,0,0,0,0
0.090509,0,0,0,0,0,0,0,0,0,0,0,0,0,0
0.093261,0,0,0,0,0,0,0,0,0,0,0,0,0,0
0.091278,0,0,0,0,0,0,0,0,0,0,0,0,0,0
0.16548,0,0,0,0,0,0,0,0,0,0,0,0,0,0
0.091248,0,0,0,0,0,0,0,0,0,0,0,0,0,0
0.09176,0,0,0,0,0,0,0,0,0,0,0,0,0,0
0.092665,0,0,0,0,0,0,0,0,0,0,0,0,0,0
0.091123,0,0,0,0,0,0,0,0,0,0,0,0,0,0
0.093622,0,0,0,0,0,0,0,0,0,0,0,0,0,0
0.16629,0,0,0,0,0,0,0,0,0,0,0,0,0,0
0.092486,0,0,0,0,0,0,0,0,0,0,0,0,0,0
0.093141,0,0,0,0,0,0,0,0,0,0,0,0,0,0
0.091894,0,0,0,0,0,0,0,0,0,0,0,0,0,0
0.094458,0,0,0,0,0,0,0,0,0,0,0,0,0,0
0.091267,0,0,0,0,0,0,0,0,0,0,0,0,0,0
0.16244,0,0,0,0,0,0,0,0,0,0,0,0,0,0
0.090979,0,0,0,0,0,0,0,0,0,0,0,0,0,0
0.09091,0,0,0,0,0,0,0,0,0,0,0,0,0,0
0.090929,0,0,0,0,0,0,0,0,0,0,0,0,0,0
0.093832,0,0,0,0,0,0,0,0,0,0,0,0,0,0
0.092779,0,0,0,0,0,0,0,0,0,0,0,0,0,0
0.16258,0,0,0,0,0,0,0,0,0,0,0,0,0,0
0.095074,0,0,0,0,0,0,0,0,0,0,0,0,0,0
0.090681,0,0,0,0,0,0,0,0,0,0,0,0,0,0
0.093479,0,0,0,0,0,0,0,0,0,0,0,0,0,0
0.091541,0,0,0,0,0,0,0,0,0,0,0,0,0,0
0.091493,0,0,0,0,0,0,0,0,0,0,0,0,0,0
0.32492,0,0,0,0,0,0,0,0,0,0,0,0,0,0
0.096073,0,0,0,0,0,0,0,0,0,0,0,0,0,0
0.095409,0,0,0,0,0,0,0,0,0,0,0,0,0,0
0.096818,0,0,0,0,0,0,0,0,0,0,0,0,0,0
0.094697,0,0,0,0,0,0,0,0,0,0,0,0,0,0
0.095876,0,0,0,0,0,0,0,0,0,0,0,0,0,0
0.16477,0,0,0,0,0,0,0,0,0,0,0,0,0,0
0.092386,0,0,0,0,0,0,0,0,0,0,0,0,0,0
0.091609,0,0,0,0,0,0,0,0,0,0,0,0,0,0
0.090088,0,0,0,0,0,0,0,0,0,0,0,0,0,0
0.09274,0,0,0,0,0,0,0,0,0,0,0,0,0,0
0.09042,0,0,0,0,0,0,0,0,0,0,0,0,0,0
0.16166,0,0,0,0,0,0,0,0,0,0,0,0,0,0
0.091131,0,0,0,0,0,0,0,0,0,0,0,0,0,0
0.091538,0,0,0,0,0,0,0,0,0,0,0,0,0,0
0.09169,0,0,0,0,0,0,0,0,0,0,0,0,0,0
0.092093,0,0,0,0,0,0,0,0,0,0,0,0,0,0
0.091533,0,0,0,0,0,0,0,0,0,0,0,0,0,0
0.16374,0,0,0,0,0,0,0,0,0,0,0,0,0,0
0.091514,0,0,0,0,0,0,0,0,0,0,0,0,0,0
0.091009,0,0,0,0,0,0,0,0,0,0,0,0,0,0
0.089241,0,0,0,0,0,0,0,0,0,0,0,0,0,0
0.0914,0,0,0,0,0,0,0,0,0,0,0,0,0,0
0.091013,0,0,0,0,0,0,0,0,0,0,0,0,0,0
0.16153,0,0,0,0,0,0,0,0,0,0,0,0,0,0
0.090678,0,0,0,0,0,0,0,0,0,0,0,0,0,0
0.091288,0,0,0,0,0,0,0,0,0,0,0,0,0,0
0.09189,0,0,0,0,0,0,0,0,0,0,0,0,0,0
0.094001,0,0,0,0,0,0,0,0,0,0,0,0,0,0
0.094967,0,0,0,0,0,0,0,0,0,0,0,0,0,0
0.16522,0,0,0,0,0,0,0,0,0,0,0,0,0,0
0.092215,0,0,0,0,0,0,0,0,0,0,0,0,0,0
0.09364,0,0,0,0,0,0,0,0,0,0,0,0,0,0
0.091855,0,0,0,0,0,0,0,0,0,0,0,0,0,0
0.092494,0,0,0,0,0,0,0,0,0,0,0,0,0,0
0.091707,0,0,0,0,0,0,0,0,0,0,0,0,0,0
0.16382,0,0,0,0,0,0,0,0,0,0,0,0,0,0
0.092902,0,0,0,0,0,0,0,0,0,0,0,0,0,0
0.090633,0,0,0,0,0,0,0,0,0,0,0,0,0,0
0.091524,0,0,0,0,0,0,0,0,0,0,0,0,0,0
0.092266,0,0,0,0,0,0,0,0,0,0,0,0,0,0
0.094423,0,0,0,0,0,0,0,0,0,0,0,0,0,0
0.16793,0,0,0,0,0,0,0,0,0,0,0,0,0,0
0.093596,0,0,0,0,0,0,0,0,0,0,0,0,0,0
0.093272,0,0,0,0,0,0,0,0,0,0,0,0,0,0
0.093578,0,0,0,0,0,0,0,0,0,0,0,0,0,0
0.092416,0,0,0,0,0,0,0,0,0,0,0,0,0,0
0.091337,0,0,0,0,0,0,0,0,0,0,0,0,0,0
0.16555,0,0,0,0,0,0,0,0,0,0,0,0,0,0
0.092837,0,0,0,0,0,0,0,0,0,0,0,0,0,0
0.092581,0,0,0,0,0,0,0,0,0,0,0,0,0,0
0.089902,0,0,0,0,0,0,0,0,0,0,0,0,0,0
0.090966,0,0,0,0,0,0,0,0,0,0,0,0,0,0
0.091345,0,0,0,0,0,0,0,0,0,0,0,0,0,0
0.17765,0,0,0,0,0,0,0,0,0,0,0,0,0,0
0.096497,0,0,0,0,0,0,0,0,0,0,0,0,0,0
0.094977,0,0,0,0,0,0,0,0,0,0,0,0,0,0
0.091864,0,0,0,0,0,0,0,0,0,0,0,0,0,0
0.093246,0,0,0,0,0,0,0,0,0,0,0,0,0,0
0.091578,0,0,0,0,0,0,0,0,0,0,0,0,0,0
0.16653,0,0,0,0,0,0,0,0,0,0,0,0,0,0
0.093495,0,0,0,0,0,0,0,0,0,0,0,0,0,0
0.093945,0,0,0,0,0,0,0,0,0,0,0,0,0,0
0.093508,0,0,0,0,0,0,0,0,0,0,0,0,0,0
0.096306,0,0,0,0,0,0,0,0,0,0,0,0,0,0
0.095735,0,0,0,0,0,0,0,0,0,0,0,0,0,0
0.17455,0,0,0,0,0,0,0,0,0,0,0,0,0,0
0.094048,0,0,0,0,0,0,0,0,0,0,0,0,0,0
0.097616,0,0,0,0,0,0,0,0,0,0,0,0,0,0
0.097412,0,0,0,0,0,0,0,0,0,0,0,0,0,0
0.098333,0,0,0,0,0,0,0,0,0,0,0,0,0,0
0.095259,0,0,0,0,0,0,0,0,0,0,0,0,0,0
0.17595,0,0,0,0,0,0,0,0,0,0,0,0,0,0
0.096925,0,0,0,0,0,0,0,0,0,0,0,0,0,0
0.096224,0,0,0,0,0,0,0,0,0,0,0,0,0,0
0.093857,0,0,0,0,0,0,0,0,0,0,0,0,0,0
0.094499,0,0,0,0,0,0,0,0,0,0,0,0,0,0
0.095491,0,0,0,0,0,0,0,0,0,0,0,0,0,0
0.17461,0,0,0,0,0,0,0,0,0,0,0,0,0,0
0.095947,0,0,0,0,0,0,0,0,0,0,0,0,0,0
0.098794,0,0,0,0,0,0,0,0,0,0,0,0,0,0
0.094807,0,0,0,0,0,0,0,0,0,0,0,0,0,0
0.094668,0,0,0,0,0,0,0,0,0,0,0,0,0,0
0.09801,0,0,0,0,0,0,0,0,0,0,0,0,0,0
0.17412,0,0,0,0,0,0,0,0,0,0,0,0,0,0
0.096112,0,0,0,0,0,0,0,0,0,0,0,0,0,0
0.097895,0,0,0,0,0,0,0,0,0,0,0,0,0,0
0.096847,0,0,0,0,0,0,0,0,0,0,0,0,0,0
0.09442,0,0,0,0,0,0,0,0,0,0,0,0,0,0
0.094816,0,0,0,0,0,0,0,0,0,0,0,0,0,0
0.17389,0,0,0,0,0,0,0,0,0,0,0,0,0,0
0.1007,0,0,0,0,0,0,0,0,0,0,0,0,0,0
0.098243,0,0,0,0,0,0,0,0,0,0,0,0,0,0
0.096367,0,0,0,0,0,0,0,0,0,0,0,0,0,0
0.097595,0,0,0,0,0,0,0,0,0,0,0,0,0,0
0.095894,0,0,0,0,0,0,0,0,0,0,0,0,0,0
0.17509,0,0,0,0,0,0,0,0,0,0,0,0,0,0
0.096328,0,0,0,0,0,0,0,0,0,0,0,0,0,0
0.098344,0,0,0,0,0,0,0,0,0,0,0,0,0,0
0.096488,0,0,0,0,0,0,0,0,0,0,0,0,0,0
0.095257,0,0,0,0,0,0,0,0,0,0,0,0,0,0
0.099349,0,0,0,0,0,0,0,0,0,0,0,0,0,0
0.17746,0,0,0,0,0,0,0,0,0,0,0,0,0,0
0.099019,0,0,0,0,0,0,0,0,0,0,0,0,0,0
0.10115,0,0,0,0,0,0,0,0,0,0,0,0,0,0
0.099337,0,0,0,0,0,0,0,0,0,0,0,0,0,0
0.09792,0,0,0,0,0,0,0,0,0,0,0,0,0,0
0.09873,0,0,0,0,0,0,0,0,0,0,0,0,0,0
0.18348,0,0,0,0,0,0,0,0,0,0,0,0,0,0
0.099381,0,0,0,0,0,0,0,0,0,0,0,0,0,0
0.11471,0,0,0,0,0,0,0,0,0,0,0,0,0,0
0.097568,0,0,0,0,0,0,0,0,0,0,0,0,0,0
0.10259,0,0,0,0,0,0,0,0,0,0,0,0,0,0
0.097653,0,0,0,0,0,0,0,0,0,0,0,0,0,0
0.18769,0,0,0,0,0,0,0,0,0,0,0,0,0,0
0.097065,0,0,0,0,0,0,0,0,0,0,0,0,0,0
0.099755,0,0,0,0,0,0,0,0,0,0,0,0,0,0
0.10573,0,0,0,0,0,0,0,0,0,0,0,0,0,0
0.10786,0,0,0,0,0,0,0,0,0,0,0,0,0,0
0.10137,0,0,0,0,0,0,0,0,0,0,0,0,0,0
0.18449,0,0,0,0,0,0,0,0,0,0,0,0,0,0
0.096721,0,0,0,0,0,0,0,0,0,0,0,0,0,0
0.10167,0,0,0,0,0,0,0,0,0,0,0,0,0,0
0.1011,0,0,0,0,0,0,0,0,0,0,0,0,0,0
0.1024,0,0,0,0,0,0,0,0,0,0,0,0,0,0
0.10442,0,0,0,0,0,0,0,0,0,0,0,0,0,0
0.18642,0,0,0,0,0,0,0,0,0,0,0,0,0,0
0.098651,0,0,0,0,0,0,0,0,0,0,0,0,0,0
0.10025,0,0,0,0,0,0,0,0,0,0,0,0,0,0
0.097675,0,0,0,0,0,0,0,0,0,0,0,0,0,0
0.10639,0,0,0,0,0,0,0,0,0,0,0,0,0,0
0.1016,0,0,0,0,0,0,0,0,0,0,0,0,0,0
0.18845,0,0,0,0,0,0,0,0,0,0,0,0,0,0
0.10275,0,0,0,0,0,0,0,0,0,0,0,0,0,0
0.10229,0,0,0,0,0,0,0,0,0,0,0,0,0,0
0.098366,0,0,0,0,0,0,0,0,0,0,0,0,0,0
0.10678,0,0,0,0,0,0,0,0,0,0,0,0,0,0
0.097436,0,0,0,0,0,0,0,0,0,0,0,0,0,0
0.1822,0,0,0,0,0,0,0,0,0,0,0,0,0,0
0.099947,0,0,0,0,0,0,0,0,0,0,0,0,0,0
0.10234,0,0,0,0,0,0,0,0,0,0,0,0,0,0
0.10516,0,0,0,0,0,0,0,0,0,0,0,0,0,0
0.098519,0,0,0,0,0,0,0,0,0,0,0,0,0,0
0.095864,0,0,0,0,0,0,0,0,0,0,0,0,0,0
0.18746,0,0,0,0,0,0,0,0,0,0,0,0,0,0
0.098718,0,0,0,0,0,0,0,0,0,0,0,0,0,0
0.10465,0,0,0,0,0,0,0,0,0,0,0,0,0,0
0.10335,0,0,0,0,0,0,0,0,0,0,0,0,0,0
0.097367,0,0,0,0,0,0,0,0,0,0,0,0,0,0
0.096787,0,0,0,0,0,0,0,0,0,0,0,0,0,0
0.19018,0,0,0,0,0,0,0,0,0,0,0,0,0,0
0.10667,0,0,0,0,0,0,0,0,0,0,0,0,0,0
0.10043,0,0,0,0,0,0,0,0,0,0,0,0,0,0
0.096462,0,0,0,0,0,0,0,0,0,0,0,0,0,0
0.098649,0,0,0,0,0,0,0,0,0,0,0,0,0,0
0.10106,0,0,0,0,0,0,0,0,0,0,0,0,0,0
0.17844,0,0,0,0,0,0,0,0,0,0,0,0,0,0
0.10037,0,0,0,0,0,0,0,0,0,0,0,0,0,0
0.10094,0,0,0,0,0,0,0,0,0,0,0,0,0,0
0.10359,0,0,0,0,0,0,0,0,0,0,0,0,0,0
0.099193,0,0,0,0,0,0,0,0,0,0,0,0,0,0
0.11056,0,0,0,0,0,0,0,0,0,0,0,0,0,0
0.1899,0,0,0,0,0,0,0,0,0,0,0,0,0,0
0.099529,0,0,0,0,0,0,0,0,0,0,0,0,0,0
0.1013,0,0,0,0,0,0,0,0,0,0,0,0,0,0
0.10189,0,0,0,0,0,0,0,0,0,0,0,0,0,0
0.10027,0,0,0,0,0,0,0,0,0,0,0,0,0,0
0.1107,0,0,0,0,0,0,0,0,0,0,0,0,0,0
0.19422,0,0,0,0,0,0,0,0,0,0,0,0,0,0
0.10334,0,0,0,0,0,0,0,0,0,0,0,0,0,0
0.10492,0,0,0,0,0,0,0,0,0,0,0,0,0,0
0.10285,0,0,0,0,0,0,0,0,0,0,0,0,0,0
0.11153,0,0,0,0,0,0,0,0,0,0,0,0,0,0
0.10391,0,0,0,0,0,0,0,0,0,0,0,0,0,0
0.18975,0,0,0,0,0,0,0,0,0,0,0,0,0,0
0.094307,0,0,0,0,0,0,0,0,0,0,0,0,0,0
0.1027,0,0,0,0,0,0,0,0,0,0,0,0,0,0
0.1063,0,0,0,0,0,0,0,0,0,0,0,0,0,0
0.10106,0,0,0,0,0,0,0,0,0,0,0,0,0,0
0.099333,0,0,0,0,0,0,0,0,0,0,0,0,0,0
0.17935,0,0,0,0,0,0,0,0,0,0,0,0,0,0
0.10649,0,0,0,0,0,0,0,0,0,0,0,0,0,0
0.099988,0,0,0,0,0,0,0,0,0,0,0,0,0,0
0.094521,0,0,0,0,0,0,0,0,0,0,0,0,0,0
0.10218,0,0,0,0,0,0,0,0,0,0,0,0,0,0
0.095021,0,0,0,0,0,0,0,0,0,0,0,0,0,0
0.18071,0,0,0,0,0,0,0,0,0,0,0,0,0,0
0.095234,0,0,0,0,0,0,0,0,0,0,0,0,0,0
0.097792,0,0,0,0,0,0,0,0,0,0,0,0,0,0
0.093584,0,0,0,0,0,0,0,0,0,0,0,0,0,0
0.095609,0,0,0,0,0,0,0,0,0,0,0,0,0,0
0.096456,0,0,0,0,0,0,0,0,0,0,0,0,0,0
0.18786,0,0,0,0,0,0,0,0,0,0,0,0,0,0
0.098793,0,0,0,0,0,0,0,0,0,0,0,0,0,0
0.094705,0,0,0,0,0,0,0,0,0,0,0,0,0,0
0.098921,0,0,0,0,0,0,0,0,0,0,0,0,0,0
0.096606,0,0,0,0,0,0,0,0,0,0,0,0,0,0
0.09632,0,0,0,0,0,0,0,0,0,0,0,0,0,0
0.18616,0,0,0,0,0,0,0,0,0,0,0,0,0,0
0.098684,0,0,0,0,0,0,0,0,0,0,0,0,0,0
0.097184,0,0,0,0,0,0,0,0,0,0,0,0,0,0
0.094443,0,0,0,0,0,0,0,0,0,0,0,0,0,0
0.099426,0,0,0,0,0,0,0,0,0,0,0,0,0,0
0.10029,0,0,0,0,0,0,0,0,0,0,0,0,0,0
0.18493,0,0,0,0,0,0,0,0,0,0,0,0,0,0
0.096696,0,0,0,0,0,0,0,0,0,0,0,0,0,0
0.094725,0,0,0,0,0,0,0,0,0,0,0,0,0,0
0.09812,0,0,0,0,0,0,0,0,0,0,0,0,0,0
0.1078,0,0,0,0,0,0,0,0,0,0,0,0,0,0
0.098935,0,0,0,0,0,0,0,0,0,0,0,0,0,0
0.19924,0,0,0,0,0,0,0,0,0,0,0,0,0,0
0.097448,0,0,0,0,0,0,0,0,0,0,0,0,0,0
0.10803,0,0,0,0,0,0,0,0,0,0,0,0,0,0
0.098852,0,0,0,0,0,0,0,0,0,0,0,0,0,0
0.09699,0,0,0,0,0,0,0,0,0,0,0,0,0,0
0.11006,0,0,0,0,0,0,0,0,0,0,0,0,0,0
0.19201,0,0,0,0,0,0,0,0,0,0,0,0,0,0
0.10833,0,0,0,0,0,0,0,0,0,0,0,0,0,0
0.098173,0,0,0,0,0,0,0,0,0,0,0,0,0,0
0.097057,0,0,0,0,0,0,0,0,0,0,0,0,0,0
0.099069,0,0,0,0,0,0,0,0,0,0,0,0,0,0
0.09541,0,0,0,0,0,0,0,0,0,0,0,0,0,0
0.18189,0,0,0,0,0,0,0,0,0,0,0,0,0,0
0.09749,0,0,0,0,0,0,0,0,0,0,0,0,0,0
0.09363,0,0,0,0,0,0,0,0,0,0,0,0,0,0
0.1006,0,0,0,0,0,0,0,0,0,0,0,0,0,0
0.099102,0,0,0,0,0,0,0,0,0,0,0,0,0,0
0.096573,0,0,0,0,0,0,0,0,0,0,0,0,0,0
0.18465,0,0,0,0,0,0,0,0,0,0,0,0,0,0
0.10422,0,0,0,0,0,0,0,0,0,0,0,0,0,0
0.097956,0,0,0,0,0,0,0,0,0,0,0,0,0,0
0.098779,0,0,0,0,0,0,0,0,0,0,0,0,0,0
0.09724,0,0,0,0,0,0,0,0,0,0,0,0,0,0
0.10443,0,0,0,0,0,0,0,0,0,0,0,0,0,0
0.18359,0,0,0,0,0,0,0,0,0,0,0,0,0,0
0.10425,0,0,0,0,0,0,0,0,0,0,0,0,0,0
0.099806,0,0,0,0,0,0,0,0,0,0,0,0,0,0
0.097146,0,0,0,0,0,0,0,0,0,0,0,0,0,0
0.10213,0,0,0,0,0,0,0,0,0,0,0,0,0,0
0.098768,0,0,0,0,0,0,0,0,0,0,0,0,0,0
0.18868,0,0,0,0,0,0,0,0,0,0,0,0,0,0
0.10765,0,0,0,0,0,0,0,0,0,0,0,0,0,0
0.10123,0,0,0,0,0,0,0,0,0,0,0,0,0,0
0.098302,0,0,0,0,0,0,0,0,0,0,0,0,0,0
0.098411,0,0,0,0,0,0,0,0,0,0,0,0,0,0
0.096873,0,0,0,0,0,0,0,0,0,0,0,0,0,0
0.19137,0,0,0,0,0,0,0,0,0,0,0,0,0,0
0.09325,0,0,0,0,0,0,0,0,0,0,0,0,0,0
0.10583,0,0,0,0,0,0,0,0,0,0,0,0,0,0
0.10081,0,0,0,0,0,0,0,0,0,0,0,0,0,0
0.099619,0,0,0,0,0,0,0,0,0,0,0,0,0,0
0.10422,0,0,0,0,0,0,0,0,0,0,0,0,0,0
0.18371,0,0,0,0,0,0,0,0,0,0,0,0,0,0
0.096957,0,0,0,0,0,0,0,0,0,0,0,0,0,0
0.10098,0,0,0,0,0,0,0,0,0,0,0,0,0,0
0.10522,0,0,0,0,0,0,0,0,0,0,0,0,0,0
0.10153,0,0,0,0,0,0,0,0,0,0,0,0,0,0
0.093211,0,0,0,0,0,0,0,0,0,0,0,0,0,0
0.19379,0,0,0,0,0,0,0,0,0,0,0,0,0,0
0.11204,0,0,0,0,0,0,0,0,0,0,0,0,0,0
0.10058,0,0,0,0,0,0,0,0,0,0,0,0,0,0
0.096076,0,0,0,0,0,0,0,0,0,0,0,0,0,0
0.09699,0,0,0,0,0,0,0,0,0,0,0,0,0,0
0.10119,0,0,0,0,0,0,0,0,0,0,0,0,0,0
0.19284,0,0,0,0,0,0,0,0,0,0,0,0,0,0
0.097438,0,0,0,0,0,0,0,0,0,0,0,0,0,0
0.091771,0,0,0,0,0,0,0,0,0,0,0,0,0,0
0.094358,0,0,0,0,0,0,0,0,0,0,0,0,0,0
0.096834,0,0,0,0,0,0,0,0,0,0,0,0,0,0
0.098646,0,0,0,0,0,0,0,0,0,0,0,0,0,0
0.18542,0,0,0,0,0,0,0,0,0,0,0,0,0,0
0.090231,0,0,0,0,0,0,0,0,0,0,0,0,0,0
0.095135,0,0,0,0,0,0,0,0,0,0,0,0,0,0
0.091404,0,0,0,0,0,0,0,0,0,0,0,0,0,0
0.10183,0,0,0,0,0,0,0,0,0,0,0,0,0,0
0.098193,0,0,0,0,0,0,0,0,0,0,0,0,0,0
0.1738,0,0,0,0,0,0,0,0,0,0,0,0,0,0
0.090416,0,0,0,0,0,0,0,0,0,0,0,0,0,0
0.099218,0,0,0,0,0,0,0,0,0,0,0,0,0,0
0.098858,0,0,0,0,0,0,0,0,0,0,0,0,0,0
0.096469,0,0,0,0,0,0,0,0,0,0,0,0,0,0
0.093473,0,0,0,0,0,0,0,0,0,0,0,0,0,0
0.17214,0,0,0,0,0,0,0,0,0,0,0,0,0,0
0.095725,0,0,0,0,0,0,0,0,0,0,0,0,0,0
0.096737,0,0,0,0,0,0,0,0,0,0,0,0,0,0
0.094067,0,0,0,0,0,0,0,0,0,0,0,0,0,0
0.10212,0,0,0,0,0,0,0,0,0,0,0,0,0,0
0.094177,0,0,0,0,0,0,0,0,0,0,0,0,0,0
0.18099,0,0,0,0,0,0,0,0,0,0,0,0,0,0
0.098489,0,0,0,0,0,0,0,0,0,0,0,0,0,0
0.10152,0,0,0,0,0,0,0,0,0,0,0,0,0,0
0.095762,0,0,0,0,0,0,0,0,0,0,0,0,0,0
0.099954,0,0,0,0,0,0,0,0,0,0,0,0,0,0
0.094791,0,0,0,0,0,0,0,0,0,0,0,0,0,0
0.18442,0,0,0,0,0,0,0,0,0,0,0,0,0,0
0.098867,0,0,0,0,0,0,0,0,0,0,0,0,0,0
0.09444,0,0,0,0,0,0,0,0,0,0,0,0,0,0
0.10132,0,0,0,0,0,0,0,0,0,0,0,0,0,0
0.094123,0,0,0,0,0,0,0,0,0,0,0,0,0,0
0.091676,0,0,0,0,0,0,0,0,0,0,0,0,0,0
0.1912,0,0,0,0,0,0,0,0,0,0,0,0,0,0
0.099143,0,0,0,0,0,0,0,0,0,0,0,0,0,0
0.094533,0,0,0,0,0,0,0,0,0,0,0,0,0,0
0.09425,0,0,0,0,0,0,0,0,0,0,0,0,0,0
0.099305,0,0,0,0,0,0,0,0,0,0,0,0,0,0
0.096504,0,0,0,0,0,0,0,0,0,0,0,0,0,0
0.18196,0,0,0,0,0,0,0,0,0,0,0,0,0,0
0.094311,0,0,0,0,0,0,0,0,0,0,0,0,0,0
0.094236,0,0,0,0,0,0,0,0,0,0,0,0,0,0
0.097086,0,0,0,0,0,0,0,0,0,0,0,0,0,0
0.096518,0,0,0,0,0,0,0,0,0,0,0,0,0,0
0.10369,0,0,0,0,0,0,0,0,0,0,0,0,0,0
0.1838,0,0,0,0,0,0,0,0,0,0,0,0,0,0
0.095583,0,0,0,0,0,0,0,0,0,0,0,0,0,0
0.095884,0,0,0,0,0,0,0,0,0,0,0,0,0,0
0.096819,0,0,0,0,0,0,0,0,0,0,0,0,0,0
0.095404,0,0,0,0,0,0,0,0,0,0,0,0,0,0
0.097409,0,0,0,0,0,0,0,0,0,0,0,0,0,0
0.18343,0,0,0,0,0,0,0,0,0,0,0,0,0,0
0.091335,0,0,0,0,0,0,0,0,0,0,0,0,0,0
0.093558,0,0,0,0,0,0,0,0,0,0,0,0,0,0
0.10191,0,0,0,0,0,0,0,0,0,0,0,0,0,0
0.10261,0,0,0,0,0,0,0,0,0,0,0,0,0,0
0.108,0,0,0,0,0,0,0,0,0,0,0,0,0,0
0.18057,0,0,0,0,0,0,0,0,0,0,0,0,0,0
0.099895,0,0,0,0,0,0,0,0,0,0,0,0,0,0
0.10021,0,0,0,0,0,0,0,0,0,0,0,0,0,0
0.10807,0,0,0,0,0,0,0,0,0,0,0,0,0,0
0.096374,0,0,0,0,0,0,0,0,0,0,0,0,0,0
0.093058,0,0,0,0,0,0,0,0,0,0,0,0,0,0
0.19297,0,0,0,0,0,0,0,0,0,0,0,0,0,0
0.094109,0,0,0,0,0,0,0,0,0,0,0,0,0,0
0.098261,0,0,0,0,0,0,0,0,0,0,0,0,0,0
0.095442,0,0,0,0,0,0,0,0,0,0,0,0,0,0
0.095224,0,0,0,0,0,0,0,0,0,0,0,0,0,0
0.10284,0,0,0,0,0,0,0,0,0,0,0,0,0,0
0.18388,0,0,0,0,0,0,0,0,0,0,0,0,0,0
0.10093,0,0,0,0,0,0,0,0,0,0,0,0,0,0
0.10546,0,0,0,0,0,0,0,0,0,0,0,0,0,0
0.092885,0,0,0,0,0,0,0,0,0,0,0,0,0,0
0.10091,0,0,0,0,0,0,0,0,0,0,0,0,0,0
0.098577,0,0,0,0,0,0,0,0,0,0,0,0,0,0
0.19552,0,0,0,0,0,0,0,0,0,0,0,0,0,0
0.097962,0,0,0,0,0,0,0,0,0,0,0,0,0,0
0.089942,0,0,0,0,0,0,0,0,0,0,0,0,0,0
0.10054,0,0,0,0,0,0,0,0,0,0,0,0,0,0
0.10573,0,0,0,0,0,0,0,0,0,0,0,0,0,0
0.099989,0,0,0,0,0,0,0,0,0,0,0,0,0,0
0.20327,0,0,0,0,0,0,0,0,0,0,0,0,0,0
0.093422,0,0,0,0,0,0,0,0,0,0,0,0,0,0
0.10323,0,0,0,0,0,0,0,0,0,0,0,0,0,0
0.099601,0,0,0,0,0,0,0,0,0,0,0,0,0,0
0.099761,0,0,0,0,0,0,0,0,0,0,0,0,0,0
0.10305,0,0,0,0,0,0,0,0,0,0,0,0,0,0
0.18448,0,0,0,0,0,0,0,0,0,0,0,0,0,0
0.10393,0,0,0,0,0,0,0,0,0,0,0,0,0,0
0.098528,0,0,0,0,0,0,0,0,0,0,0,0,0,0
0.1051,0,0,0,0,0,0,0,0,0,0,0,0,0,0
0.10192,0,0,0,0,0,0,0,0,0,0,0,0,0,0
0.095464,0,0,0,0,0,0,0,0,0,0,0,0,0,0
0.19216,0,0,0,0,0,0,0,0,0,0,0,0,0,0
0.096059,0,0,0,0,0,0,0,0,0,0,0,0,0,0
0.095235,0,0,0,0,0,0,0,0,0,0,0,0,0,0
0.092516,0,0,0,0,0,0,0,0,0,0,0,0,0,0
0.096765,0,0,0,0,0,0,0,0,0,0,0,0,0,0
0.099841,0,0,0,0,0,0,0,0,0,0,0,0,0,0
0.19471,0,0,0,0,0,0,0,0,0,0,0,0,0,0
0.10813,0,0,0,0,0,0,0,0,0,0,0,0,0,0
0.093055,0,0,0,0,0,0,0,0,0,0,0,0,0,0
0.095194,0,0,0,0,0,0,0,0,0,0,0,0,0,0
0.10158,0,0,0,0,0,0,0,0,0,0,0,0,0,0
0.10115,0,0,0,0,0,0,0,0,0,0,0,0,0,0
0.18845,0,0,0,0,0,0,0,0,0,0,0,0,0,0
0.095431,0,0,0,0,0,0,0,0,0,0,0,0,0,0
0.099019,0,0,0,0,0,0,0,0,0,0,0,0,0,0
0.10813,0,0,0,0,0,0,0,0,0,0,0,0,0,0
0.097768,0,0,0,0,0,0,0,0,0,0,0,0,0,0
0.10171,0,0,0,0,0,0,0,0,0,0,0,0,0,0
0.18769,0,0,0,0,0,0,0,0,0,0,0,0,0,0
0.095228,0,0,0,0,0,0,0,0,0,0,0,0,0,0
0.097245,0,0,0,0,0,0,0,0,0,0,0,0,0,0
0.091551,0,0,0,0,0,0,0,0,0,0,0,0,0,0
0.10229,0,0,0,0,0,0,0,0,0,0,0,0,0,0
0.096115,0,0,0,0,0,0,0,0,0,0,0,0,0,0
0.17598,0,0,0,0,0,0,0,0,0,0,0,0,0,0
0.093714,0,0,0,0,0,0,0,0,0,0,0,0,0,0
0.095912,0,0,0,0,0,0,0,0,0,0,0,0,0,0
0.10145,0,0,0,0,0,0,0,0,0,0,0,0,0,0
0.094474,0,0,0,0,0,0,0,0,0,0,0,0,0,0
0.10938,0,0,0,0,0,0,0,0,0,0,0,0,0,0
0.18582,0,0,0,0,0,0,0,0,0,0,0,0,0,0
0.098706,0,0,0,0,0,0,0,0,0,0,0,0,0,0
0.10195,0,0,0,0,0,0,0,0,0,0,0,0,0,0
0.096029,0,0,0,0,0,0,0,0,0,0,0,0,0,0
0.10344,0,0,0,0,0,0,0,0,0,0,0,0,0,0
0.097194,0,0,0,0,0,0,0,0,0,0,0,0,0,0
0.1807,0,0,0,0,0,0,0,0,0,0,0,0,0,0
0.10033,0,0,0,0,0,0,0,0,0,0,0,0,0,0
0.097268,0,0,0,0,0,0,0,0,0,0,0,0,0,0
0.10473,0,0,0,0,0,0,0,0,0,0,0,0,0,0
0.090273,0,0,0,0,0,0,0,0,0,0,0,0,0,0
0.096737,0,0,0,0,0,0,0,0,0,0,0,0,0,0
0.18356,0,0,0,0,0,0,0,0,0,0,0,0,0,0
0.094084,0,0,0,0,0,0,0,0,0,0,0,0,0,0
0.091839,0,0,0,0,0,0,0,0,0,0,0,0,0,0
0.09305,0,0,0,0,0,0,0,0,0,0,0,0,0,0
0.097065,0,0,0,0,0,0,0,0,0,0,0,0,0,0
0.092002,0,0,0,0,0,0,0,0,0,0,0,0,0,0
0.18542,0,0,0,0,0,0,0,0,0,0,0,0,0,0
0.097316,0,0,0,0,0,0,0,0,0,0,0,0,0,0
0.090913,0,0,0,0,0,0,0,0,0,0,0,0,0,0
0.097012,0,0,0,0,0,0,0,0,0,0,0,0,0,0
0.10035,0,0,0,0,0,0,0,0,0,0,0,0,0,0
0.092447,0,0,0,0,0,0,0,0,0,0,0,0,0,0
0.19976,0,0,0,0,0,0,0,0,0,0,0,0,0,0
0.09426,0,0,0,0,0,0,0,0,0,0,0,0,0,0
0.097654,0,0,0,0,0,0,0,0,0,0,0,0,0,0
0.10077,0,0,0,0,0,0,0,0,0,0,0,0,0,0
0.11136,0,0,0,0,0,0,0,0,0,0,0,0,0,0
0.096181,0,0,0,0,0,0,0,0,0,0,0,0,0,0
0.18319,0,0,0,0,0,0,0,0,0,0,0,0,0,0
0.10752,0,0,0,0,0,0,0,0,0,0,0,0,0,0
0.099368,0,0,0,0,0,0,0,0,0,0,0,0,0,0
0.098739,0,0,0,0,0,0,0,0,0,0,0,0,0,0
0.10495,0,0,0,0,0,0,0,0,0,0,0,0,0,0
0.095967,0,0,0,0,0,0,0,0,0,0,0,0,0,0
0.18672,0,0,0,0,0,0,0,0,0,0,0,0,0,0
0.099027,0,0,0,0,0,0,0,0,0,0,0,0,0,0
0.10474,0,0,0,0,0,0,0,0,0,0,0,0,0,0
0.099246,0,0,0,0,0,0,0,0,0,0,0,0,0,0
0.10711,0,0,0,0,0,0,0,0,0,0,0,0,0,0
0.095664,0,0,0,0,0,0,0,0,0,0,0,0,0,0
0.18624,0,0,0,0,0,0,0,0,0,0,0,0,0,0
0.10502,0,0,0,0,0,0,0,0,0,0,0,0,0,0
0.096472,0,0,0,0,0,0,0,0,0,0,0,0,0,0
0.10534,0,0,0,0,0,0,0,0,0,0,0,0,0,0
0.087727,0,0,0,0,0,0,0,0,0,0,0,0,0,0
0.1047,0,0,0,0,0,0,0,0,0,0,0,0,0,0
0.19998,0,0,0,0,0,0,0,0,0,0,0,0,0,0
0.096646,0,0,0,0,0,0,0,0,0,0,0,0,0,0
0.093107,0,0,0,0,0,0,0,0,0,0,0,0,0,0
0.090425,0,0,0,0,0,0,0,0,0,0,0,0,0,0
0.090915,0,0,0,0,0,0,0,0,0,0,0,0,0,0
0.10451,0,0,0,0,0,0,0,0,0,0,0,0,0,0
0.17817,0,0,0,0,0,0,0,0,0,0,0,0,0,0
0.097527,0,0,0,0,0,0,0,0,0,0,0,0,0,0
0.089388,0,0,0,0,0,0,0,0,0,0,0,0,0,0
0.093133,0,0,0,0,0,0,0,0,0,0,0,0,0,0
0.096204,0,0,0,0,0,0,0,0,0,0,0,0,0,0
0.092518,0,0,0,0,0,0,0,0,0,0,0,0,0,0
0.1805,0,0,0,0,0,0,0,0,0,0,0,0,0,0
0.092419,0,0,0,0,0,0,0,0,0,0,0,0,0,0
0.088198,0,0,0,0,0,0,0,0,0,0,0,0,0,0
0.090627,0,0,0,0,0,0,0,0,0,0,0,0,0,0
0.095486,0,0,0,0,0,0,0,0,0,0,0,0,0,0
0.089649,0,0,0,0,0,0,0,0,0,0,0,0,0,0
0.18883,0,0,0,0,0,0,0,0,0,0,0,0,0,0
0.090399,0,0,0,0,0,0,0,0,0,0,0,0,0,0
0.092675,0,0,0,0,0,0,0,0,0,0,0,0,0,0
0.092758,0,0,0,0,0,0,0,0,0,0,0,0,0,0
0.091802,0,0,0,0,0,0,0,0,0,0,0,0,0,0
0.098105,0,0,0,0,0,0,0,0,0,0,0,0,0,0
0.18218,0,0,0,0,0,0,0,0,0,0,0,0,0,0
0.089218,0,0,0,0,0,0,0,0,0,0,0,0,0,0
0.11087,0,0,0,0,0,0,0,0,0,0,0,0,0,0
0.093061,0,0,0,0,0,0,0,0,0,0,0,0,0,0
0.098954,0,0,0,0,0,0,0,0,0,0,0,0,0,0
0.095663,0,0,0,0,0,0,0,0,0,0,0,0,0,0
0.1808,0,0,0,0,0,0,0,0,0,0,0,0,0,0
0.093555,0,0,0,0,0,0,0,0,0,0,0,0,0,0
0.10352,0,0,0,0,0,0,0,0,0,0,0,0,0,0
0.093655,0,0,0,0,0,0,0,0,0,0,0,0,0,0
0.10113,0,0,0,0,0,0,0,0,0,0,0,0,0,0
0.094075,0,0,0,0,0,0,0,0,0,0,0,0,0,0
0.18021,0,0,0,0,0,0,0,0,0,0,0,0,0,0
0.097465,0,0,0,0,0,0,0,0,0,0,0,0,0,0
0.097487,0,0,0,0,0,0,0,0,0,0,0,0,0,0
0.093845,0,0,0,0,0,0,0,0,0,0,0,0,0,0
0.097396,0,0,0,0,0,0,0,0,0,0,0,0,0,0
0.091533,0,0,0,0,0,0,0,0,0,0,0,0,0,0
0.18233,0,0,0,0,0,0,0,0,0,0,0,0,0,0
0.09565,0,0,0,0,0,0,0,0,0,0,0,0,0,0
0.091488,0,0,0,0,0,0,0,0,0,0,0,0,0,0
0.099674,0,0,0,0,0,0,0,0,0,0,0,0,0,0
0.09491,0,0,0,0,0,0,0,0,0,0,0,0,0,0
0.10408,0,0,0,0,0,0,0,0,0,0,0,0,0,0
0.18226,0,0,0,0,0,0,0,0,0,0,0,0,0,0
0.099305,0,0,0,0,0,0,0,0,0,0,0,0,0,0
0.098337,0,0,0,0,0,0,0,0,0,0,0,0,0,0
0.088882,0,0,0,0,0,0,0,0,0,0,0,0,0,0
0.10054,0,0,0,0,0,0,0,0,0,0,0,0,0,0
0.098841,0,0,0,0,0,0,0,0,0,0,0,0,0,0
0.18631,0,0,0,0,0,0,0,0,0,0,0,0,0,0
0.10623,0,0,0,0,0,0,0,0,0,0,0,0,0,0
0.097167,0,0,0,0,0,0,0,0,0,0,0,0,0,0
0.097965,0,0,0,0,0,0,0,0,0,0,0,0,0,0
0.093151,0,0,0,0,0,0,0,0,0,0,0,0,0,0
0.09355,0,0,0,0,0,0,0,0,0,0,0,0,0,0
0.18471,0,0,0,0,0,0,0,0,0,0,0,0,0,0
0.093793,0,0,0,0,0,0,0,0,0,0,0,0,0,0
0.094792,0,0,0,0,0,0,0,0,0,0,0,0,0,0
0.094496,0,0,0,0,0,0,0,0,0,0,0,0,0,0
0.093842,0,0,0,0,0,0,0,0,0,0,0,0,0,0
0.099548,0,0,0,0,0,0,0,0,0,0,0,0,0,0
0.17546,0,0,0,0,0,0,0,0,0,0,0,0,0,0
0.089386,0,0,0,0,0,0,0,0,0,0,0,0,0,0
0.094028,0,0,0,0,0,0,0,0,0,0,0,0,0,0
0.094471,0,0,0,0,0,0,0,0,0,0,0,0,0,0
0.09051,0,0,0,0,0,0,0,0,0,0,0,0,0,0
0.099548,0,0,0,0,0,0,0,0,0,0,0,0,0,0
0.17667,0,0,0,0,0,0,0,0,0,0,0,0,0,0
0.092281,0,0,0,0,0,0,0,0,0,0,0,0,0,0
0.09771,0,0,0,0,0,0,0,0,0,0,0,0,0,0
0.094963,0,0,0,0,0,0,0,0,0,0,0,0,0,0
0.10271,0,0,0,0,0,0,0,0,0,0,0,0,0,0
0.094913,0,0,0,0,0,0,0,0,0,0,0,0,0,0
0.16768,0,0,0,0,0,0,0,0,0,0,0,0,0,0
0.0845,0,0,0,0,0,0,0,0,0,0,0,0,0,0
0.082744,0,0,0,0,0,0,0,0,0,0,0,0,0,0
0.082944,0,0,0,0,0,0,0,0,0,0,0,0,0,0
0.084045,0,0,0,0,0,0,0,0,0,0,0,0,0,0
0.081566,0,0,0,0,0,0,0,0,0,0,0,0,0,0
0.15281,0,0,0,0,0,0,0,0,0,0,0,0,0,0
0.082454,0,0,0,0,0,0,0,0,0,0,0,0,0,0
0.083257,0,0,0,0,0,0,0,0,0,0,0,0,0,0
0.083574,0,0,0,0,0,0,0,0,0,0,0,0,0,0
0.083157,0,0,0,0,0,0,0,0,0,0,0,0,0,0
0.082636,0,0,0,0,0,0,0,0,0,0,0,0,0,0
0.15194,0,0,0,0,0,0,0,0,0,0,0,0,0,0
0.083167,0,0,0,0,0,0,0,0,0,0,0,0,0,0
0.083631,0,0,0,0,0,0,0,0,0,0,0,0,0,0
0.083335,0,0,0,0,0,0,0,0,0,0,0,0,0,0
0.083036,0,0,0,0,0,0,0,0,0,0,0,0,0,0
0.089154,0,0,0,0,0,0,0,0,0,0,0,0,0,0
0.15992,0,0,0,0,0,0,0,0,0,0,0,0,0,0
0.086956,0,0,0,0,0,0,0,0,0,0,0,0,0,0
0.090307,0,0,0,0,0,0,0,0,0,0,0,0,0,0
0.12171,0,0,0,0,0,0,0,0,0,0,0,0,0,0
0.1317,0,0,0,0,0,0,0,0,0,0,0,0,0,0
0.083536,0,0,0,0,0,0,0,0,0,0,0,0,0,0
0.15088,0,0,0,0,0,0,0,0,0,0,0,0,0,0
0.082713,0,0,0,0,0,0,0,0,0,0,0,0,0,0
0.084359,0,0,0,0,0,0,0,0,0,0,0,0,0,0
0.082278,0,0,0,0,0,0,0,0,0,0,0,0,0,0
0.08314,0,0,0,0,0,0,0,0,0,0,0,0,0,0
0.084569,0,0,0,0,0,0,0,0,0,0,0,0,0,0
0.15089,0,0,0,0,0,0,0,0,0,0,0,0,0,0
0.083698,0,0,0,0,0,0,0,0,0,0,0,0,0,0
0.083828,0,0,0,0,0,0,0,0,0,0,0,0,0,0
0.083921,0,0,0,0,0,0,0,0,0,0,0,0,0,0
0.087886,0,0,0,0,0,0,0,0,0,0,0,0,0,0
0.085326,0,0,0,0,0,0,0,0,0,0,0,0,0,0
0.15516,0,0,0,0,0,0,0,0,0,0,0,0,0,0
0.086407,0,0,0,0,0,0,0,0,0,0,0,0,0,0
0.087184,0,0,0,0,0,0,0,0,0,0,0,0,0,0
0.085353,0,0,0,0,0,0,0,0,0,0,0,0,0,0
0.084936,0,0,0,0,0,0,0,0,0,0,0,0,0,0
0.085078,0,0,0,0,0,0,0,0,0,0,0,0,0,0
0.1556,0,0,0,0,0,0,0,0,0,0,0,0,0,0
0.083857,0,0,0,0,0,0,0,0,0,0,0,0,0,0
0.08571,0,0,0,0,0,0,0,0,0,0,0,0,0,0
0.086247,0,0,0,0,0,0,0,0,0,0,0,0,0,0
0.084931,0,0,0,0,0,0,0,0,0,0,0,0,0,0
0.084851,0,0,0,0,0,0,0,0,0,0,0,0,0,0
0.15408,0,0,0,0,0,0,0,0,0,0,0,0,0,0
0.086071,0,0,0,0,0,0,0,0,0,0,0,0,0,0
0.085442,0,0,0,0,0,0,0,0,0,0,0,0,0,0
0.089163,0,0,0,0,0,0,0,0,0,0,0,0,0,0
0.086419,0,0,0,0,0,0,0,0,0,0,0,0,0,0
0.087047,0,0,0,0,0,0,0,0,0,0,0,0,0,0
0.15713,0,0,0,0,0,0,0,0,0,0,0,0,0,0
0.086163,0,0,0,0,0,0,0,0,0,0,0,0,0,0
0.087184,0,0,0,0,0,0,0,0,0,0,0,0,0,0
0.087366,0,0,0,0,0,0,0,0,0,0,0,0,0,0
0.088382,0,0,0,0,0,0,0,0,0,0,0,0,0,0
0.090292,0,0,0,0,0,0,0,0,0,0,0,0,0,0
0.16386,0,0,0,0,0,0,0,0,0,0,0,0,0,0
0.091889,0,0,0,0,0,0,0,0,0,0,0,0,0,0
0.091742,0,0,0,0,0,0,0,0,0,0,0,0,0,0
0.089377,0,0,0,0,0,0,0,0,0,0,0,0,0,0
0.091891,0,0,0,0,0,0,0,0,0,0,0,0,0,0
0.08934,0,0,0,0,0,0,0,0,0,0,0,0,0,0
0.1636,0,0,0,0,0,0,0,0,0,0,0,0,0,0
0.089239,0,0,0,0,0,0,0,0,0,0,0,0,0,0
0.092049,0,0,0,0,0,0,0,0,0,0,0,0,0,0
0.090206,0,0,0,0,0,0,0,0,0,0,0,0,0,0
0.090493,0,0,0,0,0,0,0,0,0,0,0,0,0,0
0.089912,0,0,0,0,0,0,0,0,0,0,0,0,0,0
0.16428,0,0,0,0,0,0,0,0,0,0,0,0,0,0
0.091096,0,0,0,0,0,0,0,0,0,0,0,0,0,0
0.091521,0,0,0,0,0,0,0,0,0,0,0,0,0,0
0.09207,0,0,0,0,0,0,0,0,0,0,0,0,0,0
0.09258,0,0,0,0,0,0,0,0,0,0,0,0,0,0
0.0965,0,0,0,0,0,0,0,0,0,0,0,0,0,0
0.16747,0,0,0,0,0,0,0,0,0,0,0,0,0,0
0.094338,0,0,0,0,0,0,0,0,0,0,0,0,0,0
0.093087,0,0,0,0,0,0,0,0,0,0,0,0,0,0
0.093555,0,0,0,0,0,0,0,0,0,0,0,0,0,0
0.093992,0,0,0,0,0,0,0,0,0,0,0,0,0,0
0.09187,0,0,0,0,0,0,0,0,0,0,0,0,0,0
0.1665,0,0,0,0,0,0,0,0,0,0,0,0,0,0
0.092192,0,0,0,0,0,0,0,0,0,0,0,0,0,0
0.094396,0,0,0,0,0,0,0,0,0,0,0,0,0,0
0.09444,0,0,0,0,0,0,0,0,0,0,0,0,0,0
0.094466,0,0,0,0,0,0,0,0,0,0,0,0,0,0
0.096742,0,0,0,0,0,0,0,0,0,0,0,0,0,0
0.16954,0,0,0,0,0,0,0,0,0,0,0,0,0,0
0.095211,0,0,0,0,0,0,0,0,0,0,0,0,0,0
0.095721,0,0,0,0,0,0,0,0,0,0,0,0,0,0
0.096457,0,0,0,0,0,0,0,0,0,0,0,0,0,0
0.093932,0,0,0,0,0,0,0,0,0,0,0,0,0,0
0.094464,0,0,0,0,0,0,0,0,0,0,0,0,0,0
0.16753,0,0,0,0,0,0,0,0,0,0,0,0,0,0
0.092345,0,0,0,0,0,0,0,0,0,0,0,0,0,0
0.093929,0,0,0,0,0,0,0,0,0,0,0,0,0,0
0.092229,0,0,0,0,0,0,0,0,0,0,0,0,0,0
0.092699,0,0,0,0,0,0,0,0,0,0,0,0,0,0
0.0927,0,0,0,0,0,0,0,0,0,0,0,0,0,0
0.1677,0,0,0,0,0,0,0,0,0,0,0,0,0,0
0.093532,0,0,0,0,0,0,0,0,0,0,0,0,0,0
0.093346,0,0,0,0,0,0,0,0,0,0,0,0,0,0
0.18851,0,0,0,0,0,0,0,0,0,0,0,0,0,0
0.14318,0,0,0,0,0,0,0,0,0,0,0,0,0,0
0.096401,0,0,0,0,0,0,0,0,0,0,0,0,0,0
0.17826,0,0,0,0,0,0,0,0,0,0,0,0,0,0
0.093464,0,0,0,0,0,0,0,0,0,0,0,0,0,0
0.097127,0,0,0,0,0,0,0,0,0,0,0,0,0,0
0.093472,0,0,0,0,0,0,0,0,0,0,0,0,0,0
0.092299,0,0,0,0,0,0,0,0,0,0,0,0,0,0
0.091442,0,0,0,0,0,0,0,0,0,0,0,0,0,0
0.16447,0,0,0,0,0,0,0,0,0,0,0,0,0,0
0.092323,0,0,0,0,0,0,0,0,0,0,0,0,0,0
0.092456,0,0,0,0,0,0,0,0,0,0,0,0,0,0
0.091226,0,0,0,0,0,0,0,0,0,0,0,0,0,0
0.093524,0,0,0,0,0,0,0,0,0,0,0,0,0,0
0.090969,0,0,0,0,0,0,0,0,0,0,0,0,0,0
0.16277,0,0,0,0,0,0,0,0,0,0,0,0,0,0
0.091209,0,0,0,0,0,0,0,0,0,0,0,0,0,0
0.093484,0,0,0,0,0,0,0,0,0,0,0,0,0,0
0.091381,0,0,0,0,0,0,0,0,0,0,0,0,0,0
0.089679,0,0,0,0,0,0,0,0,0,0,0,0,0,0
0.091115,0,0,0,0,0,0,0,0,0,0,0,0,0,0
0.15946,0,0,0,0,0,0,0,0,0,0,0,0,0,0
0.091501,0,0,0,0,0,0,0,0,0,0,0,0,0,0
0.089405,0,0,0,0,0,0,0,0,0,0,0,0,0,0
0.0904,0,0,0,0,0,0,0,0,0,0,0,0,0,0
0.089418,0,0,0,0,0,0,0,0,0,0,0,0,0,0
0.090225,0,0,0,0,0,0,0,0,0,0,0,0,0,0
0.16529,0,0,0,0,0,0,0,0,0,0,0,0,0,0
0.090459,0,0,0,0,0,0,0,0,0,0,0,0,0,0
0.093913,0,0,0,0,0,0,0,0,0,0,0,0,0,0
0.095208,0,0,0,0,0,0,0,0,0,0,0,0,0,0
0.093945,0,0,0,0,0,0,0,0,0,0,0,0,0,0
0.09216,0,0,0,0,0,0,0,0,0,0,0,0,0,0
0.16194,0,0,0,0,0,0,0,0,0,0,0,0,0,0
0.09484,0,0,0,0,0,0,0,0,0,0,0,0,0,0
0.095498,0,0,0,0,0,0,0,0,0,0,0,0,0,0
0.094217,0,0,0,0,0,0,0,0,0,0,0,0,0,0
0.098362,0,0,0,0,0,0,0,0,0,0,0,0,0,0
0.096681,0,0,0,0,0,0,0,0,0,0,0,0,0,0
0.17075,0,0,0,0,0,0,0,0,0,0,0,0,0,0
0.09843,0,0,0,0,0,0,0,0,0,0,0,0,0,0
0.095107,0,0,0,0,0,0,0,0,0,0,0,0,0,0
0.094167,0,0,0,0,0,0,0,0,0,0,0,0,0,0
0.095053,0,0,0,0,0,0,0,0,0,0,0,0,0,0
0.09879,0,0,0,0,0,0,0,0,0,0,0,0,0,0
0.16994,0,0,0,0,0,0,0,0,0,0,0,0,0,0
0.096113,0,0,0,0,0,0,0,0,0,0,0,0,0,0
0.093467,0,0,0,0,0,0,0,0,0,0,0,0,0,0
0.093945,0,0,0,0,0,0,0,0,0,0,0,0,0,0
0.095574,0,0,0,0,0,0,0,0,0,0,0,0,0,0
0.095513,0,0,0,0,0,0,0,0,0,0,0,0,0,0
0.17618,0,0,0,0,0,0,0,0,0,0,0,0,0,0
0.094913,0,0,0,0,0,0,0,0,0,0,0,0,0,0
0.092121,0,0,0,0,0,0,0,0,0,0,0,0,0,0
0.091166,0,0,0,0,0,0,0,0,0,0,0,0,0,0
0.09158,0,0,0,0,0,0,0,0,0,0,0,0,0,0
0.097169,0,0,0,0,0,0,0,0,0,0,0,0,0,0
0.16724,0,0,0,0,0,0,0,0,0,0,0,0,0,0
0.093938,0,0,0,0,0,0,0,0,0,0,0,0,0,0
0.09327,0,0,0,0,0,0,0,0,0,0,0,0,0,0
0.096003,0,0,0,0,0,0,0,0,0,0,0,0,0,0
0.093887,0,0,0,0,0,0,0,0,0,0,0,0,0,0
0.093271,0,0,0,0,0,0,0,0,0,0,0,0,0,0
0.16402,0,0,0,0,0,0,0,0,0,0,0,0,0,0
0.097692,0,0,0,0,0,0,0,0,0,0,0,0,0,0
0.094982,0,0,0,0,0,0,0,0,0,0,0,0,0,0
0.094257,0,0,0,0,0,0,0,0,0,0,0,0,0,0
0.096523,0,0,0,0,0,0,0,0,0,0,0,0,0,0
0.095748,0,0,0,0,0,0,0,0,0,0,0,0,0,0
0.17602,0,0,0,0,0,0,0,0,0,0,0,0,0,0
0.095162,0,0,0,0,0,0,0,0,0,0,0,0,0,0
0.095694,0,0,0,0,0,0,0,0,0,0,0,0,0,0
0.093667,0,0,0,0,0,0,0,0,0,0,0,0,0,0
0.094383,0,0,0,0,0,0,0,0,0,0,0,0,0,0
0.09616,0,0,0,0,0,0,0,0,0,0,0,0,0,0
0.17339,0,0,0,0,0,0,0,0,0,0,0,0,0,0
0.095085,0,0,0,0,0,0,0,0,0,0,0,0,0,0
0.094363,0,0,0,0,0,0,0,0,0,0,0,0,0,0
0.097215,0,0,0,0,0,0,0,0,0,0,0,0,0,0
0.095678,0,0,0,0,0,0,0,0,0,0,0,0,0,0
0.094559,0,0,0,0,0,0,0,0,0,0,0,0,0,0
0.17336,0,0,0,0,0,0,0,0,0,0,0,0,0,0
0.095589,0,0,0,0,0,0,0,0,0,0,0,0,0,0
0.098421,0,0,0,0,0,0,0,0,0,0,0,0,0,0
0.096725,0,0,0,0,0,0,0,0,0,0,0,0,0,0
0.094786,0,0,0,0,0,0,0,0,0,0,0,0,0,0
0.09527,0,0,0,0,0,0,0,0,0,0,0,0,0,0
0.1745,0,0,0,0,0,0,0,0,0,0,0,0,0,0
0.095081,0,0,0,0,0,0,0,0,0,0,0,0,0,0
0.095121,0,0,0,0,0,0,0,0,0,0,0,0,0,0
0.096572,0,0,0,0,0,0,0,0,0,0,0,0,0,0
0.096865,0,0,0,0,0,0,0,0,0,0,0,0,0,0
0.095396,0,0,0,0,0,0,0,0,0,0,0,0,0,0
0.17355,0,0,0,0,0,0,0,0,0,0,0,0,0,0
0.094619,0,0,0,0,0,0,0,0,0,0,0,0,0,0
0.095605,0,0,0,0,0,0,0,0,0,0,0,0,0,0
0.095037,0,0,0,0,0,0,0,0,0,0,0,0,0,0
0.095507,0,0,0,0,0,0,0,0,0,0,0,0,0,0
0.096213,0,0,0,0,0,0,0,0,0,0,0,0,0,0
0.17208,0,0,0,0,0,0,0,0,0,0,0,0,0,0
0.095597,0,0,0,0,0,0,0,0,0,0,0,0,0,0
0.097509,0,0,0,0,0,0,0,0,0,0,0,0,0,0
0.095623,0,0,0,0,0,0,0,0,0,0,0,0,0,0
0.096768,0,0,0,0,0,0,0,0,0,0,0,0,0,0
0.096141,0,0,0,0,0,0,0,0,0,0,0,0,0,0
0.17414,0,0,0,0,0,0,0,0,0,0,0,0,0,0
0.09406,0,0,0,0,0,0,0,0,0,0,0,0,0,0
0.094706,0,0,0,0,0,0,0,0,0,0,0,0,0,0
0.094077,0,0,0,0,0,0,0,0,0,0,0,0,0,0
0.093822,0,0,0,0,0,0,0,0,0,0,0,0,0,0
0.093536,0,0,0,0,0,0,0,0,0,0,0,0,0,0
0.17405,0,0,0,0,0,0,0,0,0,0,0,0,0,0
0.09764,0,0,0,0,0,0,0,0,0,0,0,0,0,0
0.094507,0,0,0,0,0,0,0,0,0,0,0,0,0,0
0.091225,0,0,0,0,0,0,0,0,0,0,0,0,0,0
0.096751,0,0,0,0,0,0,0,0,0,0,0,0,0,0
0.092752,0,0,0,0,0,0,0,0,0,0,0,0,0,0
0.17683,0,0,0,0,0,0,0,0,0,0,0,0,0,0
0.098705,0,0,0,0,0,0,0,0,0,0,0,0,0,0
0.10094,0,0,0,0,0,0,0,0,0,0,0,0,0,0
0.093552,0,0,0,0,0,0,0,0,0,0,0,0,0,0
0.094479,0,0,0,0,0,0,0,0,0,0,0,0,0,0
0.09756,0,0,0,0,0,0,0,0,0,0,0,0,0,0
0.17777,0,0,0,0,0,0,0,0,0,0,0,0,0,0
0.098488,0,0,0,0,0,0,0,0,0,0,0,0,0,0
0.096866,0,0,0,0,0,0,0,0,0,0,0,0,0,0
0.094977,0,0,0,0,0,0,0,0,0,0,0,0,0,0
0.10047,0,0,0,0,0,0,0,0,0,0,0,0,0,0
0.10201,0,0,0,0,0,0,0,0,0,0,0,0,0,0
0.1885,0,0,0,0,0,0,0,0,0,0,0,0,0,0
0.10103,0,0,0,0,0,0,0,0,0,0,0,0,0,0
0.098158,0,0,0,0,0,0,0,0,0,0,0,0,0,0
0.10222,0,0,0,0,0,0,0,0,0,0,0,0,0,0
0.10332,0,0,0,0,0,0,0,0,0,0,0,0,0,0
0.10651,0,0,0,0,0,0,0,0,0,0,0,0,0,0
0.19169,0,0,0,0,0,0,0,0,0,0,0,0,0,0
0.10068,0,0,0,0,0,0,0,0,0,0,0,0,0,0
0.10506,0,0,0,0,0,0,0,0,0,0,0,0,0,0
0.10319,0,0,0,0,0,0,0,0,0,0,0,0,0,0
0.10593,0,0,0,0,0,0,0,0,0,0,0,0,0,0
0.10638,0,0,0,0,0,0,0,0,0,0,0,0,0,0
0.18369,0,0,0,0,0,0,0,0,0,0,0,0,0,0
0.099846,0,0,0,0,0,0,0,0,0,0,0,0,0,0
0.10413,0,0,0,0,0,0,0,0,0,0,0,0,0,0
0.105,0,0,0,0,0,0,0,0,0,0,0,0,0,0
0.10318,0,0,0,0,0,0,0,0,0,0,0,0,0,0
0.094764,0,0,0,0,0,0,0,0,0,0,0,0,0,0
0.19129,0,0,0,0,0,0,0,0,0,0,0,0,0,0
0.1,0,0,0,0,0,0,0,0,0,0,0,0,0,0
0.10815,0,0,0,0,0,0,0,0,0,0,0,0,0,0
0.10018,0,0,0,0,0,0,0,0,0,0,0,0,0,0
0.10168,0,0,0,0,0,0,0,0,0,0,0,0,0,0
0.099799,0,0,0,0,0,0,0,0,0,0,0,0,0,0
0.18135,0,0,0,0,0,0,0,0,0,0,0,0,0,0
0.10011,0,0,0,0,0,0,0,0,0,0,0,0,0,0
0.09825,0,0,0,0,0,0,0,0,0,0,0,0,0,0
0.099298,0,0,0,0,0,0,0,0,0,0,0,0,0,0
0.10407,0,0,0,0,0,0,0,0,0,0,0,0,0,0
0.1008,0,0,0,0,0,0,0,0,0,0,0,0,0,0
0.18726,0,0,0,0,0,0,0,0,0,0,0,0,0,0
0.097432,0,0,0,0,0,0,0,0,0,0,0,0,0,0
0.096406,0,0,0,0,0,0,0,0,0,0,0,0,0,0
0.10721,0,0,0,0,0,0,0,0,0,0,0,0,0,0
0.099898,0,0,0,0,0,0,0,0,0,0,0,0,0,0
0.10173,0,0,0,0,0,0,0,0,0,0,0,0,0,0
0.18997,0,0,0,0,0,0,0,0,0,0,0,0,0,0
0.10671,0,0,0,0,0,0,0,0,0,0,0,0,0,0
0.1038,0,0,0,0,0,0,0,0,0,0,0,0,0,0
0.098495,0,0,0,0,0,0,0,0,0,0,0,0,0,0
0.10081,0,0,0,0,0,0,0,0,0,0,0,0,0,0
0.10383,0,0,0,0,0,0,0,0,0,0,0,0,0,0
0.18311,0,0,0,0,0,0,0,0,0,0,0,0,0,0
0.10156,0,0,0,0,0,0,0,0,0,0,0,0,0,0
0.093227,0,0,0,0,0,0,0,0,0,0,0,0,0,0
0.09846,0,0,0,0,0,0,0,0,0,0,0,0,0,0
0.098343,0,0,0,0,0,0,0,0,0,0,0,0,0,0
0.097447,0,0,0,0,0,0,0,0,0,0,0,0,0,0
0.18015,0,0,0,0,0,0,0,0,0,0,0,0,0,0
0.10239,0,0,0,0,0,0,0,0,0,0,0,0,0,0
0.097786,0,0,0,0,0,0,0,0,0,0,0,0,0,0
0.098492,0,0,0,0,0,0,0,0,0,0,0,0,0,0
0.093665,0,0,0,0,0,0,0,0,0,0,0,0,0,0
0.09744,0,0,0,0,0,0,0,0,0,0,0,0,0,0
0.18738,0,0,0,0,0,0,0,0,0,0,0,0,0,0
0.096997,0,0,0,0,0,0,0,0,0,0,0,0,0,0
0.10013,0,0,0,0,0,0,0,0,0,0,0,0,0,0
0.097588,0,0,0,0,0,0,0,0,0,0,0,0,0,0
0.10249,0,0,0,0,0,0,0,0,0,0,0,0,0,0
0.09753,0,0,0,0,0,0,0,0,0,0,0,0,0,0
0.20455,0,0,0,0,0,0,0,0,0,0,0,0,0,0
0.10407,0,0,0,0,0,0,0,0,0,0,0,0,0,0
0.10175,0,0,0,0,0,0,0,0,0,0,0,0,0,0
0.10987,0,0,0,0,0,0,0,0,0,0,0,0,0,0
0.10295,0,0,0,0,0,0,0,0,0,0,0,0,0,0
0.10139,0,0,0,0,0,0,0,0,0,0,0,0,0,0
0.20327,0,0,0,0,0,0,0,0,0,0,0,0,0,0
0.097253,0,0,0,0,0,0,0,0,0,0,0,0,0,0
0.10244,0,0,0,0,0,0,0,0,0,0,0,0,0,0
0.10032,0,0,0,0,0,0,0,0,0,0,0,0,0,0
0.10155,0,0,0,0,0,0,0,0,0,0,0,0,0,0
0.099106,0,0,0,0,0,0,0,0,0,0,0,0,0,0
0.17704,0,0,0,0,0,0,0,0,0,0,0,0,0,0
0.10143,0,0,0,0,0,0,0,0,0,0,0,0,0,0
0.10248,0,0,0,0,0,0,0,0,0,0,0,0,0,0
0.098986,0,0,0,0,0,0,0,0,0,0,0,0,0,0
0.10502,0,0,0,0,0,0,0,0,0,0,0,0,0,0
0.098057,0,0,0,0,0,0,0,0,0,0,0,0,0,0
0.19115,0,0,0,0,0,0,0,0,0,0,0,0,0,0
0.10721,0,0,0,0,0,0,0,0,0,0,0,0,0,0
0.11175,0,0,0,0,0,0,0,0,0,0,0,0,0,0
0.10147,0,0,0,0,0,0,0,0,0,0,0,0,0,0
0.10607,0,0,0,0,0,0,0,0,0,0,0,0,0,0
0.10102,0,0,0,0,0,0,0,0,0,0,0,0,0,0
0.1878,0,0,0,0,0,0,0,0,0,0,0,0,0,0
0.10729,0,0,0,0,0,0,0,0,0,0,0,0,0,0
0.098273,0,0,0,0,0,0,0,0,0,0,0,0,0,0
0.10842,0,0,0,0,0,0,0,0,0,0,0,0,0,0
0.1054,0,0,0,0,0,0,0,0,0,0,0,0,0,0
0.10413,0,0,0,0,0,0,0,0,0,0,0,0,0,0
0.18114,0,0,0,0,0,0,0,0,0,0,0,0,0,0
0.098378,0,0,0,0,0,0,0,0,0,0,0,0,0,0
0.099149,0,0,0,0,0,0,0,0,0,0,0,0,0,0
0.10443,0,0,0,0,0,0,0,0,0,0,0,0,0,0
0.10076,0,0,0,0,0,0,0,0,0,0,0,0,0,0
0.099723,0,0,0,0,0,0,0,0,0,0,0,0,0,0
0.18296,0,0,0,0,0,0,0,0,0,0,0,0,0,0
0.099302,0,0,0,0,0,0,0,0,0,0,0,0,0,0
0.10328,0,0,0,0,0,0,0,0,0,0,0,0,0,0
0.098682,0,0,0,0,0,0,0,0,0,0,0,0,0,0
0.10016,0,0,0,0,0,0,0,0,0,0,0,0,0,0
0.097552,0,0,0,0,0,0,0,0,0,0,0,0,0,0
0.18114,0,0,0,0,0,0,0,0,0,0,0,0,0,0
0.09844,0,0,0,0,0,0,0,0,0,0,0,0,0,0
0.093734,0,0,0,0,0,0,0,0,0,0,0,0,0,0
0.10349,0,0,0,0,0,0,0,0,0,0,0,0,0,0
0.096929,0,0,0,0,0,0,0,0,0,0,0,0,0,0
0.10188,0,0,0,0,0,0,0,0,0,0,0,0,0,0
0.17964,0,0,0,0,0,0,0,0,0,0,0,0,0,0
0.10181,0,0,0,0,0,0,0,0,0,0,0,0,0,0
0.099708,0,0,0,0,0,0,0,0,0,0,0,0,0,0
0.098969,0,0,0,0,0,0,0,0,0,0,0,0,0,0
0.095628,0,0,0,0,0,0,0,0,0,0,0,0,0,0
0.1039,0,0,0,0,0,0,0,0,0,0,0,0,0,0
0.18236,0,0,0,0,0,0,0,0,0,0,0,0,0,0
0.096808,0,0,0,0,0,0,0,0,0,0,0,0,0,0
0.10008,0,0,0,0,0,0,0,0,0,0,0,0,0,0
0.09797,0,0,0,0,0,0,0,0,0,0,0,0,0,0
0.1001,0,0,0,0,0,0,0,0,0,0,0,0,0,0
0.098956,0,0,0,0,0,0,0,0,0,0,0,0,0,0
0.17769,0,0,0,0,0,0,0,0,0,0,0,0,0,0
0.097465,0,0,0,0,0,0,0,0,0,0,0,0,0,0
0.099408,0,0,0,0,0,0,0,0,0,0,0,0,0,0
0.10171,0,0,0,0,0,0,0,0,0,0,0,0,0,0
0.094919,0,0,0,0,0,0,0,0,0,0,0,0,0,0
0.10065,0,0,0,0,0,0,0,0,0,0,0,0,0,0
0.1827,0,0,0,0,0,0,0,0,0,0,0,0,0,0
0.10586,0,0,0,0,0,0,0,0,0,0,0,0,0,0
0.098678,0,0,0,0,0,0,0,0,0,0,0,0,0,0
0.10072,0,0,0,0,0,0,0,0,0,0,0,0,0,0
0.099814,0,0,0,0,0,0,0,0,0,0,0,0,0,0
0.098803,0,0,0,0,0,0,0,0,0,0,0,0,0,0
0.18066,0,0,0,0,0,0,0,0,0,0,0,0,0,0
0.10129,0,0,0,0,0,0,0,0,0,0,0,0,0,0
0.099012,0,0,0,0,0,0,0,0,0,0,0,0,0,0
0.098244,0,0,0,0,0,0,0,0,0,0,0,0,0,0
0.098366,0,0,0,0,0,0,0,0,0,0,0,0,0,0
0.095989,0,0,0,0,0,0,0,0,0,0,0,0,0,0
0.17824,0,0,0,0,0,0,0,0,0,0,0,0,0,0
0.094027,0,0,0,0,0,0,0,0,0,0,0,0,0,0
0.10243,0,0,0,0,0,0,0,0,0,0,0,0,0,0
0.094277,0,0,0,0,0,0,0,0,0,0,0,0,0,0
0.093311,0,0,0,0,0,0,0,0,0,0,0,0,0,0
0.096181,0,0,0,0,0,0,0,0,0,0,0,0,0,0
0.19284,0,0,0,0,0,0,0,0,0,0,0,0,0,0
0.10111,0,0,0,0,0,0,0,0,0,0,0,0,0,0
0.10651,0,0,0,0,0,0,0,0,0,0,0,0,0,0
0.10026,0,0,0,0,0,0,0,0,0,0,0,0,0,0
0.097363,0,0,0,0,0,0,0,0,0,0,0,0,0,0
0.10826,0,0,0,0,0,0,0,0,0,0,0,0,0,0
0.18673,0,0,0,0,0,0,0,0,0,0,0,0,0,0
0.10305,0,0,0,0,0,0,0,0,0,0,0,0,0,0
0.1005,0,0,0,0,0,0,0,0,0,0,0,0,0,0
0.098306,0,0,0,0,0,0,0,0,0,0,0,0,0,0
0.098162,0,0,0,0,0,0,0,0,0,0,0,0,0,0
0.10561,0,0,0,0,0,0,0,0,0,0,0,0,0,0
0.1832,0,0,0,0,0,0,0,0,0,0,0,0,0,0
0.10522,0,0,0,0,0,0,0,0,0,0,0,0,0,0
0.10129,0,0,0,0,0,0,0,0,0,0,0,0,0,0
0.10354,0,0,0,0,0,0,0,0,0,0,0,0,0,0
0.10034,0,0,0,0,0,0,0,0,0,0,0,0,0,0
0.10468,0,0,0,0,0,0,0,0,0,0,0,0,0,0
0.18541,0,0,0,0,0,0,0,0,0,0,0,0,0,0
0.10217,0,0,0,0,0,0,0,0,0,0,0,0,0,0
0.10171,0,0,0,0,0,0,0,0,0,0,0,0,0,0
0.096349,0,0,0,0,0,0,0,0,0,0,0,0,0,0
0.097002,0,0,0,0,0,0,0,0,0,0,0,0,0,0
0.10248,0,0,0,0,0,0,0,0,0,0,0,0,0,0
0.18317,0,0,0,0,0,0,0,0,0,0,0,0,0,0
0.098963,0,0,0,0,0,0,0,0,0,0,0,0,0,0
0.10252,0,0,0,0,0,0,0,0,0,0,0,0,0,0
0.10107,0,0,0,0,0,0,0,0,0,0,0,0,0,0
0.10129,0,0,0,0,0,0,0,0,0,0,0,0,0,0
0.095442,0,0,0,0,0,0,0,0,0,0,0,0,0,0
0.18244,0,0,0,0,0,0,0,0,0,0,0,0,0,0
0.094645,0,0,0,0,0,0,0,0,0,0,0,0,0,0
0.096549,0,0,0,0,0,0,0,0,0,0,0,0,0,0
0.099444,0,0,0,0,0,0,0,0,0,0,0,0,0,0
0.092883,0,0,0,0,0,0,0,0,0,0,0,0,0,0
0.091489,0,0,0,0,0,0,0,0,0,0,0,0,0,0
0.17242,0,0,0,0,0,0,0,0,0,0,0,0,0,0
0.10016,0,0,0,0,0,0,0,0,0,0,0,0,0,0
0.099429,0,0,0,0,0,0,0,0,0,0,0,0,0,0
0.097397,0,0,0,0,0,0,0,0,0,0,0,0,0,0
0.093541,0,0,0,0,0,0,0,0,0,0,0,0,0,0
0.089956,0,0,0,0,0,0,0,0,0,0,0,0,0,0
0.17362,0,0,0,0,0,0,0,0,0,0,0,0,0,0
0.09762,0,0,0,0,0,0,0,0,0,0,0,0,0,0
0.094142,0,0,0,0,0,0,0,0,0,0,0,0,0,0
0.097879,0,0,0,0,0,0,0,0,0,0,0,0,0,0
0.098011,0,0,0,0,0,0,0,0,0,0,0,0,0,0
0.093801,0,0,0,0,0,0,0,0,0,0,0,0,0,0
0.15879,0,0,0,0,0,0,0,0,0,0,0,0,0,0
0.088766,0,0,0,0,0,0,0,0,0,0,0,0,0,0
0.088958,0,0,0,0,0,0,0,0,0,0,0,0,0,0
0.087347,0,0,0,0,0,0,0,0,0,0,0,0,0,0
0.088621,0,0,0,0,0,0,0,0,0,0,0,0,0,0
0.089885,0,0,0,0,0,0,0,0,0,0,0,0,0,0
0.15805,0,0,0,0,0,0,0,0,0,0,0,0,0,0
0.088803,0,0,0,0,0,0,0,0,0,0,0,0,0,0
0.088893,0,0,0,0,0,0,0,0,0,0,0,0,0,0
0.088715,0,0,0,0,0,0,0,0,0,0,0,0,0,0
0.092018,0,0,0,0,0,0,0,0,0,0,0,0,0,0
0.088902,0,0,0,0,0,0,0,0,0,0,0,0,0,0
0.16077,0,0,0,0,0,0,0,0,0,0,0,0,0,0
0.090942,0,0,0,0,0,0,0,0,0,0,0,0,0,0
0.090084,0,0,0,0,0,0,0,0,0,0,0,0,0,0
0.093482,0,0,0,0,0,0,0,0,0,0,0,0,0,0
0.092977,0,0,0,0,0,0,0,0,0,0,0,0,0,0
0.092611,0,0,0,0,0,0,0,0,0,0,0,0,0,0
0.16352,0,0,0,0,0,0,0,0,0,0,0,0,0,0
0.13202,0,0,0,0,0,0,0,0,0,0,0,0,0,0
0.13849,0,0,0,0,0,0,0,0,0,0,0,0,0,0
0.088048,0,0,0,0,0,0,0,0,0,0,0,0,0,0
0.089844,0,0,0,0,0,0,0,0,0,0,0,0,0,0
0.088203,0,0,0,0,0,0,0,0,0,0,0,0,0,0
0.15815,0,0,0,0,0,0,0,0,0,0,0,0,0,0
0.088202,0,0,0,0,0,0,0,0,0,0,0,0,0,0
0.089685,0,0,0,0,0,0,0,0,0,0,0,0,0,0
0.093394,0,0,0,0,0,0,0,0,0,0,0,0,0,0
0.087951,0,0,0,0,0,0,0,0,0,0,0,0,0,0
0.088503,0,0,0,0,0,0,0,0,0,0,0,0,0,0
0.15708,0,0,0,0,0,0,0,0,0,0,0,0,0,0
0.094624,0,0,0,0,0,0,0,0,0,0,0,0,0,0
0.092595,0,0,0,0,0,0,0,0,0,0,0,0,0,0
0.090954,0,0,0,0,0,0,0,0,0,0,0,0,0,0
0.091521,0,0,0,0,0,0,0,0,0,0,0,0,0,0
0.091105,0,0,0,0,0,0,0,0,0,0,0,0,0,0
0.15975,0,0,0,0,0,0,0,0,0,0,0,0,0,0
0.090307,0,0,0,0,0,0,0,0,0,0,0,0,0,0
0.091986,0,0,0,0,0,0,0,0,0,0,0,0,0,0
0.090306,0,0,0,0,0,0,0,0,0,0,0,0,0,0
0.088772,0,0,0,0,0,0,0,0,0,0,0,0,0,0
0.087939,0,0,0,0,0,0,0,0,0,0,0,0,0,0
0.16039,0,0,0,0,0,0,0,0,0,0,0,0,0,0
0.090386,0,0,0,0,0,0,0,0,0,0,0,0,0,0
0.091045,0,0,0,0,0,0,0,0,0,0,0,0,0,0
0.091385,0,0,0,0,0,0,0,0,0,0,0,0,0,0
0.091628,0,0,0,0,0,0,0,0,0,0,0,0,0,0
0.092456,0,0,0,0,0,0,0,0,0,0,0,0,0,0
0.16232,0,0,0,0,0,0,0,0,0,0,0,0,0,0
0.09345,0,0,0,0,0,0,0,0,0,0,0,0,0,0
0.093019,0,0,0,0,0,0,0,0,0,0,0,0,0,0
0.096159,0,0,0,0,0,0,0,0,0,0,0,0,0,0
0.092033,0,0,0,0,0,0,0,0,0,0,0,0,0,0
0.093491,0,0,0,0,0,0,0,0,0,0,0,0,0,0
0.16391,0,0,0,0,0,0,0,0,0,0,0,0,0,0
0.10685,0,0,0,0,0,0,0,0,0,0,0,0,0,0
0.10388,0,0,0,0,0,0,0,0,0,0,0,0,0,0
0.091387,0,0,0,0,0,0,0,0,0,0,0,0,0,0
0.093759,0,0,0,0,0,0,0,0,0,0,0,0,0,0
0.09266,0,0,0,0,0,0,0,0,0,0,0,0,0,0
0.16113,0,0,0,0,0,0,0,0,0,0,0,0,0,0
0.090091,0,0,0,0,0,0,0,0,0,0,0,0,0,0
0.10031,0,0,0,0,0,0,0,0,0,0,0,0,0,0
0.092805,0,0,0,0,0,0,0,0,0,0,0,0,0,0
0.091957,0,0,0,0,0,0,0,0,0,0,0,0,0,0
0.09106,0,0,0,0,0,0,0,0,0,0,0,0,0,0
0.166,0,0,0,0,0,0,0,0,0,0,0,0,0,0
0.094443,0,0,0,0,0,0,0,0,0,0,0,0,0,0
0.093788,0,0,0,0,0,0,0,0,0,0,0,0,0,0
0.091823,0,0,0,0,0,0,0,0,0,0,0,0,0,0
0.093775,0,0,0,0,0,0,0,0,0,0,0,0,0,0
0.093543,0,0,0,0,0,0,0,0,0,0,0,0,0,0
0.16879,0,0,0,0,0,0,0,0,0,0,0,0,0,0
0.091154,0,0,0,0,0,0,0,0,0,0,0,0,0,0
0.093753,0,0,0,0,0,0,0,0,0,0,0,0,0,0
0.095545,0,0,0,0,0,0,0,0,0,0,0,0,0,0
0.092917,0,0,0,0,0,0,0,0,0,0,0,0,0,0
0.093677,0,0,0,0,0,0,0,0,0,0,0,0,0,0
0.16481,0,0,0,0,0,0,0,0,0,0,0,0,0,0
0.093862,0,0,0,0,0,0,0,0,0,0,0,0,0,0
0.094225,0,0,0,0,0,0,0,0,0,0,0,0,0,0
0.093078,0,0,0,0,0,0,0,0,0,0,0,0,0,0
0.095184,0,0,0,0,0,0,0,0,0,0,0,0,0,0
0.09248,0,0,0,0,0,0,0,0,0,0,0,0,0,0
0.16993,0,0,0,0,0,0,0,0,0,0,0,0,0,0
0.09247,0,0,0,0,0,0,0,0,0,0,0,0,0,0
0.094155,0,0,0,0,0,0,0,0,0,0,0,0,0,0
0.092993,0,0,0,0,0,0,0,0,0,0,0,0,0,0
0.09259,0,0,0,0,0,0,0,0,0,0,0,0,0,0
0.091806,0,0,0,0,0,0,0,0,0,0,0,0,0,0
0.16539,0,0,0,0,0,0,0,0,0,0,0,0,0,0
0.090393,0,0,0,0,0,0,0,0,0,0,0,0,0,0
0.091421,0,0,0,0,0,0,0,0,0,0,0,0,0,0
0.09048,0,0,0,0,0,0,0,0,0,0,0,0,0,0
0.09084,0,0,0,0,0,0,0,0,0,0,0,0,0,0
0.090202,0,0,0,0,0,0,0,0,0,0,0,0,0,0
