11.921,0,0,0,0,0,0,0,0,0,0,0,0,0,0
0.3321,0,0,0,0,0,0,0,0,0,0,0,0,0,0
0.16588,0,0,0,0,0,0,0,0,0,0,0,0,0,0
0.099202,0,0,0,0,0,0,0,0,0,0,0,0,0,0
0.12876,0,0,0,0,0,0,0,0,0,0,0,0,0,0
0.11085,0,0,0,0,0,0,0,0,0,0,0,0,0,0
0.29455,0,0,0,0,0,0,0,0,0,0,0,0,0,0
0.10228,0,0,0,0,0,0,0,0,0,0,0,0,0,0
0.10065,0,0,0,0,0,0,0,0,0,0,0,0,0,0
0.1026,0,0,0,0,0,0,0,0,0,0,0,0,0,0
0.1039,0,0,0,0,0,0,0,0,0,0,0,0,0,0
0.10062,0,0,0,0,0,0,0,0,0,0,0,0,0,0
0.19128,0,0,0,0,0,0,0,0,0,0,0,0,0,0
0.10226,0,0,0,0,0,0,0,0,0,0,0,0,0,0
0.10494,0,0,0,0,0,0,0,0,0,0,0,0,0,0
0.10115,0,0,0,0,0,0,0,0,0,0,0,0,0,0
0.10185,0,0,0,0,0,0,0,0,0,0,0,0,0,0
0.10252,0,0,0,0,0,0,0,0,0,0,0,0,0,0
0.1804,0,0,0,0,0,0,0,0,0,0,0,0,0,0
0.10097,0,0,0,0,0,0,0,0,0,0,0,0,0,0
0.1034,0,0,0,0,0,0,0,0,0,0,0,0,0,0
0.10352,0,0,0,0,0,0,0,0,0,0,0,0,0,0
0.10232,0,0,0,0,0,0,0,0,0,0,0,0,0,0
0.10275,0,0,0,0,0,0,0,0,0,0,0,0,0,0
0.18789,0,0,0,0,0,0,0,0,0,0,0,0,0,0
0.10782,0,0,0,0,0,0,0,0,0,0,0,0,0,0
0.10389,0,0,0,0,0,0,0,0,0,0,0,0,0,0
0.10194,0,0,0,0,0,0,0,0,0,0,0,0,0,0
0.10519,0,0,0,0,0,0,0,0,0,0,0,0,0,0
0.1023,0,0,0,0,0,0,0,0,0,0,0,0,0,0
0.19122,0,0,0,0,0,0,0,0,0,0,0,0,0,0
0.10321,0,0,0,0,0,0,0,0,0,0,0,0,0,0
0.10601,0,0,0,0,0,0,0,0,0,0,0,0,0,0
0.10607,0,0,0,0,0,0,0,0,0,0,0,0,0,0
0.10653,0,0,0,0,0,0,0,0,0,0,0,0,0,0
0.10395,0,0,0,0,0,0,0,0,0,0,0,0,0,0
0.18688,0,0,0,0,0,0,0,0,0,0,0,0,0,0
0.10129,0,0,0,0,0,0,0,0,0,0,0,0,0,0
0.10345,0,0,0,0,0,0,0,0,0,0,0,0,0,0
0.10385,0,0,0,0,0,0,0,0,0,0,0,0,0,0
0.10403,0,0,0,0,0,0,0,0,0,0,0,0,0,0
0.10327,0,0,0,0,0,0,0,0,0,0,0,0,0,0
0.18511,0,0,0,0,0,0,0,0,0,0,0,0,0,0
0.10136,0,0,0,0,0,0,0,0,0,0,0,0,0,0
0.10055,0,0,0,0,0,0,0,0,0,0,0,0,0,0
0.10177,0,0,0,0,0,0,0,0,0,0,0,0,0,0
0.10563,0,0,0,0,0,0,0,0,0,0,0,0,0,0
0.10231,0,0,0,0,0,0,0,0,0,0,0,0,0,0
0.18248,0,0,0,0,0,0,0,0,0,0,0,0,0,0
0.10045,0,0,0,0,0,0,0,0,0,0,0,0,0,0
0.14857,0,0,0,0,0,0,0,0,0,0,0,0,0,0
0.10431,0,0,0,0,0,0,0,0,0,0,0,0,0,0
0.10749,0,0,0,0,0,0,0,0,0,0,0,0,0,0
0.1054,0,0,0,0,0,0,0,0,0,0,0,0,0,0
0.1948,0,0,0,0,0,0,0,0,0,0,0,0,0,0
0.11127,0,0,0,0,0,0,0,0,0,0,0,0,0,0
0.10826,0,0,0,0,0,0,0,0,0,0,0,0,0,0
0.10811,0,0,0,0,0,0,0,0,0,0,0,0,0,0
0.10683,0,0,0,0,0,0,0,0,0,0,0,0,0,0
0.10818,0,0,0,0,0,0,0,0,0,0,0,0,0,0
0.19062,0,0,0,0,0,0,0,0,0,0,0,0,0,0
0.10314,0,0,0,0,0,0,0,0,0,0,0,0,0,0
0.10515,0,0,0,0,0,0,0,0,0,0,0,0,0,0
0.10717,0,0,0,0,0,0,0,0,0,0,0,0,0,0
0.10884,0,0,0,0,0,0,0,0,0,0,0,0,0,0
0.10432,0,0,0,0,0,0,0,0,0,0,0,0,0,0
0.18911,0,0,0,0,0,0,0,0,0,0,0,0,0,0
0.10278,0,0,0,0,0,0,0,0,0,0,0,0,0,0
0.1034,0,0,0,0,0,0,0,0,0,0,0,0,0,0
0.1034,0,0,0,0,0,0,0,0,0,0,0,0,0,0
0.10698,0,0,0,0,0,0,0,0,0,0,0,0,0,0
0.22952,0,0,0,0,0,0,0,0,0,0,0,0,0,0
0.20919,0,0,0,0,0,0,0,0,0,0,0,0,0,0
0.11749,0,0,0,0,0,0,0,0,0,0,0,0,0,0
0.1095,0,0,0,0,0,0,0,0,0,0,0,0,0,0
0.10522,0,0,0,0,0,0,0,0,0,0,0,0,0,0
0.10386,0,0,0,0,0,0,0,0,0,0,0,0,0,0
0.10383,0,0,0,0,0,0,0,0,0,0,0,0,0,0
0.18573,0,0,0,0,0,0,0,0,0,0,0,0,0,0
0.10314,0,0,0,0,0,0,0,0,0,0,0,0,0,0
0.1049,0,0,0,0,0,0,0,0,0,0,0,0,0,0
0.10531,0,0,0,0,0,0,0,0,0,0,0,0,0,0
0.1048,0,0,0,0,0,0,0,0,0,0,0,0,0,0
0.10608,0,0,0,0,0,0,0,0,0,0,0,0,0,0
0.18575,0,0,0,0,0,0,0,0,0,0,0,0,0,0
0.1049,0,0,0,0,0,0,0,0,0,0,0,0,0,0
0.10589,0,0,0,0,0,0,0,0,0,0,0,0,0,0
0.10529,0,0,0,0,0,0,0,0,0,0,0,0,0,0
0.10439,0,0,0,0,0,0,0,0,0,0,0,0,0,0
0.10595,0,0,0,0,0,0,0,0,0,0,0,0,0,0
0.18982,0,0,0,0,0,0,0,0,0,0,0,0,0,0
0.10772,0,0,0,0,0,0,0,0,0,0,0,0,0,0
0.1037,0,0,0,0,0,0,0,0,0,0,0,0,0,0
0.1073,0,0,0,0,0,0,0,0,0,0,0,0,0,0
0.10741,0,0,0,0,0,0,0,0,0,0,0,0,0,0
0.10817,0,0,0,0,0,0,0,0,0,0,0,0,0,0
0.2001,0,0,0,0,0,0,0,0,0,0,0,0,0,0
0.10736,0,0,0,0,0,0,0,0,0,0,0,0,0,0
0.11273,0,0,0,0,0,0,0,0,0,0,0,0,0,0
0.10683,0,0,0,0,0,0,0,0,0,0,0,0,0,0
0.10887,0,0,0,0,0,0,0,0,0,0,0,0,0,0
0.10545,0,0,0,0,0,0,0,0,0,0,0,0,0,0
0.18329,0,0,0,0,0,0,0,0,0,0,0,0,0,0
0.10964,0,0,0,0,0,0,0,0,0,0,0,0,0,0
0.10476,0,0,0,0,0,0,0,0,0,0,0,0,0,0
0.10602,0,0,0,0,0,0,0,0,0,0,0,0,0,0
0.10355,0,0,0,0,0,0,0,0,0,0,0,0,0,0
0.10604,0,0,0,0,0,0,0,0,0,0,0,0,0,0
0.18013,0,0,0,0,0,0,0,0,0,0,0,0,0,0
0.10241,0,0,0,0,0,0,0,0,0,0,0,0,0,0
0.10273,0,0,0,0,0,0,0,0,0,0,0,0,0,0
0.10091,0,0,0,0,0,0,0,0,0,0,0,0,0,0
0.10147,0,0,0,0,0,0,0,0,0,0,0,0,0,0
0.10202,0,0,0,0,0,0,0,0,0,0,0,0,0,0
0.18988,0,0,0,0,0,0,0,0,0,0,0,0,0,0
0.10403,0,0,0,0,0,0,0,0,0,0,0,0,0,0
0.10414,0,0,0,0,0,0,0,0,0,0,0,0,0,0
0.10313,0,0,0,0,0,0,0,0,0,0,0,0,0,0
0.1182,0,0,0,0,0,0,0,0,0,0,0,0,0,0
0.10954,0,0,0,0,0,0,0,0,0,0,0,0,0,0
0.18856,0,0,0,0,0,0,0,0,0,0,0,0,0,0
0.10545,0,0,0,0,0,0,0,0,0,0,0,0,0,0
0.10498,0,0,0,0,0,0,0,0,0,0,0,0,0,0
0.10491,0,0,0,0,0,0,0,0,0,0,0,0,0,0
0.10819,0,0,0,0,0,0,0,0,0,0,0,0,0,0
0.10715,0,0,0,0,0,0,0,0,0,0,0,0,0,0
0.19667,0,0,0,0,0,0,0,0,0,0,0,0,0,0
0.1046,0,0,0,0,0,0,0,0,0,0,0,0,0,0
0.10619,0,0,0,0,0,0,0,0,0,0,0,0,0,0
0.10382,0,0,0,0,0,0,0,0,0,0,0,0,0,0
0.1059,0,0,0,0,0,0,0,0,0,0,0,0,0,0
0.10612,0,0,0,0,0,0,0,0,0,0,0,0,0,0
0.19287,0,0,0,0,0,0,0,0,0,0,0,0,0,0
0.10708,0,0,0,0,0,0,0,0,0,0,0,0,0,0
0.10885,0,0,0,0,0,0,0,0,0,0,0,0,0,0
0.10794,0,0,0,0,0,0,0,0,0,0,0,0,0,0
0.10969,0,0,0,0,0,0,0,0,0,0,0,0,0,0
0.10611,0,0,0,0,0,0,0,0,0,0,0,0,0,0
0.19293,0,0,0,0,0,0,0,0,0,0,0,0,0,0
0.1062,0,0,0,0,0,0,0,0,0,0,0,0,0,0
0.10455,0,0,0,0,0,0,0,0,0,0,0,0,0,0
0.10461,0,0,0,0,0,0,0,0,0,0,0,0,0,0
0.10577,0,0,0,0,0,0,0,0,0,0,0,0,0,0
0.10561,0,0,0,0,0,0,0,0,0,0,0,0,0,0
0.18994,0,0,0,0,0,0,0,0,0,0,0,0,0,0
0.10393,0,0,0,0,0,0,0,0,0,0,0,0,0,0
0.10663,0,0,0,0,0,0,0,0,0,0,0,0,0,0
0.10288,0,0,0,0,0,0,0,0,0,0,0,0,0,0
0.10593,0,0,0,0,0,0,0,0,0,0,0,0,0,0
0.10402,0,0,0,0,0,0,0,0,0,0,0,0,0,0
0.19356,0,0,0,0,0,0,0,0,0,0,0,0,0,0
0.10457,0,0,0,0,0,0,0,0,0,0,0,0,0,0
0.10024,0,0,0,0,0,0,0,0,0,0,0,0,0,0
0.10229,0,0,0,0,0,0,0,0,0,0,0,0,0,0
0.10237,0,0,0,0,0,0,0,0,0,0,0,0,0,0
0.10775,0,0,0,0,0,0,0,0,0,0,0,0,0,0
0.18919,0,0,0,0,0,0,0,0,0,0,0,0,0,0
0.10441,0,0,0,0,0,0,0,0,0,0,0,0,0,0
0.10516,0,0,0,0,0,0,0,0,0,0,0,0,0,0
0.10593,0,0,0,0,0,0,0,0,0,0,0,0,0,0
0.10588,0,0,0,0,0,0,0,0,0,0,0,0,0,0
0.1078,0,0,0,0,0,0,0,0,0,0,0,0,0,0
0.18636,0,0,0,0,0,0,0,0,0,0,0,0,0,0
0.10331,0,0,0,0,0,0,0,0,0,0,0,0,0,0
0.1026,0,0,0,0,0,0,0,0,0,0,0,0,0,0
0.10322,0,0,0,0,0,0,0,0,0,0,0,0,0,0
0.10225,0,0,0,0,0,0,0,0,0,0,0,0,0,0
0.10264,0,0,0,0,0,0,0,0,0,0,0,0,0,0
0.1906,0,0,0,0,0,0,0,0,0,0,0,0,0,0
0.10383,0,0,0,0,0,0,0,0,0,0,0,0,0,0
0.10689,0,0,0,0,0,0,0,0,0,0,0,0,0,0
0.11192,0,0,0,0,0,0,0,0,0,0,0,0,0,0
0.1004,0,0,0,0,0,0,0,0,0,0,0,0,0,0
0.101,0,0,0,0,0,0,0,0,0,0,0,0,0,0
0.18186,0,0,0,0,0,0,0,0,0,0,0,0,0,0
0.14514,0,0,0,0,0,0,0,0,0,0,0,0,0,0
0.13636,0,0,0,0,0,0,0,0,0,0,0,0,0,0
0.10078,0,0,0,0,0,0,0,0,0,0,0,0,0,0
0.10108,0,0,0,0,0,0,0,0,0,0,0,0,0,0
0.099317,0,0,0,0,0,0,0,0,0,0,0,0,0,0
0.17077,0,0,0,0,0,0,0,0,0,0,0,0,0,0
0.098922,0,0,0,0,0,0,0,0,0,0,0,0,0,0
0.096214,0,0,0,0,0,0,0,0,0,0,0,0,0,0
0.097016,0,0,0,0,0,0,0,0,0,0,0,0,0,0
0.097309,0,0,0,0,0,0,0,0,0,0,0,0,0,0
0.098245,0,0,0,0,0,0,0,0,0,0,0,0,0,0
0.17979,0,0,0,0,0,0,0,0,0,0,0,0,0,0
0.10243,0,0,0,0,0,0,0,0,0,0,0,0,0,0
0.10159,0,0,0,0,0,0,0,0,0,0,0,0,0,0
0.10086,0,0,0,0,0,0,0,0,0,0,0,0,0,0
0.10436,0,0,0,0,0,0,0,0,0,0,0,0,0,0
0.10235,0,0,0,0,0,0,0,0,0,0,0,0,0,0
0.17666,0,0,0,0,0,0,0,0,0,0,0,0,0,0
0.10138,0,0,0,0,0,0,0,0,0,0,0,0,0,0
0.097622,0,0,0,0,0,0,0,0,0,0,0,0,0,0
0.10292,0,0,0,0,0,0,0,0,0,0,0,0,0,0
0.10332,0,0,0,0,0,0,0,0,0,0,0,0,0,0
0.10365,0,0,0,0,0,0,0,0,0,0,0,0,0,0
0.17831,0,0,0,0,0,0,0,0,0,0,0,0,0,0
0.10445,0,0,0,0,0,0,0,0,0,0,0,0,0,0
0.10538,0,0,0,0,0,0,0,0,0,0,0,0,0,0
0.10648,0,0,0,0,0,0,0,0,0,0,0,0,0,0
0.10701,0,0,0,0,0,0,0,0,0,0,0,0,0,0
0.10725,0,0,0,0,0,0,0,0,0,0,0,0,0,0
0.17984,0,0,0,0,0,0,0,0,0,0,0,0,0,0
0.10503,0,0,0,0,0,0,0,0,0,0,0,0,0,0
0.10253,0,0,0,0,0,0,0,0,0,0,0,0,0,0
0.10324,0,0,0,0,0,0,0,0,0,0,0,0,0,0
0.10553,0,0,0,0,0,0,0,0,0,0,0,0,0,0
0.10272,0,0,0,0,0,0,0,0,0,0,0,0,0,0
0.1812,0,0,0,0,0,0,0,0,0,0,0,0,0,0
0.10287,0,0,0,0,0,0,0,0,0,0,0,0,0,0
0.10007,0,0,0,0,0,0,0,0,0,0,0,0,0,0
0.10148,0,0,0,0,0,0,0,0,0,0,0,0,0,0
0.099794,0,0,0,0,0,0,0,0,0,0,0,0,0,0
0.10167,0,0,0,0,0,0,0,0,0,0,0,0,0,0
0.17573,0,0,0,0,0,0,0,0,0,0,0,0,0,0
0.10986,0,0,0,0,0,0,0,0,0,0,0,0,0,0
0.10142,0,0,0,0,0,0,0,0,0,0,0,0,0,0
0.10038,0,0,0,0,0,0,0,0,0,0,0,0,0,0
0.099503,0,0,0,0,0,0,0,0,0,0,0,0,0,0
0.10119,0,0,0,0,0,0,0,0,0,0,0,0,0,0
0.17529,0,0,0,0,0,0,0,0,0,0,0,0,0,0
0.099595,0,0,0,0,0,0,0,0,0,0,0,0,0,0
0.098294,0,0,0,0,0,0,0,0,0,0,0,0,0,0
0.10231,0,0,0,0,0,0,0,0,0,0,0,0,0,0
0.099489,0,0,0,0,0,0,0,0,0,0,0,0,0,0
0.10142,0,0,0,0,0,0,0,0,0,0,0,0,0,0
0.17638,0,0,0,0,0,0,0,0,0,0,0,0,0,0
0.10144,0,0,0,0,0,0,0,0,0,0,0,0,0,0
0.099103,0,0,0,0,0,0,0,0,0,0,0,0,0,0
0.099581,0,0,0,0,0,0,0,0,0,0,0,0,0,0
0.10152,0,0,0,0,0,0,0,0,0,0,0,0,0,0
0.10083,0,0,0,0,0,0,0,0,0,0,0,0,0,0
0.17842,0,0,0,0,0,0,0,0,0,0,0,0,0,0
0.10131,0,0,0,0,0,0,0,0,0,0,0,0,0,0
0.10046,0,0,0,0,0,0,0,0,0,0,0,0,0,0
0.1017,0,0,0,0,0,0,0,0,0,0,0,0,0,0
0.099712,0,0,0,0,0,0,0,0,0,0,0,0,0,0
0.10093,0,0,0,0,0,0,0,0,0,0,0,0,0,0
0.17647,0,0,0,0,0,0,0,0,0,0,0,0,0,0
0.10016,0,0,0,0,0,0,0,0,0,0,0,0,0,0
0.097316,0,0,0,0,0,0,0,0,0,0,0,0,0,0
0.097825,0,0,0,0,0,0,0,0,0,0,0,0,0,0
0.099209,0,0,0,0,0,0,0,0,0,0,0,0,0,0
0.096898,0,0,0,0,0,0,0,0,0,0,0,0,0,0
0.17647,0,0,0,0,0,0,0,0,0,0,0,0,0,0
0.1045,0,0,0,0,0,0,0,0,0,0,0,0,0,0
0.24254,0,0,0,0,0,0,0,0,0,0,0,0,0,0
0.10389,0,0,0,0,0,0,0,0,0,0,0,0,0,0
0.10278,0,0,0,0,0,0,0,0,0,0,0,0,0,0
0.10243,0,0,0,0,0,0,0,0,0,0,0,0,0,0
0.18521,0,0,0,0,0,0,0,0,0,0,0,0,0,0
0.09628,0,0,0,0,0,0,0,0,0,0,0,0,0,0
0.094209,0,0,0,0,0,0,0,0,0,0,0,0,0,0
0.094568,0,0,0,0,0,0,0,0,0,0,0,0,0,0
0.098039,0,0,0,0,0,0,0,0,0,0,0,0,0,0
0.095858,0,0,0,0,0,0,0,0,0,0,0,0,0,0
0.1726,0,0,0,0,0,0,0,0,0,0,0,0,0,0
0.094546,0,0,0,0,0,0,0,0,0,0,0,0,0,0
0.098429,0,0,0,0,0,0,0,0,0,0,0,0,0,0
0.096406,0,0,0,0,0,0,0,0,0,0,0,0,0,0
0.095959,0,0,0,0,0,0,0,0,0,0,0,0,0,0
0.097905,0,0,0,0,0,0,0,0,0,0,0,0,0,0
0.17223,0,0,0,0,0,0,0,0,0,0,0,0,0,0
0.096223,0,0,0,0,0,0,0,0,0,0,0,0,0,0
0.095462,0,0,0,0,0,0,0,0,0,0,0,0,0,0
0.097382,0,0,0,0,0,0,0,0,0,0,0,0,0,0
0.09849,0,0,0,0,0,0,0,0,0,0,0,0,0,0
0.10238,0,0,0,0,0,0,0,0,0,0,0,0,0,0
0.17884,0,0,0,0,0,0,0,0,0,0,0,0,0,0
0.098226,0,0,0,0,0,0,0,0,0,0,0,0,0,0
0.097123,0,0,0,0,0,0,0,0,0,0,0,0,0,0
0.093376,0,0,0,0,0,0,0,0,0,0,0,0,0,0
0.097405,0,0,0,0,0,0,0,0,0,0,0,0,0,0
0.10293,0,0,0,0,0,0,0,0,0,0,0,0,0,0
0.18727,0,0,0,0,0,0,0,0,0,0,0,0,0,0
0.10224,0,0,0,0,0,0,0,0,0,0,0,0,0,0
0.10655,0,0,0,0,0,0,0,0,0,0,0,0,0,0
0.10703,0,0,0,0,0,0,0,0,0,0,0,0,0,0
0.1033,0,0,0,0,0,0,0,0,0,0,0,0,0,0
0.10693,0,0,0,0,0,0,0,0,0,0,0,0,0,0
0.18491,0,0,0,0,0,0,0,0,0,0,0,0,0,0
0.10839,0,0,0,0,0,0,0,0,0,0,0,0,0,0
0.10902,0,0,0,0,0,0,0,0,0,0,0,0,0,0
0.10782,0,0,0,0,0,0,0,0,0,0,0,0,0,0
0.10904,0,0,0,0,0,0,0,0,0,0,0,0,0,0
0.1073,0,0,0,0,0,0,0,0,0,0,0,0,0,0
0.18662,0,0,0,0,0,0,0,0,0,0,0,0,0,0
0.10647,0,0,0,0,0,0,0,0,0,0,0,0,0,0
0.1063,0,0,0,0,0,0,0,0,0,0,0,0,0,0
0.10793,0,0,0,0,0,0,0,0,0,0,0,0,0,0
0.10732,0,0,0,0,0,0,0,0,0,0,0,0,0,0
0.10855,0,0,0,0,0,0,0,0,0,0,0,0,0,0
0.18563,0,0,0,0,0,0,0,0,0,0,0,0,0,0
0.1073,0,0,0,0,0,0,0,0,0,0,0,0,0,0
0.10659,0,0,0,0,0,0,0,0,0,0,0,0,0,0
0.11273,0,0,0,0,0,0,0,0,0,0,0,0,0,0
0.10779,0,0,0,0,0,0,0,0,0,0,0,0,0,0
0.10905,0,0,0,0,0,0,0,0,0,0,0,0,0,0
0.18535,0,0,0,0,0,0,0,0,0,0,0,0,0,0
0.10889,0,0,0,0,0,0,0,0,0,0,0,0,0,0
0.10615,0,0,0,0,0,0,0,0,0,0,0,0,0,0
0.1077,0,0,0,0,0,0,0,0,0,0,0,0,0,0
0.10695,0,0,0,0,0,0,0,0,0,0,0,0,0,0
0.10903,0,0,0,0,0,0,0,0,0,0,0,0,0,0
0.19481,0,0,0,0,0,0,0,0,0,0,0,0,0,0
0.11027,0,0,0,0,0,0,0,0,0,0,0,0,0,0
0.1072,0,0,0,0,0,0,0,0,0,0,0,0,0,0
0.10947,0,0,0,0,0,0,0,0,0,0,0,0,0,0
0.10745,0,0,0,0,0,0,0,0,0,0,0,0,0,0
0.11041,0,0,0,0,0,0,0,0,0,0,0,0,0,0
0.19348,0,0,0,0,0,0,0,0,0,0,0,0,0,0
0.10879,0,0,0,0,0,0,0,0,0,0,0,0,0,0
0.10784,0,0,0,0,0,0,0,0,0,0,0,0,0,0
0.10813,0,0,0,0,0,0,0,0,0,0,0,0,0,0
0.1079,0,0,0,0,0,0,0,0,0,0,0,0,0,0
0.1093,0,0,0,0,0,0,0,0,0,0,0,0,0,0
0.19214,0,0,0,0,0,0,0,0,0,0,0,0,0,0
0.10998,0,0,0,0,0,0,0,0,0,0,0,0,0,0
0.10657,0,0,0,0,0,0,0,0,0,0,0,0,0,0
0.1108,0,0,0,0,0,0,0,0,0,0,0,0,0,0
0.10559,0,0,0,0,0,0,0,0,0,0,0,0,0,0
0.10912,0,0,0,0,0,0,0,0,0,0,0,0,0,0
0.19113,0,0,0,0,0,0,0,0,0,0,0,0,0,0
0.1064,0,0,0,0,0,0,0,0,0,0,0,0,0,0
0.10612,0,0,0,0,0,0,0,0,0,0,0,0,0,0
0.10712,0,0,0,0,0,0,0,0,0,0,0,0,0,0
0.10501,0,0,0,0,0,0,0,0,0,0,0,0,0,0
0.10425,0,0,0,0,0,0,0,0,0,0,0,0,0,0
0.1918,0,0,0,0,0,0,0,0,0,0,0,0,0,0
0.10596,0,0,0,0,0,0,0,0,0,0,0,0,0,0
0.10521,0,0,0,0,0,0,0,0,0,0,0,0,0,0
0.10471,0,0,0,0,0,0,0,0,0,0,0,0,0,0
0.10877,0,0,0,0,0,0,0,0,0,0,0,0,0,0
0.10675,0,0,0,0,0,0,0,0,0,0,0,0,0,0
0.19115,0,0,0,0,0,0,0,0,0,0,0,0,0,0
0.10459,0,0,0,0,0,0,0,0,0,0,0,0,0,0
0.10559,0,0,0,0,0,0,0,0,0,0,0,0,0,0
0.10333,0,0,0,0,0,0,0,0,0,0,0,0,0,0
0.10691,0,0,0,0,0,0,0,0,0,0,0,0,0,0
0.10302,0,0,0,0,0,0,0,0,0,0,0,0,0,0
0.18554,0,0,0,0,0,0,0,0,0,0,0,0,0,0
0.10325,0,0,0,0,0,0,0,0,0,0,0,0,0,0
0.099091,0,0,0,0,0,0,0,0,0,0,0,0,0,0
0.11464,0,0,0,0,0,0,0,0,0,0,0,0,0,0
0.10663,0,0,0,0,0,0,0,0,0,0,0,0,0,0
0.10459,0,0,0,0,0,0,0,0,0,0,0,0,0,0
0.19175,0,0,0,0,0,0,0,0,0,0,0,0,0,0
0.10121,0,0,0,0,0,0,0,0,0,0,0,0,0,0
0.1009,0,0,0,0,0,0,0,0,0,0,0,0,0,0
0.10016,0,0,0,0,0,0,0,0,0,0,0,0,0,0
0.10643,0,0,0,0,0,0,0,0,0,0,0,0,0,0
0.10119,0,0,0,0,0,0,0,0,0,0,0,0,0,0
0.1987,0,0,0,0,0,0,0,0,0,0,0,0,0,0
0.11092,0,0,0,0,0,0,0,0,0,0,0,0,0,0
0.099403,0,0,0,0,0,0,0,0,0,0,0,0,0,0
0.097842,0,0,0,0,0,0,0,0,0,0,0,0,0,0
0.098053,0,0,0,0,0,0,0,0,0,0,0,0,0,0
0.1033,0,0,0,0,0,0,0,0,0,0,0,0,0,0
0.19149,0,0,0,0,0,0,0,0,0,0,0,0,0,0
0.10817,0,0,0,0,0,0,0,0,0,0,0,0,0,0
0.10137,0,0,0,0,0,0,0,0,0,0,0,0,0,0
0.11115,0,0,0,0,0,0,0,0,0,0,0,0,0,0
0.10275,0,0,0,0,0,0,0,0,0,0,0,0,0,0
0.10305,0,0,0,0,0,0,0,0,0,0,0,0,0,0
0.20504,0,0,0,0,0,0,0,0,0,0,0,0,0,0
0.11094,0,0,0,0,0,0,0,0,0,0,0,0,0,0
0.098051,0,0,0,0,0,0,0,0,0,0,0,0,0,0
0.10652,0,0,0,0,0,0,0,0,0,0,0,0,0,0
0.10164,0,0,0,0,0,0,0,0,0,0,0,0,0,0
0.10312,0,0,0,0,0,0,0,0,0,0,0,0,0,0
0.19325,0,0,0,0,0,0,0,0,0,0,0,0,0,0
0.0985,0,0,0,0,0,0,0,0,0,0,0,0,0,0
0.10504,0,0,0,0,0,0,0,0,0,0,0,0,0,0
0.1013,0,0,0,0,0,0,0,0,0,0,0,0,0,0
0.10079,0,0,0,0,0,0,0,0,0,0,0,0,0,0
0.09859,0,0,0,0,0,0,0,0,0,0,0,0,0,0
0.20012,0,0,0,0,0,0,0,0,0,0,0,0,0,0
0.098714,0,0,0,0,0,0,0,0,0,0,0,0,0,0
0.10437,0,0,0,0,0,0,0,0,0,0,0,0,0,0
0.10022,0,0,0,0,0,0,0,0,0,0,0,0,0,0
0.10235,0,0,0,0,0,0,0,0,0,0,0,0,0,0
0.098033,0,0,0,0,0,0,0,0,0,0,0,0,0,0
0.19588,0,0,0,0,0,0,0,0,0,0,0,0,0,0
0.097186,0,0,0,0,0,0,0,0,0,0,0,0,0,0
0.099331,0,0,0,0,0,0,0,0,0,0,0,0,0,0
0.097085,0,0,0,0,0,0,0,0,0,0,0,0,0,0
0.10571,0,0,0,0,0,0,0,0,0,0,0,0,0,0
0.098235,0,0,0,0,0,0,0,0,0,0,0,0,0,0
0.18461,0,0,0,0,0,0,0,0,0,0,0,0,0,0
0.095156,0,0,0,0,0,0,0,0,0,0,0,0,0,0
0.095483,0,0,0,0,0,0,0,0,0,0,0,0,0,0
0.099872,0,0,0,0,0,0,0,0,0,0,0,0,0,0
0.1001,0,0,0,0,0,0,0,0,0,0,0,0,0,0
0.10095,0,0,0,0,0,0,0,0,0,0,0,0,0,0
0.16484,0,0,0,0,0,0,0,0,0,0,0,0,0,0
0.09117,0,0,0,0,0,0,0,0,0,0,0,0,0,0
0.088547,0,0,0,0,0,0,0,0,0,0,0,0,0,0
0.088333,0,0,0,0,0,0,0,0,0,0,0,0,0,0
0.089281,0,0,0,0,0,0,0,0,0,0,0,0,0,0
0.088638,0,0,0,0,0,0,0,0,0,0,0,0,0,0
0.16174,0,0,0,0,0,0,0,0,0,0,0,0,0,0
0.088699,0,0,0,0,0,0,0,0,0,0,0,0,0,0
0.090026,0,0,0,0,0,0,0,0,0,0,0,0,0,0
0.088856,0,0,0,0,0,0,0,0,0,0,0,0,0,0
0.087935,0,0,0,0,0,0,0,0,0,0,0,0,0,0
0.088479,0,0,0,0,0,0,0,0,0,0,0,0,0,0
0.17002,0,0,0,0,0,0,0,0,0,0,0,0,0,0
0.09017,0,0,0,0,0,0,0,0,0,0,0,0,0,0
0.089317,0,0,0,0,0,0,0,0,0,0,0,0,0,0
0.089818,0,0,0,0,0,0,0,0,0,0,0,0,0,0
0.14211,0,0,0,0,0,0,0,0,0,0,0,0,0,0
0.18859,0,0,0,0,0,0,0,0,0,0,0,0,0,0
0.16204,0,0,0,0,0,0,0,0,0,0,0,0,0,0
0.08801,0,0,0,0,0,0,0,0,0,0,0,0,0,0
0.086866,0,0,0,0,0,0,0,0,0,0,0,0,0,0
0.087259,0,0,0,0,0,0,0,0,0,0,0,0,0,0
0.088232,0,0,0,0,0,0,0,0,0,0,0,0,0,0
0.086478,0,0,0,0,0,0,0,0,0,0,0,0,0,0
0.16442,0,0,0,0,0,0,0,0,0,0,0,0,0,0
0.08958,0,0,0,0,0,0,0,0,0,0,0,0,0,0
0.087357,0,0,0,0,0,0,0,0,0,0,0,0,0,0
0.090084,0,0,0,0,0,0,0,0,0,0,0,0,0,0
0.093698,0,0,0,0,0,0,0,0,0,0,0,0,0,0
0.090027,0,0,0,0,0,0,0,0,0,0,0,0,0,0
0.16971,0,0,0,0,0,0,0,0,0,0,0,0,0,0
0.091775,0,0,0,0,0,0,0,0,0,0,0,0,0,0
0.090794,0,0,0,0,0,0,0,0,0,0,0,0,0,0
0.089474,0,0,0,0,0,0,0,0,0,0,0,0,0,0
0.09139,0,0,0,0,0,0,0,0,0,0,0,0,0,0
0.089283,0,0,0,0,0,0,0,0,0,0,0,0,0,0
0.16524,0,0,0,0,0,0,0,0,0,0,0,0,0,0
0.087692,0,0,0,0,0,0,0,0,0,0,0,0,0,0
0.088909,0,0,0,0,0,0,0,0,0,0,0,0,0,0
0.090056,0,0,0,0,0,0,0,0,0,0,0,0,0,0
0.088857,0,0,0,0,0,0,0,0,0,0,0,0,0,0
0.089471,0,0,0,0,0,0,0,0,0,0,0,0,0,0
0.16699,0,0,0,0,0,0,0,0,0,0,0,0,0,0
0.090882,0,0,0,0,0,0,0,0,0,0,0,0,0,0
0.092882,0,0,0,0,0,0,0,0,0,0,0,0,0,0
0.091895,0,0,0,0,0,0,0,0,0,0,0,0,0,0
0.092512,0,0,0,0,0,0,0,0,0,0,0,0,0,0
0.092484,0,0,0,0,0,0,0,0,0,0,0,0,0,0
0.17122,0,0,0,0,0,0,0,0,0,0,0,0,0,0
0.092746,0,0,0,0,0,0,0,0,0,0,0,0,0,0
0.091926,0,0,0,0,0,0,0,0,0,0,0,0,0,0
0.09009,0,0,0,0,0,0,0,0,0,0,0,0,0,0
0.093207,0,0,0,0,0,0,0,0,0,0,0,0,0,0
0.090918,0,0,0,0,0,0,0,0,0,0,0,0,0,0
0.17008,0,0,0,0,0,0,0,0,0,0,0,0,0,0
0.09141,0,0,0,0,0,0,0,0,0,0,0,0,0,0
0.092008,0,0,0,0,0,0,0,0,0,0,0,0,0,0
0.091671,0,0,0,0,0,0,0,0,0,0,0,0,0,0
0.091034,0,0,0,0,0,0,0,0,0,0,0,0,0,0
0.090281,0,0,0,0,0,0,0,0,0,0,0,0,0,0
0.16746,0,0,0,0,0,0,0,0,0,0,0,0,0,0
0.089056,0,0,0,0,0,0,0,0,0,0,0,0,0,0
0.090016,0,0,0,0,0,0,0,0,0,0,0,0,0,0
0.093977,0,0,0,0,0,0,0,0,0,0,0,0,0,0
0.091403,0,0,0,0,0,0,0,0,0,0,0,0,0,0
0.091138,0,0,0,0,0,0,0,0,0,0,0,0,0,0
0.17203,0,0,0,0,0,0,0,0,0,0,0,0,0,0
0.090147,0,0,0,0,0,0,0,0,0,0,0,0,0,0
0.091863,0,0,0,0,0,0,0,0,0,0,0,0,0,0
0.090751,0,0,0,0,0,0,0,0,0,0,0,0,0,0
0.092432,0,0,0,0,0,0,0,0,0,0,0,0,0,0
0.090232,0,0,0,0,0,0,0,0,0,0,0,0,0,0
0.17318,0,0,0,0,0,0,0,0,0,0,0,0,0,0
0.092433,0,0,0,0,0,0,0,0,0,0,0,0,0,0
0.091271,0,0,0,0,0,0,0,0,0,0,0,0,0,0
0.09086,0,0,0,0,0,0,0,0,0,0,0,0,0,0
0.091079,0,0,0,0,0,0,0,0,0,0,0,0,0,0
0.091885,0,0,0,0,0,0,0,0,0,0,0,0,0,0
0.17363,0,0,0,0,0,0,0,0,0,0,0,0,0,0
0.092039,0,0,0,0,0,0,0,0,0,0,0,0,0,0
0.093728,0,0,0,0,0,0,0,0,0,0,0,0,0,0
0.094357,0,0,0,0,0,0,0,0,0,0,0,0,0,0
0.095602,0,0,0,0,0,0,0,0,0,0,0,0,0,0
0.091075,0,0,0,0,0,0,0,0,0,0,0,0,0,0
0.17536,0,0,0,0,0,0,0,0,0,0,0,0,0,0
0.094227,0,0,0,0,0,0,0,0,0,0,0,0,0,0
0.092815,0,0,0,0,0,0,0,0,0,0,0,0,0,0
0.090965,0,0,0,0,0,0,0,0,0,0,0,0,0,0
0.09482,0,0,0,0,0,0,0,0,0,0,0,0,0,0
0.092116,0,0,0,0,0,0,0,0,0,0,0,0,0,0
0.17239,0,0,0,0,0,0,0,0,0,0,0,0,0,0
0.093014,0,0,0,0,0,0,0,0,0,0,0,0,0,0
0.091082,0,0,0,0,0,0,0,0,0,0,0,0,0,0
0.09355,0,0,0,0,0,0,0,0,0,0,0,0,0,0
0.09273,0,0,0,0,0,0,0,0,0,0,0,0,0,0
0.091458,0,0,0,0,0,0,0,0,0,0,0,0,0,0
0.17271,0,0,0,0,0,0,0,0,0,0,0,0,0,0
0.20721,0,0,0,0,0,0,0,0,0,0,0,0,0,0
0.12135,0,0,0,0,0,0,0,0,0,0,0,0,0,0
0.093617,0,0,0,0,0,0,0,0,0,0,0,0,0,0
0.096784,0,0,0,0,0,0,0,0,0,0,0,0,0,0
0.097955,0,0,0,0,0,0,0,0,0,0,0,0,0,0
0.18391,0,0,0,0,0,0,0,0,0,0,0,0,0,0
0.090929,0,0,0,0,0,0,0,0,0,0,0,0,0,0
0.089008,0,0,0,0,0,0,0,0,0,0,0,0,0,0
0.089357,0,0,0,0,0,0,0,0,0,0,0,0,0,0
0.089211,0,0,0,0,0,0,0,0,0,0,0,0,0,0
0.088852,0,0,0,0,0,0,0,0,0,0,0,0,0,0
0.16462,0,0,0,0,0,0,0,0,0,0,0,0,0,0
0.087326,0,0,0,0,0,0,0,0,0,0,0,0,0,0
0.089345,0,0,0,0,0,0,0,0,0,0,0,0,0,0
0.088044,0,0,0,0,0,0,0,0,0,0,0,0,0,0
0.090544,0,0,0,0,0,0,0,0,0,0,0,0,0,0
0.089734,0,0,0,0,0,0,0,0,0,0,0,0,0,0
0.16717,0,0,0,0,0,0,0,0,0,0,0,0,0,0
0.088125,0,0,0,0,0,0,0,0,0,0,0,0,0,0
0.087049,0,0,0,0,0,0,0,0,0,0,0,0,0,0
0.088346,0,0,0,0,0,0,0,0,0,0,0,0,0,0
0.087476,0,0,0,0,0,0,0,0,0,0,0,0,0,0
0.087946,0,0,0,0,0,0,0,0,0,0,0,0,0,0
0.16514,0,0,0,0,0,0,0,0,0,0,0,0,0,0
0.087435,0,0,0,0,0,0,0,0,0,0,0,0,0,0
0.088109,0,0,0,0,0,0,0,0,0,0,0,0,0,0
0.087311,0,0,0,0,0,0,0,0,0,0,0,0,0,0
0.08854,0,0,0,0,0,0,0,0,0,0,0,0,0,0
0.087051,0,0,0,0,0,0,0,0,0,0,0,0,0,0
0.16582,0,0,0,0,0,0,0,0,0,0,0,0,0,0
0.090945,0,0,0,0,0,0,0,0,0,0,0,0,0,0
0.090972,0,0,0,0,0,0,0,0,0,0,0,0,0,0
0.092832,0,0,0,0,0,0,0,0,0,0,0,0,0,0
0.089192,0,0,0,0,0,0,0,0,0,0,0,0,0,0
0.087726,0,0,0,0,0,0,0,0,0,0,0,0,0,0
0.16451,0,0,0,0,0,0,0,0,0,0,0,0,0,0
0.087489,0,0,0,0,0,0,0,0,0,0,0,0,0,0
0.086432,0,0,0,0,0,0,0,0,0,0,0,0,0,0
0.08777,0,0,0,0,0,0,0,0,0,0,0,0,0,0
0.088781,0,0,0,0,0,0,0,0,0,0,0,0,0,0
0.089068,0,0,0,0,0,0,0,0,0,0,0,0,0,0
0.17998,0,0,0,0,0,0,0,0,0,0,0,0,0,0
0.092792,0,0,0,0,0,0,0,0,0,0,0,0,0,0
0.089847,0,0,0,0,0,0,0,0,0,0,0,0,0,0
0.088852,0,0,0,0,0,0,0,0,0,0,0,0,0,0
0.091711,0,0,0,0,0,0,0,0,0,0,0,0,0,0
0.089116,0,0,0,0,0,0,0,0,0,0,0,0,0,0
0.1682,0,0,0,0,0,0,0,0,0,0,0,0,0,0
0.089847,0,0,0,0,0,0,0,0,0,0,0,0,0,0
0.089853,0,0,0,0,0,0,0,0,0,0,0,0,0,0
0.093806,0,0,0,0,0,0,0,0,0,0,0,0,0,0
0.089386,0,0,0,0,0,0,0,0,0,0,0,0,0,0
0.091576,0,0,0,0,0,0,0,0,0,0,0,0,0,0
0.16698,0,0,0,0,0,0,0,0,0,0,0,0,0,0
0.088786,0,0,0,0,0,0,0,0,0,0,0,0,0,0
0.1179,0,0,0,0,0,0,0,0,0,0,0,0,0,0
0.12439,0,0,0,0,0,0,0,0,0,0,0,0,0,0
0.12145,0,0,0,0,0,0,0,0,0,0,0,0,0,0
0.1199,0,0,0,0,0,0,0,0,0,0,0,0,0,0
0.17851,0,0,0,0,0,0,0,0,0,0,0,0,0,0
0.091989,0,0,0,0,0,0,0,0,0,0,0,0,0,0
0.091375,0,0,0,0,0,0,0,0,0,0,0,0,0,0
0.091138,0,0,0,0,0,0,0,0,0,0,0,0,0,0
0.089315,0,0,0,0,0,0,0,0,0,0,0,0,0,0
0.092772,0,0,0,0,0,0,0,0,0,0,0,0,0,0
0.17877,0,0,0,0,0,0,0,0,0,0,0,0,0,0
0.091322,0,0,0,0,0,0,0,0,0,0,0,0,0,0
0.091676,0,0,0,0,0,0,0,0,0,0,0,0,0,0
0.091992,0,0,0,0,0,0,0,0,0,0,0,0,0,0
0.091661,0,0,0,0,0,0,0,0,0,0,0,0,0,0
0.092102,0,0,0,0,0,0,0,0,0,0,0,0,0,0
0.17779,0,0,0,0,0,0,0,0,0,0,0,0,0,0
0.09217,0,0,0,0,0,0,0,0,0,0,0,0,0,0
0.094683,0,0,0,0,0,0,0,0,0,0,0,0,0,0
0.091164,0,0,0,0,0,0,0,0,0,0,0,0,0,0
0.09152,0,0,0,0,0,0,0,0,0,0,0,0,0,0
0.092432,0,0,0,0,0,0,0,0,0,0,0,0,0,0
0.17557,0,0,0,0,0,0,0,0,0,0,0,0,0,0
0.090735,0,0,0,0,0,0,0,0,0,0,0,0,0,0
0.08993,0,0,0,0,0,0,0,0,0,0,0,0,0,0
0.090773,0,0,0,0,0,0,0,0,0,0,0,0,0,0
0.090941,0,0,0,0,0,0,0,0,0,0,0,0,0,0
0.092324,0,0,0,0,0,0,0,0,0,0,0,0,0,0
0.1737,0,0,0,0,0,0,0,0,0,0,0,0,0,0
0.091126,0,0,0,0,0,0,0,0,0,0,0,0,0,0
0.09122,0,0,0,0,0,0,0,0,0,0,0,0,0,0
0.090438,0,0,0,0,0,0,0,0,0,0,0,0,0,0
0.091864,0,0,0,0,0,0,0,0,0,0,0,0,0,0
0.090335,0,0,0,0,0,0,0,0,0,0,0,0,0,0
0.17552,0,0,0,0,0,0,0,0,0,0,0,0,0,0
0.090323,0,0,0,0,0,0,0,0,0,0,0,0,0,0
0.091268,0,0,0,0,0,0,0,0,0,0,0,0,0,0
0.091984,0,0,0,0,0,0,0,0,0,0,0,0,0,0
0.091978,0,0,0,0,0,0,0,0,0,0,0,0,0,0
0.091321,0,0,0,0,0,0,0,0,0,0,0,0,0,0
0.17721,0,0,0,0,0,0,0,0,0,0,0,0,0,0
0.092021,0,0,0,0,0,0,0,0,0,0,0,0,0,0
0.091569,0,0,0,0,0,0,0,0,0,0,0,0,0,0
0.092304,0,0,0,0,0,0,0,0,0,0,0,0,0,0
0.092165,0,0,0,0,0,0,0,0,0,0,0,0,0,0
0.093551,0,0,0,0,0,0,0,0,0,0,0,0,0,0
0.17699,0,0,0,0,0,0,0,0,0,0,0,0,0,0
0.09083,0,0,0,0,0,0,0,0,0,0,0,0,0,0
0.09125,0,0,0,0,0,0,0,0,0,0,0,0,0,0
0.092823,0,0,0,0,0,0,0,0,0,0,0,0,0,0
0.091851,0,0,0,0,0,0,0,0,0,0,0,0,0,0
0.091975,0,0,0,0,0,0,0,0,0,0,0,0,0,0
0.17619,0,0,0,0,0,0,0,0,0,0,0,0,0,0
0.091391,0,0,0,0,0,0,0,0,0,0,0,0,0,0
0.092584,0,0,0,0,0,0,0,0,0,0,0,0,0,0
0.093163,0,0,0,0,0,0,0,0,0,0,0,0,0,0
0.090203,0,0,0,0,0,0,0,0,0,0,0,0,0,0
0.090887,0,0,0,0,0,0,0,0,0,0,0,0,0,0
0.16947,0,0,0,0,0,0,0,0,0,0,0,0,0,0
0.095168,0,0,0,0,0,0,0,0,0,0,0,0,0,0
0.09325,0,0,0,0,0,0,0,0,0,0,0,0,0,0
0.094377,0,0,0,0,0,0,0,0,0,0,0,0,0,0
0.091424,0,0,0,0,0,0,0,0,0,0,0,0,0,0
0.093264,0,0,0,0,0,0,0,0,0,0,0,0,0,0
0.17173,0,0,0,0,0,0,0,0,0,0,0,0,0,0
0.098549,0,0,0,0,0,0,0,0,0,0,0,0,0,0
0.096421,0,0,0,0,0,0,0,0,0,0,0,0,0,0
0.098075,0,0,0,0,0,0,0,0,0,0,0,0,0,0
0.093863,0,0,0,0,0,0,0,0,0,0,0,0,0,0
0.093628,0,0,0,0,0,0,0,0,0,0,0,0,0,0
0.18589,0,0,0,0,0,0,0,0,0,0,0,0,0,0
0.094436,0,0,0,0,0,0,0,0,0,0,0,0,0,0
0.091121,0,0,0,0,0,0,0,0,0,0,0,0,0,0
0.090991,0,0,0,0,0,0,0,0,0,0,0,0,0,0
0.097326,0,0,0,0,0,0,0,0,0,0,0,0,0,0
0.097985,0,0,0,0,0,0,0,0,0,0,0,0,0,0
0.18765,0,0,0,0,0,0,0,0,0,0,0,0,0,0
0.090276,0,0,0,0,0,0,0,0,0,0,0,0,0,0
0.095769,0,0,0,0,0,0,0,0,0,0,0,0,0,0
0.092853,0,0,0,0,0,0,0,0,0,0,0,0,0,0
0.099707,0,0,0,0,0,0,0,0,0,0,0,0,0,0
0.099314,0,0,0,0,0,0,0,0,0,0,0,0,0,0
0.18209,0,0,0,0,0,0,0,0,0,0,0,0,0,0
0.096425,0,0,0,0,0,0,0,0,0,0,0,0,0,0
0.10015,0,0,0,0,0,0,0,0,0,0,0,0,0,0
0.10205,0,0,0,0,0,0,0,0,0,0,0,0,0,0
NaN,0,0,0,0,0,0,0,0,0,0,0,0,0,0
NaN,0,0,0,0,0,0,0,0,0,0,0,0,0,0
NaN,0,0,0,0,0,0,0,0,0,0,0,0,0,0
NaN,0,0,0,0,0,0,0,0,0,0,0,0,0,0
11.743,0,0,0,0,0,0,0,0,0,0,0,0,0,0
0.18619,0,0,0,0,0,0,0,0,0,0,0,0,0,0
0.14114,0,0,0,0,0,0,0,0,0,0,0,0,0,0
0.077523,0,0,0,0,0,0,0,0,0,0,0,0,0,0
0.10887,0,0,0,0,0,0,0,0,0,0,0,0,0,0
0.093617,0,0,0,0,0,0,0,0,0,0,0,0,0,0
0.28655,0,0,0,0,0,0,0,0,0,0,0,0,0,0
0.074116,0,0,0,0,0,0,0,0,0,0,0,0,0,0
0.071322,0,0,0,0,0,0,0,0,0,0,0,0,0,0
0.067049,0,0,0,0,0,0,0,0,0,0,0,0,0,0
0.067812,0,0,0,0,0,0,0,0,0,0,0,0,0,0
0.072031,0,0,0,0,0,0,0,0,0,0,0,0,0,0
0.16183,0,0,0,0,0,0,0,0,0,0,0,0,0,0
0.072765,0,0,0,0,0,0,0,0,0,0,0,0,0,0
0.075223,0,0,0,0,0,0,0,0,0,0,0,0,0,0
0.071267,0,0,0,0,0,0,0,0,0,0,0,0,0,0
0.066294,0,0,0,0,0,0,0,0,0,0,0,0,0,0
0.075202,0,0,0,0,0,0,0,0,0,0,0,0,0,0
0.15867,0,0,0,0,0,0,0,0,0,0,0,0,0,0
0.074059,0,0,0,0,0,0,0,0,0,0,0,0,0,0
0.070507,0,0,0,0,0,0,0,0,0,0,0,0,0,0
0.067828,0,0,0,0,0,0,0,0,0,0,0,0,0,0
0.071684,0,0,0,0,0,0,0,0,0,0,0,0,0,0
0.073072,0,0,0,0,0,0,0,0,0,0,0,0,0,0
0.15312,0,0,0,0,0,0,0,0,0,0,0,0,0,0
0.070068,0,0,0,0,0,0,0,0,0,0,0,0,0,0
0.077563,0,0,0,0,0,0,0,0,0,0,0,0,0,0
0.06644,0,0,0,0,0,0,0,0,0,0,0,0,0,0
0.069494,0,0,0,0,0,0,0,0,0,0,0,0,0,0
0.074934,0,0,0,0,0,0,0,0,0,0,0,0,0,0
0.16187,0,0,0,0,0,0,0,0,0,0,0,0,0,0
0.066128,0,0,0,0,0,0,0,0,0,0,0,0,0,0
0.069573,0,0,0,0,0,0,0,0,0,0,0,0,0,0
0.065058,0,0,0,0,0,0,0,0,0,0,0,0,0,0
0.069576,0,0,0,0,0,0,0,0,0,0,0,0,0,0
0.066677,0,0,0,0,0,0,0,0,0,0,0,0,0,0
0.14313,0,0,0,0,0,0,0,0,0,0,0,0,0,0
0.073411,0,0,0,0,0,0,0,0,0,0,0,0,0,0
0.069765,0,0,0,0,0,0,0,0,0,0,0,0,0,0
0.071419,0,0,0,0,0,0,0,0,0,0,0,0,0,0
0.066528,0,0,0,0,0,0,0,0,0,0,0,0,0,0
0.067836,0,0,0,0,0,0,0,0,0,0,0,0,0,0
0.14434,0,0,0,0,0,0,0,0,0,0,0,0,0,0
0.064637,0,0,0,0,0,0,0,0,0,0,0,0,0,0
0.065108,0,0,0,0,0,0,0,0,0,0,0,0,0,0
0.066504,0,0,0,0,0,0,0,0,0,0,0,0,0,0
0.066907,0,0,0,0,0,0,0,0,0,0,0,0,0,0
0.067144,0,0,0,0,0,0,0,0,0,0,0,0,0,0
0.14291,0,0,0,0,0,0,0,0,0,0,0,0,0,0
0.071401,0,0,0,0,0,0,0,0,0,0,0,0,0,0
0.10436,0,0,0,0,0,0,0,0,0,0,0,0,0,0
0.065749,0,0,0,0,0,0,0,0,0,0,0,0,0,0
0.065476,0,0,0,0,0,0,0,0,0,0,0,0,0,0
0.063975,0,0,0,0,0,0,0,0,0,0,0,0,0,0
0.13662,0,0,0,0,0,0,0,0,0,0,0,0,0,0
0.063804,0,0,0,0,0,0,0,0,0,0,0,0,0,0
0.063261,0,0,0,0,0,0,0,0,0,0,0,0,0,0
0.062956,0,0,0,0,0,0,0,0,0,0,0,0,0,0
0.062743,0,0,0,0,0,0,0,0,0,0,0,0,0,0
0.06332,0,0,0,0,0,0,0,0,0,0,0,0,0,0
0.12496,0,0,0,0,0,0,0,0,0,0,0,0,0,0
0.061953,0,0,0,0,0,0,0,0,0,0,0,0,0,0
0.064373,0,0,0,0,0,0,0,0,0,0,0,0,0,0
0.064744,0,0,0,0,0,0,0,0,0,0,0,0,0,0
0.062452,0,0,0,0,0,0,0,0,0,0,0,0,0,0
0.063053,0,0,0,0,0,0,0,0,0,0,0,0,0,0
0.12759,0,0,0,0,0,0,0,0,0,0,0,0,0,0
0.063273,0,0,0,0,0,0,0,0,0,0,0,0,0,0
0.063038,0,0,0,0,0,0,0,0,0,0,0,0,0,0
0.062151,0,0,0,0,0,0,0,0,0,0,0,0,0,0
