1
763.00,240.00,909.00,240.00,909.00,331.00,763.00,331.00
764.00,241.00,910.00,241.00,910.00,332.00,764.00,332.00
764.00,239.00,915.00,239.00,915.00,333.00,764.00,333.00
764.00,237.00,920.00,237.00,920.00,334.00,764.00,334.00
764.00,237.00,924.00,237.00,924.00,336.00,764.00,336.00
770.00,236.00,930.00,236.00,930.00,336.00,770.00,336.00
771.00,235.00,933.00,235.00,933.00,336.00,771.00,336.00
769.00,233.00,936.00,233.00,936.00,337.00,769.00,337.00
768.00,231.00,940.00,231.00,940.00,338.00,768.00,338.00
774.00,231.00,941.00,231.00,941.00,335.00,774.00,335.00
762.00,233.00,932.00,233.00,932.00,339.00,762.00,339.00
764.00,234.00,936.00,234.00,936.00,341.00,764.00,341.00
769.00,232.00,941.00,232.00,941.00,339.00,769.00,339.00
765.00,229.00,941.00,229.00,941.00,338.00,765.00,338.00
765.00,232.00,937.00,232.00,937.00,339.00,765.00,339.00
769.00,231.00,941.00,231.00,941.00,338.00,769.00,338.00
767.00,230.00,944.00,230.00,944.00,340.00,767.00,340.00
765.00,227.00,946.00,227.00,946.00,340.00,765.00,340.00
765.00,226.00,948.00,226.00,948.00,339.00,765.00,339.00
765.00,224.00,951.00,224.00,951.00,339.00,765.00,339.00
765.00,223.00,952.00,223.00,952.00,339.00,765.00,339.00
765.00,222.00,952.00,222.00,952.00,338.00,765.00,338.00
767.00,220.00,953.00,220.00,953.00,336.00,767.00,336.00
767.00,220.00,955.00,220.00,955.00,337.00,767.00,337.00
767.00,219.00,957.00,219.00,957.00,337.00,767.00,337.00
770.00,221.00,960.00,221.00,960.00,339.00,770.00,339.00
775.00,223.00,959.00,223.00,959.00,337.00,775.00,337.00
777.00,220.00,961.00,220.00,961.00,335.00,777.00,335.00
773.00,216.00,963.00,216.00,963.00,334.00,773.00,334.00
775.00,220.00,965.00,220.00,965.00,339.00,775.00,339.00
771.00,214.00,965.00,214.00,965.00,335.00,771.00,335.00
774.00,215.00,966.00,215.00,966.00,334.00,774.00,334.00
776.00,212.00,968.00,212.00,968.00,331.00,776.00,331.00
770.00,209.00,968.00,209.00,968.00,332.00,770.00,332.00
775.00,208.00,969.00,208.00,969.00,329.00,775.00,329.00
770.00,204.00,968.00,204.00,968.00,327.00,770.00,327.00
771.00,204.00,965.00,204.00,965.00,325.00,771.00,325.00
772.00,203.00,970.00,203.00,970.00,326.00,772.00,326.00
776.00,200.00,974.00,200.00,974.00,323.00,776.00,323.00
777.00,202.00,975.00,202.00,975.00,325.00,777.00,325.00
775.00,194.00,979.00,194.00,979.00,321.00,775.00,321.00
775.00,194.00,981.00,194.00,981.00,322.00,775.00,322.00
775.00,191.00,985.00,191.00,985.00,321.00,775.00,321.00
774.00,191.00,984.00,191.00,984.00,322.00,774.00,322.00
776.00,190.00,986.00,190.00,986.00,321.00,776.00,321.00
778.00,187.00,988.00,187.00,988.00,318.00,778.00,318.00
768.00,203.00,974.00,203.00,974.00,331.00,768.00,331.00
768.00,203.00,972.00,203.00,972.00,330.00,768.00,330.00
773.00,206.00,973.00,206.00,973.00,330.00,773.00,330.00
770.00,201.00,976.00,201.00,976.00,329.00,770.00,329.00
772.00,197.00,982.00,197.00,982.00,328.00,772.00,328.00
772.00,201.00,976.00,201.00,976.00,327.00,772.00,327.00
774.00,202.00,975.00,202.00,975.00,327.00,774.00,327.00
772.00,200.00,978.00,200.00,978.00,328.00,772.00,328.00
775.00,204.00,975.00,204.00,975.00,328.00,775.00,328.00
772.00,200.00,978.00,200.00,978.00,328.00,772.00,328.00
775.00,204.00,975.00,204.00,975.00,329.00,775.00,329.00
774.00,203.00,976.00,203.00,976.00,328.00,774.00,328.00
774.00,199.00,980.00,199.00,980.00,327.00,774.00,327.00
773.00,196.00,983.00,196.00,983.00,327.00,773.00,327.00
772.00,196.00,985.00,196.00,985.00,328.00,772.00,328.00
774.00,197.00,984.00,197.00,984.00,327.00,774.00,327.00
771.00,194.00,987.00,194.00,987.00,329.00,771.00,329.00
769.00,192.00,989.00,192.00,989.00,329.00,769.00,329.00
772.00,195.00,986.00,195.00,986.00,328.00,772.00,328.00
770.00,192.00,988.00,192.00,988.00,328.00,770.00,328.00
768.00,192.00,989.00,192.00,989.00,329.00,768.00,329.00
770.00,194.00,987.00,194.00,987.00,329.00,770.00,329.00
773.00,197.00,983.00,197.00,983.00,328.00,773.00,328.00
773.00,198.00,981.00,198.00,981.00,328.00,773.00,328.00
773.00,199.00,981.00,199.00,981.00,328.00,773.00,328.00
775.00,198.00,983.00,198.00,983.00,327.00,775.00,327.00
773.00,198.00,981.00,198.00,981.00,328.00,773.00,328.00
769.00,194.00,984.00,194.00,984.00,328.00,769.00,328.00
769.00,192.00,986.00,192.00,986.00,327.00,769.00,327.00
769.00,195.00,983.00,195.00,983.00,328.00,769.00,328.00
772.00,197.00,982.00,197.00,982.00,328.00,772.00,328.00
772.00,197.00,982.00,197.00,982.00,328.00,772.00,328.00
773.00,199.00,977.00,199.00,977.00,326.00,773.00,326.00
772.00,200.00,976.00,200.00,976.00,327.00,772.00,327.00
773.00,202.00,975.00,202.00,975.00,327.00,773.00,327.00
774.00,203.00,974.00,203.00,974.00,327.00,774.00,327.00
772.00,199.00,978.00,199.00,978.00,327.00,772.00,327.00
773.00,201.00,975.00,201.00,975.00,327.00,773.00,327.00
772.00,199.00,976.00,199.00,976.00,326.00,772.00,326.00
771.00,198.00,979.00,198.00,979.00,327.00,771.00,327.00
772.00,198.00,975.00,198.00,975.00,325.00,772.00,325.00
772.00,199.00,974.00,199.00,974.00,325.00,772.00,325.00
772.00,201.00,974.00,201.00,974.00,327.00,772.00,327.00
771.00,199.00,975.00,199.00,975.00,326.00,771.00,326.00
772.00,200.00,976.00,200.00,976.00,326.00,772.00,326.00
772.00,201.00,974.00,201.00,974.00,327.00,772.00,327.00
773.00,201.00,975.00,201.00,975.00,326.00,773.00,326.00
774.00,203.00,974.00,203.00,974.00,327.00,774.00,327.00
776.00,205.00,970.00,205.00,970.00,325.00,776.00,325.00
774.00,203.00,974.00,203.00,974.00,328.00,774.00,328.00
772.00,200.00,976.00,200.00,976.00,327.00,772.00,327.00
774.00,203.00,974.00,203.00,974.00,327.00,774.00,327.00
773.00,202.00,975.00,202.00,975.00,327.00,773.00,327.00
772.00,200.00,975.00,200.00,975.00,327.00,772.00,327.00
770.00,199.00,978.00,199.00,978.00,328.00,770.00,328.00
773.00,201.00,974.00,201.00,974.00,327.00,773.00,327.00
775.00,203.00,975.00,203.00,975.00,327.00,775.00,327.00
775.00,203.00,975.00,203.00,975.00,327.00,775.00,327.00
775.00,202.00,975.00,202.00,975.00,327.00,775.00,327.00
775.00,203.00,975.00,203.00,975.00,327.00,775.00,327.00
775.00,203.00,974.00,203.00,974.00,327.00,775.00,327.00
775.00,203.00,975.00,203.00,975.00,328.00,775.00,328.00
775.00,203.00,975.00,203.00,975.00,327.00,775.00,327.00
775.00,203.00,975.00,203.00,975.00,327.00,775.00,327.00
776.00,205.00,970.00,205.00,970.00,325.00,776.00,325.00
774.00,203.00,974.00,203.00,974.00,327.00,774.00,327.00
772.00,200.00,976.00,200.00,976.00,327.00,772.00,327.00
771.00,198.00,979.00,198.00,979.00,327.00,771.00,327.00
773.00,201.00,975.00,201.00,975.00,326.00,773.00,326.00
771.00,198.00,979.00,198.00,979.00,328.00,771.00,328.00
771.00,200.00,979.00,200.00,979.00,330.00,771.00,330.00
772.00,201.00,976.00,201.00,976.00,328.00,772.00,328.00
773.00,205.00,973.00,205.00,973.00,329.00,773.00,329.00
771.00,201.00,977.00,201.00,977.00,329.00,771.00,329.00
773.00,204.00,973.00,204.00,973.00,329.00,773.00,329.00
773.00,204.00,971.00,204.00,971.00,327.00,773.00,327.00
773.00,205.00,971.00,205.00,971.00,328.00,773.00,328.00
773.00,205.00,971.00,205.00,971.00,328.00,773.00,328.00
773.00,206.00,969.00,206.00,969.00,328.00,773.00,328.00
772.00,206.00,972.00,206.00,972.00,330.00,772.00,330.00
774.00,207.00,968.00,207.00,968.00,328.00,774.00,328.00
774.00,207.00,968.00,207.00,968.00,328.00,774.00,328.00
776.00,208.00,968.00,208.00,968.00,327.00,776.00,327.00
775.00,207.00,969.00,207.00,969.00,328.00,775.00,328.00
773.00,205.00,969.00,205.00,969.00,327.00,773.00,327.00
773.00,204.00,972.00,204.00,972.00,328.00,773.00,328.00
774.00,205.00,969.00,205.00,969.00,327.00,774.00,327.00
774.00,205.00,970.00,205.00,970.00,327.00,774.00,327.00
774.00,205.00,970.00,205.00,970.00,327.00,774.00,327.00
777.00,209.00,967.00,209.00,967.00,327.00,777.00,327.00
774.00,205.00,970.00,205.00,970.00,327.00,774.00,327.00
774.00,205.00,972.00,205.00,972.00,328.00,774.00,328.00
774.00,205.00,972.00,205.00,972.00,328.00,774.00,328.00
774.00,205.00,970.00,205.00,970.00,327.00,774.00,327.00
774.00,205.00,972.00,205.00,972.00,328.00,774.00,328.00
773.00,205.00,969.00,205.00,969.00,327.00,773.00,327.00
773.00,205.00,971.00,205.00,971.00,328.00,773.00,328.00
772.00,202.00,974.00,202.00,974.00,328.00,772.00,328.00
774.00,205.00,970.00,205.00,970.00,327.00,774.00,327.00
774.00,205.00,970.00,205.00,970.00,327.00,774.00,327.00
772.00,203.00,974.00,203.00,974.00,328.00,772.00,328.00
774.00,204.00,970.00,204.00,970.00,326.00,774.00,326.00
774.00,205.00,970.00,205.00,970.00,327.00,774.00,327.00
774.00,204.00,974.00,204.00,974.00,328.00,774.00,328.00
774.00,205.00,970.00,205.00,970.00,327.00,774.00,327.00
774.00,203.00,972.00,203.00,972.00,326.00,774.00,326.00
774.00,203.00,972.00,203.00,972.00,326.00,774.00,326.00
772.00,201.00,974.00,201.00,974.00,326.00,772.00,326.00
771.00,199.00,975.00,199.00,975.00,326.00,771.00,326.00
770.00,198.00,978.00,198.00,978.00,327.00,770.00,327.00
770.00,198.00,978.00,198.00,978.00,328.00,770.00,328.00
772.00,200.00,974.00,200.00,974.00,326.00,772.00,326.00
772.00,201.00,974.00,201.00,974.00,326.00,772.00,326.00
771.00,199.00,975.00,199.00,975.00,326.00,771.00,326.00
771.00,200.00,975.00,200.00,975.00,326.00,771.00,326.00
771.00,199.00,975.00,199.00,975.00,326.00,771.00,326.00
769.00,198.00,979.00,198.00,979.00,328.00,769.00,328.00
769.00,197.00,979.00,197.00,979.00,328.00,769.00,328.00
771.00,199.00,975.00,199.00,975.00,326.00,771.00,326.00
770.00,199.00,974.00,199.00,974.00,326.00,770.00,326.00
771.00,198.00,977.00,198.00,977.00,326.00,771.00,326.00
771.00,198.00,979.00,198.00,979.00,328.00,771.00,328.00
771.00,200.00,975.00,200.00,975.00,326.00,771.00,326.00
771.00,200.00,975.00,200.00,975.00,327.00,771.00,327.00
772.00,201.00,974.00,201.00,974.00,327.00,772.00,327.00
771.00,200.00,975.00,200.00,975.00,327.00,771.00,327.00
770.00,200.00,974.00,200.00,974.00,326.00,770.00,326.00
772.00,201.00,974.00,201.00,974.00,327.00,772.00,327.00
771.00,200.00,974.00,200.00,974.00,326.00,771.00,326.00
771.00,199.00,975.00,199.00,975.00,326.00,771.00,326.00
773.00,201.00,975.00,201.00,975.00,326.00,773.00,326.00
772.00,202.00,974.00,202.00,974.00,327.00,772.00,327.00
772.00,202.00,974.00,202.00,974.00,327.00,772.00,327.00
772.00,202.00,974.00,202.00,974.00,328.00,772.00,328.00
773.00,202.00,974.00,202.00,974.00,327.00,773.00,327.00
771.00,200.00,975.00,200.00,975.00,327.00,771.00,327.00
771.00,200.00,975.00,200.00,975.00,327.00,771.00,327.00
771.00,200.00,975.00,200.00,975.00,327.00,771.00,327.00
771.00,201.00,975.00,201.00,975.00,327.00,771.00,327.00
770.00,201.00,976.00,201.00,976.00,329.00,770.00,329.00
770.00,201.00,974.00,201.00,974.00,328.00,770.00,328.00
772.00,205.00,971.00,205.00,971.00,329.00,772.00,329.00
769.00,203.00,973.00,203.00,973.00,330.00,769.00,330.00
771.00,207.00,968.00,207.00,968.00,330.00,771.00,330.00
767.00,204.00,971.00,204.00,971.00,331.00,767.00,331.00
767.00,205.00,971.00,205.00,971.00,332.00,767.00,332.00
770.00,209.00,968.00,209.00,968.00,332.00,770.00,332.00
772.00,212.00,964.00,212.00,964.00,332.00,772.00,332.00
774.00,215.00,961.00,215.00,961.00,331.00,774.00,331.00
774.00,214.00,964.00,214.00,964.00,332.00,774.00,332.00
773.00,216.00,963.00,216.00,963.00,334.00,773.00,334.00
770.00,214.00,964.00,214.00,964.00,335.00,770.00,335.00
770.00,214.00,964.00,214.00,964.00,334.00,770.00,334.00
772.00,217.00,962.00,217.00,962.00,335.00,772.00,335.00
771.00,216.00,961.00,216.00,961.00,334.00,771.00,334.00
772.00,218.00,956.00,218.00,956.00,333.00,772.00,333.00
771.00,222.00,952.00,222.00,952.00,335.00,771.00,335.00
771.00,221.00,951.00,221.00,951.00,334.00,771.00,334.00
769.00,225.00,944.00,225.00,944.00,334.00,769.00,334.00
768.00,228.00,940.00,228.00,940.00,335.00,768.00,335.00
768.00,230.00,937.00,230.00,937.00,335.00,768.00,335.00
763.00,228.00,937.00,228.00,937.00,336.00,763.00,336.00
762.00,226.00,935.00,226.00,935.00,334.00,762.00,334.00
762.00,225.00,941.00,225.00,941.00,337.00,762.00,337.00
758.00,223.00,941.00,223.00,941.00,337.00,758.00,337.00
759.00,227.00,937.00,227.00,937.00,337.00,759.00,337.00
757.00,229.00,931.00,229.00,931.00,337.00,757.00,337.00
757.00,229.00,928.00,229.00,928.00,335.00,757.00,335.00
760.00,227.00,933.00,227.00,933.00,335.00,760.00,335.00
763.00,229.00,935.00,229.00,935.00,336.00,763.00,336.00
760.00,230.00,932.00,230.00,932.00,337.00,760.00,337.00
763.00,231.00,931.00,231.00,931.00,336.00,763.00,336.00
760.00,231.00,932.00,231.00,932.00,338.00,760.00,338.00
763.00,232.00,932.00,232.00,932.00,337.00,763.00,337.00
761.00,233.00,930.00,233.00,930.00,338.00,761.00,338.00
758.00,235.00,926.00,235.00,926.00,339.00,758.00,339.00
759.00,237.00,923.00,237.00,923.00,338.00,759.00,338.00
761.00,240.00,919.00,240.00,919.00,338.00,761.00,338.00
760.00,240.00,916.00,240.00,916.00,337.00,760.00,337.00
760.00,242.00,912.00,242.00,912.00,336.00,760.00,336.00
758.00,242.00,911.00,242.00,911.00,336.00,758.00,336.00
755.00,238.00,912.00,238.00,912.00,336.00,755.00,336.00
758.00,242.00,910.00,242.00,910.00,337.00,758.00,337.00
757.00,243.00,905.00,243.00,905.00,335.00,757.00,335.00
756.00,244.00,904.00,244.00,904.00,336.00,756.00,336.00
764.00,242.00,916.00,242.00,916.00,337.00,764.00,337.00
766.00,237.00,923.00,237.00,923.00,334.00,766.00,334.00
764.00,238.00,921.00,238.00,921.00,335.00,764.00,335.00
765.00,242.00,917.00,242.00,917.00,336.00,765.00,336.00
763.00,243.00,915.00,243.00,915.00,338.00,763.00,338.00
792.00,234.00,950.00,234.00,950.00,332.00,792.00,332.00
788.00,231.00,950.00,231.00,950.00,332.00,788.00,332.00
781.00,228.00,948.00,228.00,948.00,332.00,781.00,332.00
776.00,225.00,946.00,225.00,946.00,331.00,776.00,331.00
778.00,221.00,954.00,221.00,954.00,330.00,778.00,330.00
780.00,216.00,959.00,216.00,959.00,327.00,780.00,327.00
776.00,214.00,961.00,214.00,961.00,328.00,776.00,328.00
775.00,211.00,965.00,211.00,965.00,329.00,775.00,329.00
773.00,210.00,967.00,210.00,967.00,330.00,773.00,330.00
2
0
0
0
0
1
430.00,199.00,639.00,199.00,639.00,314.00,430.00,314.00
420.00,197.00,636.00,197.00,636.00,316.00,420.00,316.00
421.00,197.00,636.00,197.00,636.00,316.00,421.00,316.00
395.00,194.00,610.00,194.00,610.00,313.00,395.00,313.00
389.00,192.00,602.00,192.00,602.00,310.00,389.00,310.00
385.00,191.00,598.00,191.00,598.00,308.00,385.00,308.00
384.00,192.00,597.00,192.00,597.00,309.00,384.00,309.00
380.00,190.00,600.00,190.00,600.00,311.00,380.00,311.00
382.00,192.00,598.00,192.00,598.00,310.00,382.00,310.00
382.00,190.00,601.00,190.00,601.00,311.00,382.00,311.00
378.00,187.00,602.00,187.00,602.00,310.00,378.00,310.00
375.00,187.00,601.00,187.00,601.00,312.00,375.00,312.00
375.00,190.00,597.00,190.00,597.00,312.00,375.00,312.00
373.00,188.00,599.00,188.00,599.00,313.00,373.00,313.00
373.00,190.00,595.00,190.00,595.00,313.00,373.00,313.00
370.00,188.00,594.00,188.00,594.00,312.00,370.00,312.00
364.00,188.00,593.00,188.00,593.00,314.00,364.00,314.00
361.00,189.00,588.00,189.00,588.00,313.00,361.00,313.00
357.00,188.00,588.00,188.00,588.00,315.00,357.00,315.00
355.00,190.00,579.00,190.00,579.00,314.00,355.00,314.00
352.00,190.00,576.00,190.00,576.00,313.00,352.00,313.00
344.00,186.00,575.00,186.00,575.00,313.00,344.00,313.00
344.00,189.00,571.00,189.00,571.00,314.00,344.00,314.00
341.00,189.00,565.00,189.00,565.00,312.00,341.00,312.00
337.00,188.00,563.00,188.00,563.00,313.00,337.00,313.00
337.00,192.00,559.00,192.00,559.00,314.00,337.00,314.00
329.00,189.00,558.00,189.00,558.00,315.00,329.00,315.00
331.00,192.00,553.00,192.00,553.00,314.00,331.00,314.00
334.00,195.00,551.00,195.00,551.00,314.00,334.00,314.00
332.00,194.00,550.00,194.00,550.00,314.00,332.00,314.00
331.00,196.00,547.00,196.00,547.00,314.00,331.00,314.00
333.00,197.00,542.00,197.00,542.00,312.00,333.00,312.00
335.00,197.00,550.00,197.00,550.00,315.00,335.00,315.00
336.00,194.00,558.00,194.00,558.00,316.00,336.00,316.00
337.00,193.00,552.00,193.00,552.00,312.00,337.00,312.00
335.00,190.00,555.00,190.00,555.00,311.00,335.00,311.00
337.00,191.00,553.00,191.00,553.00,310.00,337.00,310.00
338.00,191.00,555.00,191.00,555.00,311.00,338.00,311.00
337.00,193.00,550.00,193.00,550.00,311.00,337.00,311.00
338.00,194.00,551.00,194.00,551.00,311.00,338.00,311.00
337.00,195.00,555.00,195.00,555.00,314.00,337.00,314.00
336.00,193.00,560.00,193.00,560.00,316.00,336.00,316.00
338.00,197.00,555.00,197.00,555.00,317.00,338.00,317.00
338.00,198.00,553.00,198.00,553.00,317.00,338.00,317.00
338.00,199.00,553.00,199.00,553.00,317.00,338.00,317.00
338.00,198.00,554.00,198.00,554.00,316.00,338.00,316.00
344.00,200.00,553.00,200.00,553.00,315.00,344.00,315.00
337.00,201.00,553.00,201.00,553.00,319.00,337.00,319.00
340.00,206.00,549.00,206.00,549.00,321.00,340.00,321.00
335.00,205.00,551.00,205.00,551.00,323.00,335.00,323.00
333.00,206.00,551.00,206.00,551.00,326.00,333.00,326.00
331.00,202.00,550.00,202.00,550.00,323.00,331.00,323.00
330.00,204.00,549.00,204.00,549.00,324.00,330.00,324.00
329.00,204.00,548.00,204.00,548.00,325.00,329.00,325.00
331.00,205.00,547.00,205.00,547.00,324.00,331.00,324.00
331.00,205.00,546.00,205.00,546.00,323.00,331.00,323.00
333.00,207.00,542.00,207.00,542.00,322.00,333.00,322.00
329.00,206.00,544.00,206.00,544.00,325.00,329.00,325.00
332.00,209.00,541.00,209.00,541.00,324.00,332.00,324.00
329.00,207.00,542.00,207.00,542.00,324.00,329.00,324.00
330.00,209.00,539.00,209.00,539.00,324.00,330.00,324.00
328.00,207.00,543.00,207.00,543.00,326.00,328.00,326.00
327.00,206.00,545.00,206.00,545.00,326.00,327.00,326.00
328.00,206.00,543.00,206.00,543.00,325.00,328.00,325.00
326.00,207.00,542.00,207.00,542.00,325.00,326.00,325.00
324.00,206.00,540.00,206.00,540.00,325.00,324.00,325.00
325.00,206.00,538.00,206.00,538.00,323.00,325.00,323.00
324.00,206.00,537.00,206.00,537.00,323.00,324.00,323.00
320.00,205.00,540.00,205.00,540.00,326.00,320.00,326.00
324.00,205.00,539.00,205.00,539.00,324.00,324.00,324.00
323.00,205.00,538.00,205.00,538.00,324.00,323.00,324.00
321.00,205.00,534.00,205.00,534.00,322.00,321.00,322.00
324.00,206.00,535.00,206.00,535.00,322.00,324.00,322.00
323.00,205.00,538.00,205.00,538.00,324.00,323.00,324.00
323.00,205.00,539.00,205.00,539.00,323.00,323.00,323.00
327.00,205.00,536.00,205.00,536.00,320.00,327.00,320.00
327.00,203.00,543.00,203.00,543.00,322.00,327.00,322.00
330.00,203.00,543.00,203.00,543.00,320.00,330.00,320.00
326.00,202.00,546.00,202.00,546.00,323.00,326.00,323.00
328.00,202.00,544.00,202.00,544.00,321.00,328.00,321.00
328.00,202.00,541.00,202.00,541.00,320.00,328.00,320.00
331.00,204.00,538.00,204.00,538.00,317.00,331.00,317.00
330.00,204.00,537.00,204.00,537.00,317.00,330.00,317.00
326.00,201.00,539.00,201.00,539.00,318.00,326.00,318.00
325.00,201.00,542.00,201.00,542.00,320.00,325.00,320.00
325.00,201.00,540.00,201.00,540.00,320.00,325.00,320.00
324.00,202.00,538.00,202.00,538.00,319.00,324.00,319.00
326.00,204.00,535.00,204.00,535.00,319.00,326.00,319.00
324.00,202.00,539.00,202.00,539.00,320.00,324.00,320.00
325.00,201.00,541.00,201.00,541.00,319.00,325.00,319.00
325.00,200.00,541.00,200.00,541.00,319.00,325.00,319.00
325.00,199.00,540.00,199.00,540.00,318.00,325.00,318.00
324.00,198.00,539.00,198.00,539.00,317.00,324.00,317.00
318.00,196.00,540.00,196.00,540.00,318.00,318.00,318.00
317.00,194.00,541.00,194.00,541.00,317.00,317.00,317.00
316.00,194.00,540.00,194.00,540.00,317.00,316.00,317.00
317.00,194.00,538.00,194.00,538.00,316.00,317.00,316.00
317.00,194.00,537.00,194.00,537.00,315.00,317.00,315.00
318.00,195.00,538.00,195.00,538.00,316.00,318.00,316.00
317.00,193.00,539.00,193.00,539.00,316.00,317.00,316.00
320.00,196.00,536.00,196.00,536.00,314.00,320.00,314.00
319.00,194.00,537.00,194.00,537.00,314.00,319.00,314.00
316.00,193.00,535.00,193.00,535.00,314.00,316.00,314.00
318.00,194.00,533.00,194.00,533.00,313.00,318.00,313.00
317.00,193.00,532.00,193.00,532.00,312.00,317.00,312.00
316.00,192.00,533.00,192.00,533.00,312.00,316.00,312.00
316.00,190.00,534.00,190.00,534.00,310.00,316.00,310.00
316.00,190.00,532.00,190.00,532.00,308.00,316.00,308.00
313.00,188.00,535.00,188.00,535.00,310.00,313.00,310.00
319.00,191.00,534.00,191.00,534.00,310.00,319.00,310.00
319.00,192.00,534.00,192.00,534.00,310.00,319.00,310.00
319.00,192.00,537.00,192.00,537.00,312.00,319.00,312.00
324.00,196.00,537.00,196.00,537.00,314.00,324.00,314.00
321.00,198.00,536.00,198.00,536.00,316.00,321.00,316.00
320.00,199.00,535.00,199.00,535.00,317.00,320.00,317.00
322.00,202.00,531.00,202.00,531.00,317.00,322.00,317.00
318.00,202.00,527.00,202.00,527.00,317.00,318.00,317.00
316.00,202.00,531.00,202.00,531.00,320.00,316.00,320.00
314.00,203.00,527.00,203.00,527.00,320.00,314.00,320.00
320.00,205.00,536.00,205.00,536.00,324.00,320.00,324.00
320.00,206.00,529.00,206.00,529.00,321.00,320.00,321.00
319.00,205.00,532.00,205.00,532.00,323.00,319.00,323.00
316.00,203.00,534.00,203.00,534.00,323.00,316.00,323.00
314.00,200.00,536.00,200.00,536.00,322.00,314.00,322.00
318.00,201.00,538.00,201.00,538.00,322.00,318.00,322.00
321.00,201.00,541.00,201.00,541.00,322.00,321.00,322.00
321.00,204.00,535.00,204.00,535.00,321.00,321.00,321.00
322.00,202.00,535.00,202.00,535.00,320.00,322.00,320.00
321.00,198.00,541.00,198.00,541.00,319.00,321.00,319.00
317.00,195.00,541.00,195.00,541.00,318.00,317.00,318.00
319.00,199.00,536.00,199.00,536.00,319.00,319.00,319.00
314.00,193.00,538.00,193.00,538.00,317.00,314.00,317.00
315.00,194.00,537.00,194.00,537.00,316.00,315.00,316.00
312.00,188.00,541.00,188.00,541.00,314.00,312.00,314.00
318.00,193.00,542.00,193.00,542.00,316.00,318.00,316.00
319.00,197.00,536.00,197.00,536.00,317.00,319.00,317.00
319.00,198.00,538.00,198.00,538.00,319.00,319.00,319.00
316.00,197.00,538.00,197.00,538.00,319.00,316.00,319.00
315.00,196.00,537.00,196.00,537.00,318.00,315.00,318.00
317.00,198.00,537.00,198.00,537.00,319.00,317.00,319.00
320.00,200.00,533.00,200.00,533.00,318.00,320.00,318.00
320.00,202.00,533.00,202.00,533.00,320.00,320.00,320.00
318.00,199.00,538.00,199.00,538.00,320.00,318.00,320.00
318.00,195.00,538.00,195.00,538.00,316.00,318.00,316.00
318.00,194.00,542.00,194.00,542.00,318.00,318.00,318.00
317.00,194.00,541.00,194.00,541.00,317.00,317.00,317.00
320.00,197.00,539.00,197.00,539.00,318.00,320.00,318.00
320.00,197.00,540.00,197.00,540.00,318.00,320.00,318.00
321.00,198.00,538.00,198.00,538.00,317.00,321.00,317.00
322.00,199.00,537.00,199.00,537.00,317.00,322.00,317.00
322.00,199.00,537.00,199.00,537.00,317.00,322.00,317.00
317.00,196.00,537.00,196.00,537.00,317.00,317.00,317.00
319.00,196.00,537.00,196.00,537.00,316.00,319.00,316.00
320.00,197.00,540.00,197.00,540.00,318.00,320.00,318.00
315.00,191.00,541.00,191.00,541.00,316.00,315.00,316.00
316.00,194.00,538.00,194.00,538.00,316.00,316.00,316.00
314.00,193.00,539.00,193.00,539.00,317.00,314.00,317.00
318.00,198.00,538.00,198.00,538.00,319.00,318.00,319.00
314.00,194.00,539.00,194.00,539.00,317.00,314.00,317.00
315.00,194.00,539.00,194.00,539.00,317.00,315.00,317.00
316.00,194.00,538.00,194.00,538.00,316.00,316.00,316.00
313.00,192.00,542.00,192.00,542.00,318.00,313.00,318.00
316.00,195.00,538.00,195.00,538.00,317.00,316.00,317.00
315.00,193.00,541.00,193.00,541.00,317.00,315.00,317.00
315.00,193.00,539.00,193.00,539.00,316.00,315.00,316.00
313.00,193.00,540.00,193.00,540.00,317.00,313.00,317.00
316.00,196.00,538.00,196.00,538.00,318.00,316.00,318.00
316.00,194.00,540.00,194.00,540.00,318.00,316.00,318.00
316.00,193.00,542.00,193.00,542.00,317.00,316.00,317.00
316.00,193.00,540.00,193.00,540.00,317.00,316.00,317.00
315.00,194.00,539.00,194.00,539.00,317.00,315.00,317.00
312.00,192.00,541.00,192.00,541.00,318.00,312.00,318.00
314.00,192.00,542.00,192.00,542.00,318.00,314.00,318.00
315.00,194.00,539.00,194.00,539.00,317.00,315.00,317.00
313.00,192.00,542.00,192.00,542.00,318.00,313.00,318.00
315.00,192.00,543.00,192.00,543.00,318.00,315.00,318.00
317.00,194.00,541.00,194.00,541.00,317.00,317.00,317.00
315.00,193.00,541.00,193.00,541.00,317.00,315.00,317.00
315.00,192.00,542.00,192.00,542.00,316.00,315.00,316.00
315.00,192.00,541.00,192.00,541.00,317.00,315.00,317.00
315.00,194.00,540.00,194.00,540.00,317.00,315.00,317.00
315.00,196.00,539.00,196.00,539.00,319.00,315.00,319.00
313.00,194.00,539.00,194.00,539.00,319.00,313.00,319.00
318.00,200.00,538.00,200.00,538.00,321.00,318.00,321.00
318.00,199.00,540.00,199.00,540.00,321.00,318.00,321.00
317.00,197.00,539.00,197.00,539.00,319.00,317.00,319.00
314.00,195.00,541.00,195.00,541.00,320.00,314.00,320.00
312.00,195.00,541.00,195.00,541.00,321.00,312.00,321.00
314.00,196.00,538.00,196.00,538.00,319.00,314.00,319.00
314.00,196.00,538.00,196.00,538.00,319.00,314.00,319.00
2
0
0
0
0
1
42.00,227.00,257.00,227.00,257.00,321.00,42.00,321.00
40.00,228.00,255.00,228.00,255.00,322.00,40.00,322.00
39.00,228.00,254.00,228.00,254.00,322.00,39.00,322.00
38.00,228.00,253.00,228.00,253.00,322.00,38.00,322.00
38.00,228.00,253.00,228.00,253.00,322.00,38.00,322.00
38.00,228.00,253.00,228.00,253.00,322.00,38.00,322.00
36.00,227.00,256.00,227.00,256.00,323.00,36.00,323.00
40.00,227.00,255.00,227.00,255.00,321.00,40.00,321.00
40.00,227.00,257.00,227.00,257.00,322.00,40.00,322.00
35.00,225.00,259.00,225.00,259.00,323.00,35.00,323.00
40.00,228.00,257.00,228.00,257.00,323.00,40.00,323.00
35.00,226.00,259.00,226.00,259.00,324.00,35.00,324.00
40.00,228.00,258.00,228.00,258.00,323.00,40.00,323.00
34.00,227.00,258.00,227.00,258.00,324.00,34.00,324.00
37.00,227.00,257.00,227.00,257.00,322.00,37.00,322.00
40.00,229.00,255.00,229.00,255.00,323.00,40.00,323.00
37.00,226.00,256.00,226.00,256.00,322.00,37.00,322.00
36.00,226.00,256.00,226.00,256.00,322.00,36.00,322.00
39.00,228.00,256.00,228.00,256.00,323.00,39.00,323.00
39.00,228.00,256.00,228.00,256.00,322.00,39.00,322.00
38.00,227.00,255.00,227.00,255.00,322.00,38.00,322.00
36.00,226.00,255.00,226.00,255.00,322.00,36.00,322.00
39.00,228.00,254.00,228.00,254.00,322.00,39.00,322.00
35.00,226.00,254.00,226.00,254.00,322.00,35.00,322.00
30.00,224.00,256.00,224.00,256.00,323.00,30.00,323.00
25.00,223.00,256.00,223.00,256.00,324.00,25.00,324.00
24.00,223.00,255.00,223.00,255.00,324.00,24.00,324.00
24.00,222.00,254.00,222.00,254.00,323.00,24.00,323.00
17.00,219.00,255.00,219.00,255.00,323.00,17.00,323.00
15.00,219.00,255.00,219.00,255.00,324.00,15.00,324.00
15.00,219.00,255.00,219.00,255.00,324.00,15.00,324.00
12.00,218.00,252.00,218.00,252.00,323.00,12.00,323.00
12.00,217.00,252.00,217.00,252.00,322.00,12.00,322.00
9.00,217.00,252.00,217.00,252.00,323.00,9.00,323.00
7.00,214.00,252.00,214.00,252.00,321.00,7.00,321.00
11.00,214.00,253.00,214.00,253.00,321.00,11.00,321.00
7.00,212.00,252.00,212.00,252.00,319.00,7.00,319.00
8.00,213.00,252.00,213.00,252.00,320.00,8.00,320.00
7.00,213.00,251.00,213.00,251.00,320.00,7.00,320.00
4.00,212.00,252.00,212.00,252.00,320.00,4.00,320.00
4.00,211.00,251.00,211.00,251.00,319.00,4.00,319.00
6.00,212.00,251.00,212.00,251.00,319.00,6.00,319.00
9.00,212.00,251.00,212.00,251.00,318.00,9.00,318.00
7.00,210.00,252.00,210.00,252.00,317.00,7.00,317.00
7.00,210.00,252.00,210.00,252.00,317.00,7.00,317.00
6.00,208.00,253.00,208.00,253.00,316.00,6.00,316.00
10.00,212.00,253.00,212.00,253.00,318.00,10.00,318.00
11.00,212.00,251.00,212.00,251.00,317.00,11.00,317.00
8.00,211.00,253.00,211.00,253.00,318.00,8.00,318.00
8.00,211.00,253.00,211.00,253.00,318.00,8.00,318.00
7.00,210.00,254.00,210.00,254.00,318.00,7.00,318.00
8.00,211.00,253.00,211.00,253.00,318.00,8.00,318.00
10.00,213.00,253.00,213.00,253.00,319.00,10.00,319.00
8.00,211.00,253.00,211.00,253.00,318.00,8.00,318.00
8.00,211.00,253.00,211.00,253.00,318.00,8.00,318.00
8.00,211.00,252.00,211.00,252.00,318.00,8.00,318.00
8.00,210.00,253.00,210.00,253.00,317.00,8.00,317.00
8.00,210.00,253.00,210.00,253.00,317.00,8.00,317.00
8.00,211.00,253.00,211.00,253.00,318.00,8.00,318.00
9.00,210.00,253.00,210.00,253.00,318.00,9.00,318.00
10.00,211.00,255.00,211.00,255.00,318.00,10.00,318.00
8.00,209.00,255.00,209.00,255.00,317.00,8.00,317.00
7.00,210.00,255.00,210.00,255.00,318.00,7.00,318.00
11.00,211.00,256.00,211.00,256.00,318.00,11.00,318.00
15.00,214.00,255.00,214.00,255.00,319.00,15.00,319.00
15.00,213.00,255.00,213.00,255.00,318.00,15.00,318.00
12.00,212.00,254.00,212.00,254.00,318.00,12.00,318.00
14.00,213.00,254.00,213.00,254.00,318.00,14.00,318.00
13.00,213.00,253.00,213.00,253.00,318.00,13.00,318.00
12.00,213.00,252.00,213.00,252.00,318.00,12.00,318.00
11.00,213.00,253.00,213.00,253.00,319.00,11.00,319.00
12.00,213.00,255.00,213.00,255.00,319.00,12.00,319.00
12.00,213.00,255.00,213.00,255.00,319.00,12.00,319.00
12.00,212.00,254.00,212.00,254.00,318.00,12.00,318.00
9.00,210.00,254.00,210.00,254.00,317.00,9.00,317.00
12.00,213.00,255.00,213.00,255.00,319.00,12.00,319.00
10.00,211.00,255.00,211.00,255.00,318.00,10.00,318.00
15.00,214.00,255.00,214.00,255.00,319.00,15.00,319.00
14.00,213.00,254.00,213.00,254.00,318.00,14.00,318.00
13.00,213.00,255.00,213.00,255.00,319.00,13.00,319.00
13.00,213.00,255.00,213.00,255.00,319.00,13.00,319.00
13.00,213.00,256.00,213.00,256.00,319.00,13.00,319.00
14.00,213.00,256.00,213.00,256.00,319.00,14.00,319.00
10.00,211.00,255.00,211.00,255.00,318.00,10.00,318.00
15.00,214.00,253.00,214.00,253.00,318.00,15.00,318.00
14.00,214.00,254.00,214.00,254.00,319.00,14.00,319.00
13.00,213.00,255.00,213.00,255.00,319.00,13.00,319.00
14.00,214.00,254.00,214.00,254.00,319.00,14.00,319.00
15.00,214.00,255.00,214.00,255.00,319.00,15.00,319.00
14.00,214.00,254.00,214.00,254.00,319.00,14.00,319.00
14.00,214.00,254.00,214.00,254.00,319.00,14.00,319.00
13.00,214.00,253.00,214.00,253.00,319.00,13.00,319.00
12.00,213.00,254.00,213.00,254.00,319.00,12.00,319.00
12.00,213.00,254.00,213.00,254.00,319.00,12.00,319.00
12.00,213.00,254.00,213.00,254.00,319.00,12.00,319.00
12.00,212.00,254.00,212.00,254.00,318.00,12.00,318.00
12.00,212.00,254.00,212.00,254.00,319.00,12.00,319.00
12.00,212.00,255.00,212.00,255.00,318.00,12.00,318.00
15.00,213.00,252.00,213.00,252.00,317.00,15.00,317.00
15.00,213.00,253.00,213.00,253.00,317.00,15.00,317.00
15.00,214.00,253.00,214.00,253.00,318.00,15.00,318.00
11.00,210.00,255.00,210.00,255.00,317.00,11.00,317.00
13.00,212.00,256.00,212.00,256.00,318.00,13.00,318.00
16.00,213.00,254.00,213.00,254.00,317.00,16.00,317.00
16.00,213.00,254.00,213.00,254.00,317.00,16.00,317.00
16.00,213.00,255.00,213.00,255.00,318.00,16.00,318.00
15.00,213.00,255.00,213.00,255.00,318.00,15.00,318.00
16.00,214.00,254.00,214.00,254.00,317.00,16.00,317.00
16.00,213.00,254.00,213.00,254.00,317.00,16.00,317.00
16.00,213.00,253.00,213.00,253.00,317.00,16.00,317.00
15.00,213.00,255.00,213.00,255.00,318.00,15.00,318.00
10.00,211.00,255.00,211.00,255.00,318.00,10.00,318.00
9.00,211.00,254.00,211.00,254.00,318.00,9.00,318.00
13.00,214.00,253.00,214.00,253.00,319.00,13.00,319.00
10.00,211.00,255.00,211.00,255.00,318.00,10.00,318.00
12.00,213.00,255.00,213.00,255.00,319.00,12.00,319.00
14.00,214.00,254.00,214.00,254.00,319.00,14.00,319.00
17.00,215.00,253.00,215.00,253.00,318.00,17.00,318.00
15.00,214.00,252.00,214.00,252.00,318.00,15.00,318.00
15.00,214.00,252.00,214.00,252.00,318.00,15.00,318.00
13.00,214.00,253.00,214.00,253.00,319.00,13.00,319.00
13.00,214.00,253.00,214.00,253.00,319.00,13.00,319.00
13.00,215.00,253.00,215.00,253.00,320.00,13.00,320.00
8.00,213.00,253.00,213.00,253.00,320.00,8.00,320.00
7.00,213.00,252.00,213.00,252.00,320.00,7.00,320.00
10.00,215.00,252.00,215.00,252.00,321.00,10.00,321.00
9.00,213.00,253.00,213.00,253.00,320.00,9.00,320.00
9.00,213.00,254.00,213.00,254.00,320.00,9.00,320.00
9.00,213.00,254.00,213.00,254.00,320.00,9.00,320.00
12.00,215.00,254.00,215.00,254.00,321.00,12.00,321.00
12.00,214.00,254.00,214.00,254.00,320.00,12.00,320.00
9.00,212.00,254.00,212.00,254.00,319.00,9.00,319.00
9.00,213.00,254.00,213.00,254.00,320.00,9.00,320.00
13.00,214.00,253.00,214.00,253.00,319.00,13.00,319.00
13.00,214.00,253.00,214.00,253.00,319.00,13.00,319.00
13.00,214.00,253.00,214.00,253.00,319.00,13.00,319.00
13.00,213.00,253.00,213.00,253.00,318.00,13.00,318.00
15.00,212.00,255.00,212.00,255.00,317.00,15.00,317.00
13.00,211.00,255.00,211.00,255.00,317.00,13.00,317.00
14.00,211.00,256.00,211.00,256.00,317.00,14.00,317.00
15.00,212.00,255.00,212.00,255.00,316.00,15.00,316.00
14.00,211.00,257.00,211.00,257.00,317.00,14.00,317.00
16.00,211.00,256.00,211.00,256.00,316.00,16.00,316.00
14.00,211.00,257.00,211.00,257.00,317.00,14.00,317.00
15.00,211.00,257.00,211.00,257.00,317.00,15.00,317.00
16.00,211.00,256.00,211.00,256.00,316.00,16.00,316.00
12.00,209.00,257.00,209.00,257.00,316.00,12.00,316.00
15.00,210.00,258.00,210.00,258.00,316.00,15.00,316.00
18.00,211.00,256.00,211.00,256.00,315.00,18.00,315.00
18.00,212.00,256.00,212.00,256.00,316.00,18.00,316.00
19.00,213.00,257.00,213.00,257.00,317.00,19.00,317.00
21.00,213.00,258.00,213.00,258.00,317.00,21.00,317.00
22.00,214.00,260.00,214.00,260.00,318.00,22.00,318.00
25.00,215.00,260.00,215.00,260.00,318.00,25.00,318.00
25.00,216.00,260.00,216.00,260.00,319.00,25.00,319.00
24.00,216.00,260.00,216.00,260.00,319.00,24.00,319.00
28.00,218.00,260.00,218.00,260.00,320.00,28.00,320.00
33.00,219.00,261.00,219.00,261.00,319.00,33.00,319.00
29.00,218.00,262.00,218.00,262.00,320.00,29.00,320.00
31.00,218.00,261.00,218.00,261.00,319.00,31.00,319.00
27.00,218.00,260.00,218.00,260.00,320.00,27.00,320.00
28.00,217.00,261.00,217.00,261.00,319.00,28.00,319.00
29.00,217.00,262.00,217.00,262.00,319.00,29.00,319.00
32.00,219.00,261.00,219.00,261.00,318.00,32.00,318.00
30.00,218.00,261.00,218.00,261.00,319.00,30.00,319.00
34.00,218.00,262.00,218.00,262.00,318.00,34.00,318.00
28.00,217.00,261.00,217.00,261.00,319.00,28.00,319.00
28.00,217.00,261.00,217.00,261.00,319.00,28.00,319.00
28.00,217.00,261.00,217.00,261.00,319.00,28.00,319.00
33.00,218.00,262.00,218.00,262.00,317.00,33.00,317.00
31.00,218.00,261.00,218.00,261.00,318.00,31.00,318.00
28.00,217.00,261.00,217.00,261.00,319.00,28.00,319.00
30.00,218.00,261.00,218.00,261.00,319.00,30.00,319.00
26.00,216.00,262.00,216.00,262.00,319.00,26.00,319.00
28.00,217.00,261.00,217.00,261.00,319.00,28.00,319.00
28.00,217.00,261.00,217.00,261.00,319.00,28.00,319.00
26.00,216.00,261.00,216.00,261.00,319.00,26.00,319.00
28.00,216.00,261.00,216.00,261.00,318.00,28.00,318.00
26.00,215.00,261.00,215.00,261.00,318.00,26.00,318.00
26.00,215.00,261.00,215.00,261.00,318.00,26.00,318.00
21.00,214.00,261.00,214.00,261.00,319.00,21.00,319.00
26.00,215.00,261.00,215.00,261.00,318.00,26.00,318.00
25.00,215.00,260.00,215.00,260.00,318.00,25.00,318.00
26.00,215.00,261.00,215.00,261.00,317.00,26.00,317.00
25.00,215.00,261.00,215.00,261.00,318.00,25.00,318.00
25.00,215.00,260.00,215.00,260.00,318.00,25.00,318.00
25.00,215.00,260.00,215.00,260.00,318.00,25.00,318.00
26.00,215.00,261.00,215.00,261.00,318.00,26.00,318.00
26.00,215.00,261.00,215.00,261.00,318.00,26.00,318.00
26.00,214.00,262.00,214.00,262.00,317.00,26.00,317.00
26.00,214.00,261.00,214.00,261.00,317.00,26.00,317.00
28.00,215.00,261.00,215.00,261.00,317.00,28.00,317.00
26.00,214.00,261.00,214.00,261.00,317.00,26.00,317.00
25.00,213.00,261.00,213.00,261.00,316.00,25.00,316.00
26.00,213.00,261.00,213.00,261.00,316.00,26.00,316.00
28.00,214.00,261.00,214.00,261.00,316.00,28.00,316.00
32.00,216.00,260.00,216.00,260.00,316.00,32.00,316.00
32.00,216.00,261.00,216.00,261.00,316.00,32.00,316.00
31.00,216.00,261.00,216.00,261.00,317.00,31.00,317.00
32.00,217.00,260.00,217.00,260.00,317.00,32.00,317.00
27.00,215.00,262.00,215.00,262.00,318.00,27.00,318.00
24.00,214.00,261.00,214.00,261.00,318.00,24.00,318.00
26.00,217.00,261.00,217.00,261.00,320.00,26.00,320.00
28.00,220.00,261.00,220.00,261.00,322.00,28.00,322.00
30.00,222.00,261.00,222.00,261.00,323.00,30.00,323.00
27.00,222.00,260.00,222.00,260.00,324.00,27.00,324.00
31.00,224.00,261.00,224.00,261.00,325.00,31.00,325.00
31.00,226.00,262.00,226.00,262.00,327.00,31.00,327.00
35.00,226.00,261.00,226.00,261.00,325.00,35.00,325.00
34.00,227.00,260.00,227.00,260.00,326.00,34.00,326.00
34.00,227.00,260.00,227.00,260.00,326.00,34.00,326.00
34.00,227.00,260.00,227.00,260.00,325.00,34.00,325.00
34.00,226.00,260.00,226.00,260.00,325.00,34.00,325.00
34.00,227.00,260.00,227.00,260.00,325.00,34.00,325.00
34.00,226.00,260.00,226.00,260.00,325.00,34.00,325.00
35.00,226.00,261.00,226.00,261.00,324.00,35.00,324.00
35.00,225.00,261.00,225.00,261.00,324.00,35.00,324.00
33.00,223.00,262.00,223.00,262.00,323.00,33.00,323.00
34.00,222.00,262.00,222.00,262.00,322.00,34.00,322.00
35.00,222.00,263.00,222.00,263.00,322.00,35.00,322.00
35.00,222.00,263.00,222.00,263.00,322.00,35.00,322.00
35.00,221.00,263.00,221.00,263.00,321.00,35.00,321.00
35.00,220.00,263.00,220.00,263.00,320.00,35.00,320.00
35.00,219.00,263.00,219.00,263.00,319.00,35.00,319.00
34.00,219.00,265.00,219.00,265.00,319.00,34.00,319.00
35.00,219.00,265.00,219.00,265.00,319.00,35.00,319.00
36.00,219.00,264.00,219.00,264.00,318.00,36.00,318.00
35.00,218.00,263.00,218.00,263.00,317.00,35.00,317.00
35.00,217.00,264.00,217.00,264.00,317.00,35.00,317.00
35.00,217.00,263.00,217.00,263.00,317.00,35.00,317.00
32.00,215.00,265.00,215.00,265.00,317.00,32.00,317.00
35.00,216.00,263.00,216.00,263.00,316.00,35.00,316.00
33.00,214.00,266.00,214.00,266.00,316.00,33.00,316.00
36.00,214.00,265.00,214.00,265.00,314.00,36.00,314.00
39.00,214.00,265.00,214.00,265.00,313.00,39.00,313.00
34.00,213.00,267.00,213.00,267.00,315.00,34.00,315.00
38.00,214.00,266.00,214.00,266.00,313.00,38.00,313.00
36.00,213.00,267.00,213.00,267.00,314.00,36.00,314.00
37.00,213.00,267.00,213.00,267.00,314.00,37.00,314.00
39.00,212.00,267.00,212.00,267.00,312.00,39.00,312.00
35.00,213.00,268.00,213.00,268.00,314.00,35.00,314.00
32.00,212.00,267.00,212.00,267.00,315.00,32.00,315.00
39.00,215.00,267.00,215.00,267.00,315.00,39.00,315.00
34.00,215.00,267.00,215.00,267.00,317.00,34.00,317.00
39.00,217.00,267.00,217.00,267.00,317.00,39.00,317.00
39.00,218.00,265.00,218.00,265.00,317.00,39.00,317.00
39.00,218.00,265.00,218.00,265.00,317.00,39.00,317.00
38.00,218.00,267.00,218.00,267.00,318.00,38.00,318.00
41.00,219.00,267.00,219.00,267.00,318.00,41.00,318.00
42.00,219.00,268.00,219.00,268.00,318.00,42.00,318.00
44.00,222.00,268.00,222.00,268.00,319.00,44.00,319.00
44.00,222.00,268.00,222.00,268.00,320.00,44.00,320.00
44.00,223.00,267.00,223.00,267.00,321.00,44.00,321.00
38.00,219.00,269.00,219.00,269.00,320.00,38.00,320.00
38.00,220.00,268.00,220.00,268.00,320.00,38.00,320.00
38.00,220.00,269.00,220.00,269.00,321.00,38.00,321.00
36.00,218.00,269.00,218.00,269.00,320.00,36.00,320.00
35.00,218.00,268.00,218.00,268.00,320.00,35.00,320.00
34.00,217.00,270.00,217.00,270.00,320.00,34.00,320.00
37.00,219.00,270.00,219.00,270.00,321.00,37.00,321.00
36.00,219.00,269.00,219.00,269.00,321.00,36.00,321.00
36.00,219.00,269.00,219.00,269.00,321.00,36.00,321.00
35.00,219.00,268.00,219.00,268.00,321.00,35.00,321.00
35.00,217.00,270.00,217.00,270.00,319.00,35.00,319.00
37.00,218.00,270.00,218.00,270.00,320.00,37.00,320.00
37.00,218.00,270.00,218.00,270.00,320.00,37.00,320.00
39.00,220.00,267.00,220.00,267.00,319.00,39.00,319.00
36.00,217.00,269.00,217.00,269.00,319.00,36.00,319.00
38.00,219.00,267.00,219.00,267.00,319.00,38.00,319.00
39.00,221.00,267.00,221.00,267.00,321.00,39.00,321.00
40.00,220.00,268.00,220.00,268.00,319.00,40.00,319.00
40.00,221.00,266.00,221.00,266.00,319.00,40.00,319.00
37.00,218.00,270.00,218.00,270.00,320.00,37.00,320.00
39.00,219.00,267.00,219.00,267.00,319.00,39.00,319.00
40.00,219.00,268.00,219.00,268.00,319.00,40.00,319.00
38.00,218.00,269.00,218.00,269.00,319.00,38.00,319.00
37.00,217.00,270.00,217.00,270.00,319.00,37.00,319.00
36.00,217.00,272.00,217.00,272.00,320.00,36.00,320.00
37.00,217.00,272.00,217.00,272.00,320.00,37.00,320.00
37.00,216.00,272.00,216.00,272.00,319.00,37.00,319.00
37.00,216.00,273.00,216.00,273.00,319.00,37.00,319.00
37.00,216.00,272.00,216.00,272.00,319.00,37.00,319.00
35.00,214.00,275.00,214.00,275.00,319.00,35.00,319.00
33.00,213.00,275.00,213.00,275.00,319.00,33.00,319.00
35.00,215.00,273.00,215.00,273.00,319.00,35.00,319.00
32.00,213.00,275.00,213.00,275.00,319.00,32.00,319.00
32.00,213.00,274.00,213.00,274.00,319.00,32.00,319.00
34.00,216.00,272.00,216.00,272.00,320.00,34.00,320.00
33.00,215.00,273.00,215.00,273.00,320.00,33.00,320.00
34.00,216.00,274.00,216.00,274.00,321.00,34.00,321.00
34.00,215.00,274.00,215.00,274.00,320.00,34.00,320.00
37.00,216.00,272.00,216.00,272.00,319.00,37.00,319.00
36.00,216.00,273.00,216.00,273.00,319.00,36.00,319.00
36.00,215.00,276.00,215.00,276.00,320.00,36.00,320.00
36.00,215.00,274.00,215.00,274.00,319.00,36.00,319.00
38.00,216.00,273.00,216.00,273.00,319.00,38.00,319.00
36.00,215.00,274.00,215.00,274.00,319.00,36.00,319.00
36.00,215.00,273.00,215.00,273.00,319.00,36.00,319.00
37.00,217.00,272.00,217.00,272.00,320.00,37.00,320.00
38.00,218.00,271.00,218.00,271.00,320.00,38.00,320.00
34.00,215.00,274.00,215.00,274.00,320.00,34.00,320.00
38.00,216.00,273.00,216.00,273.00,319.00,38.00,319.00
39.00,218.00,271.00,218.00,271.00,319.00,39.00,319.00
37.00,217.00,273.00,217.00,273.00,320.00,37.00,320.00
37.00,217.00,273.00,217.00,273.00,320.00,37.00,320.00
39.00,218.00,272.00,218.00,272.00,320.00,39.00,320.00
40.00,218.00,273.00,218.00,273.00,320.00,40.00,320.00
40.00,220.00,271.00,220.00,271.00,320.00,40.00,320.00
36.00,217.00,271.00,217.00,271.00,320.00,36.00,320.00
40.00,221.00,268.00,221.00,268.00,321.00,40.00,321.00
39.00,220.00,269.00,220.00,269.00,321.00,39.00,321.00
37.00,219.00,270.00,219.00,270.00,321.00,37.00,321.00
40.00,221.00,268.00,221.00,268.00,321.00,40.00,321.00
40.00,221.00,269.00,221.00,269.00,321.00,40.00,321.00
41.00,221.00,269.00,221.00,269.00,321.00,41.00,321.00
38.00,218.00,270.00,218.00,270.00,320.00,38.00,320.00
40.00,219.00,270.00,219.00,270.00,320.00,40.00,320.00
39.00,219.00,270.00,219.00,270.00,320.00,39.00,320.00
39.00,220.00,270.00,220.00,270.00,321.00,39.00,321.00
39.00,220.00,269.00,220.00,269.00,320.00,39.00,320.00
39.00,219.00,270.00,219.00,270.00,320.00,39.00,320.00
41.00,220.00,269.00,220.00,269.00,320.00,41.00,320.00
36.00,217.00,272.00,217.00,272.00,320.00,36.00,320.00
40.00,220.00,270.00,220.00,270.00,320.00,40.00,320.00
37.00,217.00,272.00,217.00,272.00,320.00,37.00,320.00
40.00,220.00,270.00,220.00,270.00,321.00,40.00,321.00
38.00,218.00,271.00,218.00,271.00,320.00,38.00,320.00
36.00,217.00,271.00,217.00,271.00,320.00,36.00,320.00
36.00,217.00,271.00,217.00,271.00,320.00,36.00,320.00
38.00,218.00,271.00,218.00,271.00,320.00,38.00,320.00
39.00,220.00,270.00,220.00,270.00,320.00,39.00,320.00
38.00,218.00,271.00,218.00,271.00,320.00,38.00,320.00
40.00,220.00,270.00,220.00,270.00,320.00,40.00,320.00
36.00,218.00,271.00,218.00,271.00,321.00,36.00,321.00
40.00,220.00,270.00,220.00,270.00,321.00,40.00,321.00
40.00,220.00,271.00,220.00,271.00,321.00,40.00,321.00
39.00,220.00,270.00,220.00,270.00,321.00,39.00,321.00
40.00,220.00,270.00,220.00,270.00,321.00,40.00,321.00
38.00,219.00,271.00,219.00,271.00,321.00,38.00,321.00
36.00,218.00,271.00,218.00,271.00,320.00,36.00,320.00
37.00,219.00,270.00,219.00,270.00,321.00,37.00,321.00
37.00,219.00,270.00,219.00,270.00,321.00,37.00,321.00
40.00,221.00,268.00,221.00,268.00,321.00,40.00,321.00
37.00,219.00,270.00,219.00,270.00,321.00,37.00,321.00
35.00,218.00,271.00,218.00,271.00,321.00,35.00,321.00
40.00,220.00,270.00,220.00,270.00,320.00,40.00,320.00
38.00,219.00,271.00,219.00,271.00,321.00,38.00,321.00
38.00,218.00,271.00,218.00,271.00,320.00,38.00,320.00
36.00,217.00,271.00,217.00,271.00,320.00,36.00,320.00
38.00,219.00,271.00,219.00,271.00,321.00,38.00,321.00
36.00,217.00,271.00,217.00,271.00,320.00,36.00,320.00
38.00,218.00,271.00,218.00,271.00,320.00,38.00,320.00
40.00,220.00,270.00,220.00,270.00,320.00,40.00,320.00
38.00,219.00,271.00,219.00,271.00,321.00,38.00,321.00
40.00,220.00,271.00,220.00,271.00,321.00,40.00,321.00
39.00,219.00,272.00,219.00,272.00,321.00,39.00,321.00
39.00,219.00,272.00,219.00,272.00,321.00,39.00,321.00
35.00,215.00,272.00,215.00,272.00,319.00,35.00,319.00
39.00,218.00,272.00,218.00,272.00,320.00,39.00,320.00
40.00,219.00,271.00,219.00,271.00,320.00,40.00,320.00
40.00,220.00,270.00,220.00,270.00,321.00,40.00,321.00
36.00,217.00,272.00,217.00,272.00,320.00,36.00,320.00
38.00,218.00,270.00,218.00,270.00,320.00,38.00,320.00
39.00,219.00,272.00,219.00,272.00,320.00,39.00,320.00
40.00,220.00,271.00,220.00,271.00,321.00,40.00,321.00
39.00,218.00,271.00,218.00,271.00,320.00,39.00,320.00
39.00,219.00,272.00,219.00,272.00,321.00,39.00,321.00
41.00,221.00,269.00,221.00,269.00,321.00,41.00,321.00
40.00,220.00,271.00,220.00,271.00,321.00,40.00,321.00
41.00,220.00,272.00,220.00,272.00,321.00,41.00,321.00
39.00,219.00,272.00,219.00,272.00,321.00,39.00,321.00
39.00,219.00,272.00,219.00,272.00,321.00,39.00,321.00
38.00,219.00,271.00,219.00,271.00,321.00,38.00,321.00
38.00,218.00,271.00,218.00,271.00,320.00,38.00,320.00
34.00,216.00,272.00,216.00,272.00,320.00,34.00,320.00
38.00,219.00,271.00,219.00,271.00,321.00,38.00,321.00
38.00,219.00,271.00,219.00,271.00,320.00,38.00,320.00
38.00,219.00,271.00,219.00,271.00,321.00,38.00,321.00
39.00,219.00,271.00,219.00,271.00,321.00,39.00,321.00
39.00,219.00,272.00,219.00,272.00,321.00,39.00,321.00
39.00,219.00,272.00,219.00,272.00,321.00,39.00,321.00
37.00,217.00,272.00,217.00,272.00,320.00,37.00,320.00
39.00,219.00,272.00,219.00,272.00,321.00,39.00,321.00
37.00,217.00,272.00,217.00,272.00,320.00,37.00,320.00
39.00,219.00,271.00,219.00,271.00,321.00,39.00,321.00
36.00,218.00,271.00,218.00,271.00,321.00,36.00,321.00
38.00,219.00,271.00,219.00,271.00,321.00,38.00,321.00
41.00,222.00,269.00,222.00,269.00,322.00,41.00,322.00
40.00,221.00,268.00,221.00,268.00,321.00,40.00,321.00
40.00,222.00,269.00,222.00,269.00,322.00,40.00,322.00
36.00,218.00,272.00,218.00,272.00,321.00,36.00,321.00
39.00,219.00,272.00,219.00,272.00,321.00,39.00,321.00
38.00,219.00,271.00,219.00,271.00,321.00,38.00,321.00
36.00,218.00,271.00,218.00,271.00,321.00,36.00,321.00
36.00,217.00,271.00,217.00,271.00,320.00,36.00,320.00
36.00,218.00,272.00,218.00,272.00,321.00,36.00,321.00
38.00,219.00,271.00,219.00,271.00,321.00,38.00,321.00
39.00,219.00,271.00,219.00,271.00,321.00,39.00,321.00
40.00,221.00,270.00,221.00,270.00,322.00,40.00,322.00
40.00,222.00,269.00,222.00,269.00,321.00,40.00,321.00
40.00,222.00,268.00,222.00,268.00,321.00,40.00,321.00
40.00,222.00,268.00,222.00,268.00,322.00,40.00,322.00
36.00,218.00,271.00,218.00,271.00,321.00,36.00,321.00
35.00,218.00,270.00,218.00,270.00,321.00,35.00,321.00
36.00,218.00,271.00,218.00,271.00,321.00,36.00,321.00
35.00,218.00,270.00,218.00,270.00,321.00,35.00,321.00
38.00,219.00,271.00,219.00,271.00,321.00,38.00,321.00
38.00,219.00,271.00,219.00,271.00,321.00,38.00,321.00
38.00,219.00,271.00,219.00,271.00,321.00,38.00,321.00
42.00,223.00,268.00,223.00,268.00,322.00,42.00,322.00
42.00,222.00,268.00,222.00,268.00,321.00,42.00,321.00
40.00,221.00,268.00,221.00,268.00,321.00,40.00,321.00
41.00,222.00,269.00,222.00,269.00,322.00,41.00,322.00
36.00,218.00,271.00,218.00,271.00,321.00,36.00,321.00
38.00,220.00,271.00,220.00,271.00,321.00,38.00,321.00
39.00,222.00,268.00,222.00,268.00,322.00,39.00,322.00
40.00,222.00,268.00,222.00,268.00,322.00,40.00,322.00
41.00,223.00,267.00,223.00,267.00,322.00,41.00,322.00
40.00,222.00,269.00,222.00,269.00,322.00,40.00,322.00
40.00,221.00,269.00,221.00,269.00,321.00,40.00,321.00
42.00,223.00,268.00,223.00,268.00,322.00,42.00,322.00
41.00,221.00,269.00,221.00,269.00,321.00,41.00,321.00
40.00,222.00,269.00,222.00,269.00,322.00,40.00,322.00
35.00,218.00,271.00,218.00,271.00,321.00,35.00,321.00
38.00,219.00,271.00,219.00,271.00,321.00,38.00,321.00
37.00,219.00,270.00,219.00,270.00,321.00,37.00,321.00
33.00,216.00,270.00,216.00,270.00,320.00,33.00,320.00
37.00,219.00,270.00,219.00,270.00,321.00,37.00,321.00
36.00,219.00,269.00,219.00,269.00,321.00,36.00,321.00
38.00,221.00,269.00,221.00,269.00,322.00,38.00,322.00
39.00,223.00,267.00,223.00,267.00,322.00,39.00,322.00
43.00,225.00,267.00,225.00,267.00,323.00,43.00,323.00
42.00,223.00,268.00,223.00,268.00,322.00,42.00,322.00
40.00,222.00,268.00,222.00,268.00,322.00,40.00,322.00
40.00,221.00,268.00,221.00,268.00,321.00,40.00,321.00
40.00,222.00,269.00,222.00,269.00,322.00,40.00,322.00
40.00,222.00,269.00,222.00,269.00,321.00,40.00,321.00
36.00,218.00,271.00,218.00,271.00,321.00,36.00,321.00
35.00,218.00,270.00,218.00,270.00,321.00,35.00,321.00
36.00,220.00,269.00,220.00,269.00,322.00,36.00,322.00
39.00,222.00,267.00,222.00,267.00,322.00,39.00,322.00
39.00,222.00,267.00,222.00,267.00,322.00,39.00,322.00
39.00,222.00,267.00,222.00,267.00,322.00,39.00,322.00
39.00,221.00,267.00,221.00,267.00,321.00,39.00,321.00
39.00,221.00,268.00,221.00,268.00,321.00,39.00,321.00
40.00,221.00,268.00,221.00,268.00,321.00,40.00,321.00
41.00,221.00,269.00,221.00,269.00,321.00,41.00,321.00
42.00,223.00,268.00,223.00,268.00,322.00,42.00,322.00
40.00,222.00,269.00,222.00,269.00,322.00,40.00,322.00
42.00,223.00,268.00,223.00,268.00,322.00,42.00,322.00
41.00,223.00,267.00,223.00,267.00,322.00,41.00,322.00
40.00,222.00,268.00,222.00,268.00,322.00,40.00,322.00
40.00,222.00,268.00,222.00,268.00,322.00,40.00,322.00
39.00,223.00,268.00,223.00,268.00,322.00,39.00,322.00
40.00,222.00,268.00,222.00,268.00,322.00,40.00,322.00
35.00,219.00,271.00,219.00,271.00,321.00,35.00,321.00
38.00,220.00,271.00,220.00,271.00,322.00,38.00,322.00
36.00,219.00,272.00,219.00,272.00,322.00,36.00,322.00
40.00,223.00,269.00,223.00,269.00,323.00,40.00,323.00
41.00,223.00,267.00,223.00,267.00,322.00,41.00,322.00
2
0
0
0
0
1
291.00,201.00,501.00,201.00,501.00,306.00,291.00,306.00
294.00,202.00,500.00,202.00,500.00,305.00,294.00,305.00
295.00,202.00,503.00,202.00,503.00,306.00,295.00,306.00
296.00,202.00,506.00,202.00,506.00,307.00,296.00,307.00
302.00,205.00,508.00,205.00,508.00,308.00,302.00,308.00
306.00,206.00,510.00,206.00,510.00,308.00,306.00,308.00
313.00,207.00,512.00,207.00,512.00,307.00,313.00,307.00
318.00,208.00,514.00,208.00,514.00,306.00,318.00,306.00
325.00,211.00,522.00,211.00,522.00,310.00,325.00,310.00
331.00,213.00,523.00,213.00,523.00,309.00,331.00,309.00
337.00,212.00,529.00,212.00,529.00,308.00,337.00,308.00
339.00,210.00,537.00,210.00,537.00,309.00,339.00,309.00
342.00,206.00,541.00,206.00,541.00,305.00,342.00,305.00
353.00,204.00,550.00,204.00,550.00,303.00,353.00,303.00
357.00,204.00,555.00,204.00,555.00,303.00,357.00,303.00
359.00,203.00,558.00,203.00,558.00,303.00,359.00,303.00
362.00,203.00,562.00,203.00,562.00,303.00,362.00,303.00
368.00,205.00,562.00,205.00,562.00,302.00,368.00,302.00
371.00,204.00,567.00,204.00,567.00,302.00,371.00,302.00
375.00,206.00,567.00,206.00,567.00,302.00,375.00,302.00
374.00,204.00,570.00,204.00,570.00,302.00,374.00,302.00
374.00,204.00,574.00,204.00,574.00,304.00,374.00,304.00
372.00,203.00,578.00,203.00,578.00,306.00,372.00,306.00
377.00,204.00,579.00,204.00,579.00,305.00,377.00,305.00
377.00,203.00,581.00,203.00,581.00,305.00,377.00,305.00
377.00,204.00,581.00,204.00,581.00,306.00,377.00,306.00
379.00,205.00,581.00,205.00,581.00,306.00,379.00,306.00
380.00,205.00,580.00,205.00,580.00,305.00,380.00,305.00
383.00,208.00,583.00,208.00,583.00,308.00,383.00,308.00
386.00,210.00,587.00,210.00,587.00,311.00,386.00,311.00
385.00,210.00,591.00,210.00,591.00,313.00,385.00,313.00
390.00,213.00,594.00,213.00,594.00,315.00,390.00,315.00
400.00,217.00,597.00,217.00,597.00,316.00,400.00,316.00
418.00,227.00,612.00,227.00,612.00,324.00,418.00,324.00
434.00,232.00,624.00,232.00,624.00,327.00,434.00,327.00
448.00,237.00,635.00,237.00,635.00,330.00,448.00,330.00
459.00,237.00,649.00,237.00,649.00,332.00,459.00,332.00
477.00,237.00,661.00,237.00,661.00,330.00,477.00,330.00
493.00,237.00,672.00,237.00,672.00,326.00,493.00,326.00
499.00,237.00,674.00,237.00,674.00,325.00,499.00,325.00
504.00,235.00,679.00,235.00,679.00,322.00,504.00,322.00
512.00,235.00,686.00,235.00,686.00,322.00,512.00,322.00
514.00,237.00,686.00,237.00,686.00,322.00,514.00,322.00
519.00,241.00,693.00,241.00,693.00,328.00,519.00,328.00
485.00,226.00,662.00,226.00,662.00,315.00,485.00,315.00
491.00,231.00,665.00,231.00,665.00,318.00,491.00,318.00
491.00,233.00,668.00,233.00,668.00,322.00,491.00,322.00
498.00,236.00,670.00,236.00,670.00,322.00,498.00,322.00
506.00,231.00,674.00,231.00,674.00,315.00,506.00,315.00
2
0
0
0
0
1
721.00,231.00,863.00,231.00,863.00,298.00,721.00,298.00
722.00,231.00,864.00,231.00,864.00,298.00,722.00,298.00
723.00,232.00,865.00,232.00,865.00,298.00,723.00,298.00
724.00,231.00,869.00,231.00,869.00,299.00,724.00,299.00
723.00,228.00,873.00,228.00,873.00,298.00,723.00,298.00
725.00,230.00,875.00,230.00,875.00,299.00,725.00,299.00
723.00,228.00,876.00,228.00,876.00,300.00,723.00,300.00
723.00,228.00,880.00,228.00,880.00,301.00,723.00,301.00
721.00,227.00,876.00,227.00,876.00,299.00,721.00,299.00
720.00,229.00,871.00,229.00,871.00,299.00,720.00,299.00
759.00,240.00,907.00,240.00,907.00,309.00,759.00,309.00
762.00,241.00,910.00,241.00,910.00,310.00,762.00,310.00
764.00,238.00,911.00,238.00,911.00,306.00,764.00,306.00
764.00,240.00,913.00,240.00,913.00,309.00,764.00,309.00
765.00,241.00,913.00,241.00,913.00,310.00,765.00,310.00
768.00,244.00,912.00,244.00,912.00,311.00,768.00,311.00
764.00,245.00,913.00,245.00,913.00,314.00,764.00,314.00
766.00,245.00,913.00,245.00,913.00,313.00,766.00,313.00
769.00,247.00,913.00,247.00,913.00,314.00,769.00,314.00
771.00,245.00,919.00,245.00,919.00,314.00,771.00,314.00
776.00,242.00,927.00,242.00,927.00,313.00,776.00,313.00
782.00,238.00,939.00,238.00,939.00,311.00,782.00,311.00
783.00,239.00,939.00,239.00,939.00,311.00,783.00,311.00
787.00,237.00,946.00,237.00,946.00,311.00,787.00,311.00
777.00,239.00,941.00,239.00,941.00,315.00,777.00,315.00
784.00,240.00,943.00,240.00,943.00,314.00,784.00,314.00
788.00,240.00,943.00,240.00,943.00,312.00,788.00,312.00
788.00,242.00,943.00,242.00,943.00,314.00,788.00,314.00
779.00,238.00,934.00,238.00,934.00,310.00,779.00,310.00
770.00,236.00,929.00,236.00,929.00,310.00,770.00,310.00
