1
345.00,219.00,574.00,219.00,574.00,371.00,345.00,371.00
346.00,219.00,575.00,219.00,575.00,371.00,346.00,371.00
345.00,217.00,576.00,217.00,576.00,370.00,345.00,370.00
346.00,215.00,575.00,215.00,575.00,367.00,346.00,367.00
345.00,213.00,576.00,213.00,576.00,367.00,345.00,367.00
348.00,214.00,573.00,214.00,573.00,363.00,348.00,363.00
349.00,213.00,571.00,213.00,571.00,361.00,349.00,361.00
348.00,211.00,572.00,211.00,572.00,360.00,348.00,360.00
349.00,211.00,571.00,211.00,571.00,358.00,349.00,358.00
345.00,207.00,574.00,207.00,574.00,359.00,345.00,359.00
347.00,207.00,573.00,207.00,573.00,358.00,347.00,358.00
346.00,205.00,575.00,205.00,575.00,357.00,346.00,357.00
346.00,205.00,575.00,205.00,575.00,357.00,346.00,357.00
346.00,205.00,575.00,205.00,575.00,357.00,346.00,357.00
346.00,203.00,575.00,203.00,575.00,355.00,346.00,355.00
348.00,203.00,577.00,203.00,577.00,355.00,348.00,355.00
351.00,204.00,573.00,204.00,573.00,352.00,351.00,352.00
352.00,204.00,572.00,204.00,572.00,350.00,352.00,350.00
350.00,202.00,575.00,202.00,575.00,351.00,350.00,351.00
348.00,199.00,577.00,199.00,577.00,351.00,348.00,351.00
345.00,198.00,578.00,198.00,578.00,353.00,345.00,353.00
348.00,198.00,577.00,198.00,577.00,350.00,348.00,350.00
347.00,198.00,578.00,198.00,578.00,351.00,347.00,351.00
349.00,200.00,575.00,200.00,575.00,350.00,349.00,350.00
348.00,209.00,577.00,209.00,577.00,361.00,348.00,361.00
351.00,213.00,578.00,213.00,578.00,364.00,351.00,364.00
349.00,220.00,578.00,220.00,578.00,372.00,349.00,372.00
350.00,221.00,579.00,221.00,579.00,373.00,350.00,373.00
349.00,223.00,578.00,223.00,578.00,375.00,349.00,375.00
350.00,226.00,577.00,226.00,577.00,377.00,350.00,377.00
349.00,228.00,576.00,228.00,576.00,378.00,349.00,378.00
344.00,227.00,573.00,227.00,573.00,379.00,344.00,379.00
355.00,228.00,579.00,228.00,579.00,377.00,355.00,377.00
344.00,225.00,573.00,225.00,573.00,377.00,344.00,377.00
324.00,226.00,546.00,226.00,546.00,373.00,324.00,373.00
317.00,223.00,543.00,223.00,543.00,373.00,317.00,373.00
331.00,222.00,560.00,222.00,560.00,374.00,331.00,374.00
342.00,221.00,571.00,221.00,571.00,373.00,342.00,373.00
338.00,220.00,567.00,220.00,567.00,372.00,338.00,372.00
333.00,220.00,562.00,220.00,562.00,372.00,333.00,372.00
333.00,219.00,564.00,219.00,564.00,373.00,333.00,373.00
332.00,219.00,561.00,219.00,561.00,371.00,332.00,371.00
333.00,218.00,562.00,218.00,562.00,370.00,333.00,370.00
332.00,217.00,564.00,217.00,564.00,370.00,332.00,370.00
331.00,218.00,560.00,218.00,560.00,370.00,331.00,370.00
333.00,218.00,560.00,218.00,560.00,368.00,333.00,368.00
331.00,218.00,558.00,218.00,558.00,369.00,331.00,369.00
325.00,220.00,550.00,220.00,550.00,369.00,325.00,369.00
320.00,217.00,547.00,217.00,547.00,368.00,320.00,368.00
316.00,217.00,543.00,217.00,543.00,367.00,316.00,367.00
312.00,216.00,541.00,216.00,541.00,368.00,312.00,368.00
306.00,215.00,537.00,215.00,537.00,368.00,306.00,368.00
304.00,216.00,531.00,216.00,531.00,367.00,304.00,367.00
300.00,217.00,527.00,217.00,527.00,367.00,300.00,367.00
297.00,216.00,524.00,216.00,524.00,366.00,297.00,366.00
295.00,217.00,520.00,217.00,520.00,366.00,295.00,366.00
289.00,215.00,516.00,215.00,516.00,365.00,289.00,365.00
284.00,213.00,513.00,213.00,513.00,365.00,284.00,365.00
281.00,212.00,510.00,212.00,510.00,364.00,281.00,364.00
280.00,212.00,505.00,212.00,505.00,361.00,280.00,361.00
280.00,212.00,500.00,212.00,500.00,358.00,280.00,358.00
274.00,209.00,499.00,209.00,499.00,358.00,274.00,358.00
272.00,206.00,497.00,206.00,497.00,355.00,272.00,355.00
269.00,204.00,498.00,204.00,498.00,356.00,269.00,356.00
274.00,204.00,500.00,204.00,500.00,354.00,274.00,354.00
273.00,201.00,502.00,201.00,502.00,353.00,273.00,353.00
277.00,200.00,509.00,200.00,509.00,353.00,277.00,353.00
281.00,201.00,510.00,201.00,510.00,353.00,281.00,353.00
282.00,199.00,511.00,199.00,511.00,351.00,282.00,351.00
281.00,199.00,510.00,199.00,510.00,351.00,281.00,351.00
280.00,200.00,507.00,200.00,507.00,350.00,280.00,350.00
278.00,199.00,505.00,199.00,505.00,350.00,278.00,350.00
277.00,199.00,506.00,199.00,506.00,351.00,277.00,351.00
279.00,200.00,504.00,200.00,504.00,349.00,279.00,349.00
275.00,198.00,502.00,198.00,502.00,348.00,275.00,348.00
278.00,199.00,500.00,199.00,500.00,346.00,278.00,346.00
271.00,195.00,500.00,195.00,500.00,347.00,271.00,347.00
274.00,197.00,496.00,197.00,496.00,344.00,274.00,344.00
266.00,191.00,495.00,191.00,495.00,343.00,266.00,343.00
266.00,187.00,495.00,187.00,495.00,339.00,266.00,339.00
267.00,183.00,496.00,183.00,496.00,335.00,267.00,335.00
270.00,182.00,495.00,182.00,495.00,331.00,270.00,331.00
267.00,177.00,494.00,177.00,494.00,327.00,267.00,327.00
265.00,173.00,494.00,173.00,494.00,325.00,265.00,325.00
269.00,175.00,491.00,175.00,491.00,323.00,269.00,323.00
267.00,172.00,491.00,172.00,491.00,321.00,267.00,321.00
268.00,171.00,490.00,171.00,490.00,319.00,268.00,319.00
276.00,167.00,503.00,167.00,503.00,318.00,276.00,318.00
286.00,168.00,508.00,168.00,508.00,316.00,286.00,316.00
278.00,165.00,504.00,165.00,504.00,315.00,278.00,315.00
278.00,165.00,500.00,165.00,500.00,313.00,278.00,313.00
282.00,167.00,498.00,167.00,498.00,310.00,282.00,310.00
281.00,167.00,497.00,167.00,497.00,311.00,281.00,311.00
281.00,168.00,499.00,168.00,499.00,313.00,281.00,313.00
286.00,174.00,497.00,174.00,497.00,314.00,286.00,314.00
284.00,174.00,502.00,174.00,502.00,318.00,284.00,318.00
289.00,179.00,501.00,179.00,501.00,320.00,289.00,320.00
292.00,186.00,502.00,186.00,502.00,325.00,292.00,325.00
296.00,198.00,501.00,198.00,501.00,334.00,296.00,334.00
296.00,207.00,505.00,207.00,505.00,346.00,296.00,346.00
297.00,215.00,504.00,215.00,504.00,353.00,297.00,353.00
297.00,224.00,509.00,224.00,509.00,364.00,297.00,364.00
299.00,233.00,510.00,233.00,510.00,373.00,299.00,373.00
297.00,236.00,510.00,236.00,510.00,378.00,297.00,378.00
304.00,245.00,513.00,245.00,513.00,383.00,304.00,383.00
310.00,253.00,519.00,253.00,519.00,392.00,310.00,392.00
310.00,259.00,517.00,259.00,517.00,397.00,310.00,397.00
310.00,260.00,524.00,260.00,524.00,402.00,310.00,402.00
310.00,260.00,527.00,260.00,527.00,404.00,310.00,404.00
320.00,265.00,531.00,265.00,531.00,405.00,320.00,405.00
318.00,267.00,536.00,267.00,536.00,411.00,318.00,411.00
323.00,274.00,536.00,274.00,536.00,416.00,323.00,416.00
322.00,276.00,540.00,276.00,540.00,421.00,322.00,421.00
328.00,283.00,541.00,283.00,541.00,425.00,328.00,425.00
332.00,282.00,550.00,282.00,550.00,427.00,332.00,427.00
340.00,286.00,556.00,286.00,556.00,429.00,340.00,429.00
342.00,288.00,555.00,288.00,555.00,430.00,342.00,430.00
342.00,289.00,558.00,289.00,558.00,432.00,342.00,432.00
344.00,290.00,560.00,290.00,560.00,434.00,344.00,434.00
343.00,291.00,559.00,291.00,559.00,434.00,343.00,434.00
343.00,291.00,559.00,291.00,559.00,434.00,343.00,434.00
343.00,290.00,561.00,290.00,561.00,435.00,343.00,435.00
342.00,286.00,567.00,286.00,567.00,435.00,342.00,435.00
341.00,284.00,568.00,284.00,568.00,434.00,341.00,434.00
340.00,282.00,566.00,282.00,566.00,433.00,340.00,433.00
338.00,280.00,567.00,280.00,567.00,432.00,338.00,432.00
341.00,282.00,564.00,282.00,564.00,430.00,341.00,430.00
337.00,278.00,566.00,278.00,566.00,430.00,337.00,430.00
339.00,278.00,563.00,278.00,563.00,427.00,339.00,427.00
339.00,277.00,561.00,277.00,561.00,425.00,339.00,425.00
338.00,274.00,565.00,274.00,565.00,424.00,338.00,424.00
339.00,275.00,563.00,275.00,563.00,424.00,339.00,424.00
341.00,278.00,563.00,278.00,563.00,426.00,341.00,426.00
339.00,280.00,566.00,280.00,566.00,430.00,339.00,430.00
341.00,285.00,565.00,285.00,565.00,434.00,341.00,434.00
339.00,282.00,566.00,282.00,566.00,433.00,339.00,433.00
341.00,284.00,563.00,284.00,563.00,432.00,341.00,432.00
340.00,283.00,562.00,283.00,562.00,430.00,340.00,430.00
341.00,282.00,563.00,282.00,563.00,429.00,341.00,429.00
340.00,279.00,569.00,279.00,569.00,431.00,340.00,431.00
340.00,279.00,569.00,279.00,569.00,431.00,340.00,431.00
342.00,282.00,564.00,282.00,564.00,430.00,342.00,430.00
336.00,278.00,565.00,278.00,565.00,430.00,336.00,430.00
336.00,277.00,565.00,277.00,565.00,429.00,336.00,429.00
342.00,278.00,567.00,278.00,567.00,427.00,342.00,427.00
342.00,273.00,571.00,273.00,571.00,425.00,342.00,425.00
346.00,273.00,568.00,273.00,568.00,421.00,346.00,421.00
345.00,267.00,574.00,267.00,574.00,419.00,345.00,419.00
352.00,265.00,581.00,265.00,581.00,417.00,352.00,417.00
361.00,275.00,587.00,275.00,587.00,425.00,361.00,425.00
362.00,291.00,586.00,291.00,586.00,440.00,362.00,440.00
361.00,293.00,590.00,293.00,590.00,445.00,361.00,445.00
362.00,294.00,589.00,294.00,589.00,445.00,362.00,445.00
367.00,302.00,587.00,302.00,587.00,448.00,367.00,448.00
364.00,303.00,586.00,303.00,586.00,450.00,364.00,450.00
361.00,303.00,585.00,303.00,585.00,452.00,361.00,452.00
356.00,300.00,585.00,300.00,585.00,452.00,356.00,452.00
353.00,300.00,580.00,300.00,580.00,451.00,353.00,451.00
367.00,303.00,589.00,303.00,589.00,450.00,367.00,450.00
378.00,302.00,601.00,302.00,601.00,450.00,378.00,450.00
372.00,298.00,598.00,298.00,598.00,449.00,372.00,449.00
370.00,299.00,595.00,299.00,595.00,448.00,370.00,448.00
367.00,296.00,596.00,296.00,596.00,448.00,367.00,448.00
358.00,297.00,583.00,297.00,583.00,446.00,358.00,446.00
346.00,293.00,575.00,293.00,575.00,445.00,346.00,445.00
356.00,294.00,581.00,294.00,581.00,443.00,356.00,443.00
367.00,291.00,592.00,291.00,592.00,440.00,367.00,440.00
373.00,288.00,598.00,288.00,598.00,437.00,373.00,437.00
363.00,280.00,585.00,280.00,585.00,428.00,363.00,428.00
347.00,267.00,576.00,267.00,576.00,419.00,347.00,419.00
341.00,257.00,570.00,257.00,570.00,409.00,341.00,409.00
342.00,249.00,567.00,249.00,567.00,398.00,342.00,398.00
332.00,241.00,563.00,241.00,563.00,394.00,332.00,394.00
332.00,248.00,556.00,248.00,556.00,397.00,332.00,397.00
331.00,248.00,555.00,248.00,555.00,397.00,331.00,397.00
332.00,246.00,554.00,246.00,554.00,393.00,332.00,393.00
334.00,238.00,554.00,238.00,554.00,384.00,334.00,384.00
346.00,219.00,566.00,219.00,566.00,365.00,346.00,365.00
345.00,191.00,571.00,191.00,571.00,341.00,345.00,341.00
353.00,167.00,573.00,167.00,573.00,313.00,353.00,313.00
357.00,149.00,580.00,149.00,580.00,296.00,357.00,296.00
364.00,132.00,584.00,132.00,584.00,278.00,364.00,278.00
372.00,110.00,588.00,110.00,588.00,253.00,372.00,253.00
370.00,107.00,583.00,107.00,583.00,249.00,370.00,249.00
367.00,118.00,583.00,118.00,583.00,261.00,367.00,261.00
378.00,117.00,593.00,117.00,593.00,260.00,378.00,260.00
397.00,106.00,611.00,106.00,611.00,247.00,397.00,247.00
392.00,89.00,607.00,89.00,607.00,232.00,392.00,232.00
370.00,70.00,592.00,70.00,592.00,217.00,370.00,217.00
363.00,60.00,579.00,60.00,579.00,203.00,363.00,203.00
365.00,46.00,580.00,46.00,580.00,189.00,365.00,189.00
371.00,33.00,584.00,33.00,584.00,175.00,371.00,175.00
373.00,26.00,589.00,26.00,589.00,169.00,373.00,169.00
373.00,30.00,583.00,30.00,583.00,169.00,373.00,169.00
359.00,38.00,574.00,38.00,574.00,181.00,359.00,181.00
357.00,49.00,566.00,49.00,566.00,188.00,357.00,188.00
359.00,49.00,573.00,49.00,573.00,191.00,359.00,191.00
362.00,47.00,575.00,47.00,575.00,188.00,362.00,188.00
361.00,43.00,571.00,43.00,571.00,182.00,361.00,182.00
359.00,46.00,572.00,46.00,572.00,187.00,359.00,187.00
361.00,46.00,577.00,46.00,577.00,189.00,361.00,189.00
367.00,52.00,581.00,52.00,581.00,194.00,367.00,194.00
372.00,64.00,581.00,64.00,581.00,203.00,372.00,203.00
375.00,84.00,589.00,84.00,589.00,226.00,375.00,226.00
381.00,104.00,590.00,104.00,590.00,243.00,381.00,243.00
386.00,125.00,595.00,125.00,595.00,264.00,386.00,264.00
391.00,144.00,598.00,144.00,598.00,281.00,391.00,281.00
380.00,161.00,593.00,161.00,593.00,302.00,380.00,302.00
392.00,178.00,599.00,178.00,599.00,316.00,392.00,316.00
407.00,180.00,614.00,180.00,614.00,318.00,407.00,318.00
406.00,178.00,611.00,178.00,611.00,314.00,406.00,314.00
386.00,174.00,595.00,174.00,595.00,313.00,386.00,313.00
368.00,177.00,578.00,177.00,578.00,315.00,368.00,315.00
366.00,179.00,575.00,179.00,575.00,318.00,366.00,318.00
377.00,178.00,584.00,178.00,584.00,315.00,377.00,315.00
380.00,175.00,585.00,175.00,585.00,311.00,380.00,311.00
372.00,183.00,574.00,183.00,574.00,316.00,372.00,316.00
364.00,191.00,565.00,191.00,565.00,324.00,364.00,324.00
355.00,192.00,562.00,192.00,562.00,329.00,355.00,329.00
350.00,197.00,557.00,197.00,557.00,335.00,350.00,335.00
344.00,206.00,551.00,206.00,551.00,343.00,344.00,343.00
345.00,214.00,546.00,214.00,546.00,348.00,345.00,348.00
345.00,219.00,544.00,219.00,544.00,351.00,345.00,351.00
346.00,221.00,549.00,221.00,549.00,356.00,346.00,356.00
355.00,226.00,554.00,226.00,554.00,358.00,355.00,358.00
360.00,225.00,555.00,225.00,555.00,354.00,360.00,354.00
363.00,221.00,562.00,221.00,562.00,353.00,363.00,353.00
365.00,218.00,564.00,218.00,564.00,350.00,365.00,350.00
368.00,217.00,563.00,217.00,563.00,346.00,368.00,346.00
370.00,220.00,561.00,220.00,561.00,347.00,370.00,347.00
366.00,226.00,559.00,226.00,559.00,354.00,366.00,354.00
370.00,229.00,565.00,229.00,565.00,358.00,370.00,358.00
375.00,233.00,566.00,233.00,566.00,360.00,375.00,360.00
376.00,237.00,563.00,237.00,563.00,361.00,376.00,361.00
371.00,240.00,564.00,240.00,564.00,368.00,371.00,368.00
363.00,245.00,552.00,245.00,552.00,371.00,363.00,371.00
357.00,250.00,544.00,250.00,544.00,374.00,357.00,374.00
363.00,256.00,551.00,256.00,551.00,380.00,363.00,380.00
369.00,263.00,554.00,263.00,554.00,387.00,369.00,387.00
370.00,269.00,550.00,269.00,550.00,388.00,370.00,388.00
370.00,275.00,547.00,275.00,547.00,392.00,370.00,392.00
369.00,280.00,545.00,280.00,545.00,397.00,369.00,397.00
365.00,281.00,547.00,281.00,547.00,401.00,365.00,401.00
366.00,282.00,546.00,282.00,546.00,402.00,366.00,402.00
370.00,285.00,546.00,285.00,546.00,402.00,370.00,402.00
372.00,285.00,549.00,285.00,549.00,402.00,372.00,402.00
377.00,285.00,550.00,285.00,550.00,400.00,377.00,400.00
378.00,287.00,550.00,287.00,550.00,400.00,378.00,400.00
378.00,285.00,549.00,285.00,549.00,398.00,378.00,398.00
379.00,286.00,550.00,286.00,550.00,400.00,379.00,400.00
380.00,288.00,552.00,288.00,552.00,402.00,380.00,402.00
380.00,290.00,551.00,290.00,551.00,403.00,380.00,403.00
380.00,291.00,552.00,291.00,552.00,404.00,380.00,404.00
380.00,287.00,546.00,287.00,546.00,397.00,380.00,397.00
370.00,285.00,538.00,285.00,538.00,396.00,370.00,396.00
363.00,281.00,531.00,281.00,531.00,393.00,363.00,393.00
365.00,274.00,531.00,274.00,531.00,384.00,365.00,384.00
371.00,260.00,538.00,260.00,538.00,371.00,371.00,371.00
371.00,255.00,532.00,255.00,532.00,362.00,371.00,362.00
360.00,249.00,522.00,249.00,522.00,356.00,360.00,356.00
355.00,245.00,516.00,245.00,516.00,352.00,355.00,352.00
363.00,232.00,524.00,232.00,524.00,339.00,363.00,339.00
364.00,226.00,520.00,226.00,520.00,330.00,364.00,330.00
361.00,218.00,522.00,218.00,522.00,325.00,361.00,325.00
364.00,213.00,524.00,213.00,524.00,319.00,364.00,319.00
366.00,211.00,522.00,211.00,522.00,315.00,366.00,315.00
366.00,205.00,523.00,205.00,523.00,308.00,366.00,308.00
364.00,196.00,521.00,196.00,521.00,300.00,364.00,300.00
368.00,194.00,520.00,194.00,520.00,295.00,368.00,295.00
369.00,191.00,522.00,191.00,522.00,293.00,369.00,293.00
369.00,189.00,526.00,189.00,526.00,292.00,369.00,292.00
373.00,190.00,528.00,190.00,528.00,293.00,373.00,293.00
373.00,190.00,530.00,190.00,530.00,293.00,373.00,293.00
375.00,190.00,527.00,190.00,527.00,291.00,375.00,291.00
373.00,188.00,529.00,188.00,529.00,292.00,373.00,292.00
374.00,189.00,528.00,189.00,528.00,290.00,374.00,290.00
374.00,190.00,526.00,190.00,526.00,291.00,374.00,291.00
372.00,189.00,524.00,189.00,524.00,290.00,372.00,290.00
372.00,191.00,519.00,191.00,519.00,289.00,372.00,289.00
367.00,191.00,519.00,191.00,519.00,292.00,367.00,292.00
366.00,190.00,518.00,190.00,518.00,290.00,366.00,290.00
359.00,190.00,508.00,190.00,508.00,289.00,359.00,289.00
354.00,190.00,501.00,190.00,501.00,288.00,354.00,288.00
348.00,190.00,495.00,190.00,495.00,287.00,348.00,287.00
342.00,190.00,491.00,190.00,491.00,288.00,342.00,288.00
343.00,193.00,487.00,193.00,487.00,288.00,343.00,288.00
336.00,191.00,483.00,191.00,483.00,289.00,336.00,289.00
335.00,192.00,479.00,192.00,479.00,288.00,335.00,288.00
332.00,190.00,480.00,190.00,480.00,287.00,332.00,287.00
319.00,190.00,467.00,190.00,467.00,288.00,319.00,288.00
321.00,192.00,467.00,192.00,467.00,289.00,321.00,289.00
315.00,193.00,461.00,193.00,461.00,290.00,315.00,290.00
317.00,194.00,460.00,194.00,460.00,289.00,317.00,289.00
313.00,194.00,456.00,194.00,456.00,289.00,313.00,289.00
310.00,195.00,450.00,195.00,450.00,287.00,310.00,287.00
305.00,196.00,444.00,196.00,444.00,288.00,305.00,288.00
297.00,197.00,440.00,197.00,440.00,292.00,297.00,292.00
296.00,198.00,437.00,198.00,437.00,291.00,296.00,291.00
302.00,202.00,440.00,202.00,440.00,293.00,302.00,293.00
306.00,201.00,447.00,201.00,447.00,294.00,306.00,294.00
314.00,204.00,452.00,204.00,452.00,295.00,314.00,295.00
321.00,205.00,457.00,205.00,457.00,295.00,321.00,295.00
327.00,204.00,462.00,204.00,462.00,293.00,327.00,293.00
325.00,204.00,461.00,204.00,461.00,294.00,325.00,294.00
318.00,202.00,455.00,202.00,455.00,293.00,318.00,293.00
315.00,202.00,450.00,202.00,450.00,291.00,315.00,291.00
314.00,203.00,445.00,203.00,445.00,290.00,314.00,290.00
306.00,201.00,441.00,201.00,441.00,291.00,306.00,291.00
302.00,201.00,436.00,201.00,436.00,290.00,302.00,290.00
301.00,200.00,430.00,200.00,430.00,286.00,301.00,286.00
298.00,198.00,427.00,198.00,427.00,284.00,298.00,284.00
295.00,197.00,425.00,197.00,425.00,283.00,295.00,283.00
299.00,196.00,430.00,196.00,430.00,283.00,299.00,283.00
306.00,197.00,433.00,197.00,433.00,281.00,306.00,281.00
306.00,194.00,434.00,194.00,434.00,279.00,306.00,279.00
307.00,193.00,433.00,193.00,433.00,276.00,307.00,276.00
311.00,190.00,434.00,190.00,434.00,272.00,311.00,272.00
315.00,189.00,439.00,189.00,439.00,271.00,315.00,271.00
320.00,186.00,444.00,186.00,444.00,269.00,320.00,269.00
328.00,186.00,448.00,186.00,448.00,266.00,328.00,266.00
332.00,184.00,456.00,184.00,456.00,267.00,332.00,267.00
336.00,184.00,458.00,184.00,458.00,264.00,336.00,264.00
343.00,185.00,461.00,185.00,461.00,263.00,343.00,263.00
354.00,184.00,471.00,184.00,471.00,262.00,354.00,262.00
361.00,184.00,477.00,184.00,477.00,261.00,361.00,261.00
360.00,182.00,479.00,182.00,479.00,261.00,360.00,261.00
367.00,181.00,485.00,181.00,485.00,259.00,367.00,259.00
367.00,180.00,484.00,180.00,484.00,257.00,367.00,257.00
367.00,180.00,481.00,180.00,481.00,256.00,367.00,256.00
367.00,181.00,478.00,181.00,478.00,255.00,367.00,255.00
362.00,178.00,476.00,178.00,476.00,253.00,362.00,253.00
359.00,175.00,474.00,175.00,474.00,251.00,359.00,251.00
359.00,174.00,470.00,174.00,470.00,248.00,359.00,248.00
358.00,173.00,470.00,173.00,470.00,248.00,358.00,248.00
358.00,173.00,471.00,173.00,471.00,247.00,358.00,247.00
356.00,171.00,469.00,171.00,469.00,245.00,356.00,245.00
359.00,172.00,468.00,172.00,468.00,245.00,359.00,245.00
360.00,172.00,467.00,172.00,467.00,242.00,360.00,242.00
359.00,171.00,465.00,171.00,465.00,241.00,359.00,241.00
358.00,171.00,463.00,171.00,463.00,241.00,358.00,241.00
356.00,171.00,462.00,171.00,462.00,241.00,356.00,241.00
356.00,172.00,461.00,172.00,461.00,241.00,356.00,241.00
356.00,173.00,458.00,173.00,458.00,240.00,356.00,240.00
354.00,174.00,456.00,174.00,456.00,242.00,354.00,242.00
354.00,175.00,455.00,175.00,455.00,242.00,354.00,242.00
355.00,176.00,453.00,176.00,453.00,241.00,355.00,241.00
353.00,179.00,451.00,179.00,451.00,244.00,353.00,244.00
353.00,181.00,448.00,181.00,448.00,243.00,353.00,243.00
352.00,181.00,447.00,181.00,447.00,245.00,352.00,245.00
349.00,182.00,446.00,182.00,446.00,246.00,349.00,246.00
348.00,185.00,442.00,185.00,442.00,247.00,348.00,247.00
348.00,187.00,440.00,187.00,440.00,248.00,348.00,248.00
344.00,188.00,439.00,188.00,439.00,251.00,344.00,251.00
342.00,189.00,435.00,189.00,435.00,250.00,342.00,250.00
340.00,191.00,432.00,191.00,432.00,252.00,340.00,252.00
337.00,191.00,431.00,191.00,431.00,253.00,337.00,253.00
336.00,195.00,427.00,195.00,427.00,255.00,336.00,255.00
335.00,197.00,423.00,197.00,423.00,256.00,335.00,256.00
330.00,198.00,421.00,198.00,421.00,258.00,330.00,258.00
329.00,201.00,419.00,201.00,419.00,260.00,329.00,260.00
329.00,205.00,417.00,205.00,417.00,263.00,329.00,263.00
328.00,208.00,415.00,208.00,415.00,265.00,328.00,265.00
325.00,209.00,412.00,209.00,412.00,267.00,325.00,267.00
326.00,213.00,411.00,213.00,411.00,269.00,326.00,269.00
321.00,213.00,409.00,213.00,409.00,271.00,321.00,271.00
321.00,216.00,407.00,216.00,407.00,274.00,321.00,274.00
319.00,218.00,406.00,218.00,406.00,276.00,319.00,276.00
319.00,221.00,403.00,221.00,403.00,277.00,319.00,277.00
318.00,223.00,403.00,223.00,403.00,279.00,318.00,279.00
319.00,225.00,401.00,225.00,401.00,280.00,319.00,280.00
316.00,227.00,399.00,227.00,399.00,282.00,316.00,282.00
316.00,232.00,397.00,232.00,397.00,286.00,316.00,286.00
315.00,237.00,394.00,237.00,394.00,290.00,315.00,290.00
312.00,242.00,391.00,242.00,391.00,294.00,312.00,294.00
309.00,247.00,390.00,247.00,390.00,300.00,309.00,300.00
309.00,252.00,389.00,252.00,389.00,305.00,309.00,305.00
309.00,256.00,389.00,256.00,389.00,308.00,309.00,308.00
308.00,259.00,387.00,259.00,387.00,312.00,308.00,312.00
308.00,263.00,386.00,263.00,386.00,314.00,308.00,314.00
309.00,267.00,386.00,267.00,386.00,318.00,309.00,318.00
310.00,270.00,386.00,270.00,386.00,320.00,310.00,320.00
311.00,273.00,384.00,273.00,384.00,322.00,311.00,322.00
311.00,278.00,382.00,278.00,382.00,325.00,311.00,325.00
311.00,280.00,382.00,280.00,382.00,327.00,311.00,327.00
311.00,284.00,382.00,284.00,382.00,331.00,311.00,331.00
306.00,287.00,378.00,287.00,378.00,335.00,306.00,335.00
301.00,291.00,371.00,291.00,371.00,337.00,301.00,337.00
291.00,293.00,360.00,293.00,360.00,339.00,291.00,339.00
287.00,297.00,355.00,297.00,355.00,342.00,287.00,342.00
283.00,300.00,349.00,300.00,349.00,344.00,283.00,344.00
277.00,302.00,345.00,302.00,345.00,347.00,277.00,347.00
269.00,305.00,337.00,305.00,337.00,350.00,269.00,350.00
264.00,307.00,332.00,307.00,332.00,352.00,264.00,352.00
263.00,310.00,330.00,310.00,330.00,354.00,263.00,354.00
259.00,311.00,327.00,311.00,327.00,355.00,259.00,355.00
258.00,315.00,326.00,315.00,326.00,359.00,258.00,359.00
257.00,315.00,323.00,315.00,323.00,359.00,257.00,359.00
256.00,319.00,320.00,319.00,320.00,362.00,256.00,362.00
254.00,320.00,318.00,320.00,318.00,362.00,254.00,362.00
255.00,322.00,317.00,322.00,317.00,363.00,255.00,363.00
255.00,324.00,318.00,324.00,318.00,365.00,255.00,365.00
257.00,327.00,319.00,327.00,319.00,368.00,257.00,368.00
259.00,328.00,319.00,328.00,319.00,368.00,259.00,368.00
258.00,329.00,318.00,329.00,318.00,369.00,258.00,369.00
260.00,331.00,320.00,331.00,320.00,371.00,260.00,371.00
263.00,333.00,324.00,333.00,324.00,373.00,263.00,373.00
265.00,335.00,325.00,335.00,325.00,374.00,265.00,374.00
265.00,336.00,325.00,336.00,325.00,376.00,265.00,376.00
265.00,339.00,324.00,339.00,324.00,377.00,265.00,377.00
266.00,339.00,324.00,339.00,324.00,377.00,266.00,377.00
267.00,341.00,325.00,341.00,325.00,379.00,267.00,379.00
270.00,343.00,327.00,343.00,327.00,380.00,270.00,380.00
271.00,344.00,327.00,344.00,327.00,381.00,271.00,381.00
268.00,345.00,325.00,345.00,325.00,382.00,268.00,382.00
267.00,345.00,326.00,345.00,326.00,384.00,267.00,384.00
271.00,346.00,328.00,346.00,328.00,384.00,271.00,384.00
268.00,348.00,324.00,348.00,324.00,385.00,268.00,385.00
269.00,349.00,325.00,349.00,325.00,386.00,269.00,386.00
269.00,350.00,323.00,350.00,323.00,386.00,269.00,386.00
270.00,350.00,324.00,350.00,324.00,386.00,270.00,386.00
272.00,352.00,325.00,352.00,325.00,387.00,272.00,387.00
272.00,351.00,325.00,351.00,325.00,387.00,272.00,387.00
274.00,352.00,327.00,352.00,327.00,387.00,274.00,387.00
278.00,354.00,330.00,354.00,330.00,388.00,278.00,388.00
283.00,353.00,336.00,353.00,336.00,388.00,283.00,388.00
286.00,354.00,338.00,354.00,338.00,389.00,286.00,389.00
287.00,354.00,341.00,354.00,341.00,390.00,287.00,390.00
289.00,356.00,342.00,356.00,342.00,391.00,289.00,391.00
293.00,357.00,345.00,357.00,345.00,391.00,293.00,391.00
297.00,358.00,350.00,358.00,350.00,393.00,297.00,393.00
296.00,359.00,347.00,359.00,347.00,393.00,296.00,393.00
294.00,359.00,344.00,359.00,344.00,392.00,294.00,392.00
291.00,359.00,342.00,359.00,342.00,393.00,291.00,393.00
292.00,358.00,342.00,358.00,342.00,390.00,292.00,390.00
291.00,354.00,341.00,354.00,341.00,386.00,291.00,386.00
291.00,351.00,342.00,351.00,342.00,384.00,291.00,384.00
291.00,349.00,341.00,349.00,341.00,382.00,291.00,382.00
289.00,346.00,339.00,346.00,339.00,378.00,289.00,378.00
289.00,342.00,340.00,342.00,340.00,375.00,289.00,375.00
288.00,339.00,338.00,339.00,338.00,371.00,288.00,371.00
289.00,333.00,338.00,333.00,338.00,366.00,289.00,366.00
291.00,331.00,338.00,331.00,338.00,362.00,291.00,362.00
285.00,327.00,332.00,327.00,332.00,359.00,285.00,359.00
281.00,324.00,327.00,324.00,327.00,355.00,281.00,355.00
281.00,322.00,327.00,322.00,327.00,352.00,281.00,352.00
283.00,320.00,328.00,320.00,328.00,350.00,283.00,350.00
283.00,319.00,328.00,319.00,328.00,348.00,283.00,348.00
280.00,316.00,325.00,316.00,325.00,346.00,280.00,346.00
280.00,315.00,326.00,315.00,326.00,346.00,280.00,346.00
281.00,312.00,327.00,312.00,327.00,342.00,281.00,342.00
283.00,310.00,328.00,310.00,328.00,340.00,283.00,340.00
283.00,309.00,328.00,309.00,328.00,339.00,283.00,339.00
279.00,307.00,324.00,307.00,324.00,337.00,279.00,337.00
274.00,305.00,320.00,305.00,320.00,335.00,274.00,335.00
274.00,305.00,319.00,305.00,319.00,334.00,274.00,334.00
275.00,303.00,320.00,303.00,320.00,333.00,275.00,333.00
277.00,302.00,322.00,302.00,322.00,331.00,277.00,331.00
277.00,301.00,322.00,301.00,322.00,331.00,277.00,331.00
276.00,299.00,320.00,299.00,320.00,328.00,276.00,328.00
277.00,298.00,320.00,298.00,320.00,326.00,277.00,326.00
280.00,297.00,322.00,297.00,322.00,324.00,280.00,324.00
282.00,295.00,323.00,295.00,323.00,322.00,282.00,322.00
284.00,295.00,326.00,295.00,326.00,322.00,284.00,322.00
282.00,295.00,323.00,295.00,323.00,322.00,282.00,322.00
282.00,294.00,323.00,294.00,323.00,321.00,282.00,321.00
285.00,294.00,325.00,294.00,325.00,321.00,285.00,321.00
285.00,292.00,325.00,292.00,325.00,319.00,285.00,319.00
286.00,291.00,327.00,291.00,327.00,318.00,286.00,318.00
285.00,290.00,326.00,290.00,326.00,317.00,285.00,317.00
281.00,289.00,322.00,289.00,322.00,316.00,281.00,316.00
279.00,288.00,318.00,288.00,318.00,314.00,279.00,314.00
274.00,287.00,314.00,287.00,314.00,313.00,274.00,313.00
270.00,285.00,310.00,285.00,310.00,311.00,270.00,311.00
268.00,283.00,309.00,283.00,309.00,310.00,268.00,310.00
269.00,282.00,308.00,282.00,308.00,307.00,269.00,307.00
269.00,280.00,309.00,280.00,309.00,306.00,269.00,306.00
268.00,278.00,309.00,278.00,309.00,304.00,268.00,304.00
271.00,277.00,310.00,277.00,310.00,303.00,271.00,303.00
272.00,276.00,310.00,276.00,310.00,301.00,272.00,301.00
271.00,273.00,310.00,273.00,310.00,299.00,271.00,299.00
273.00,272.00,312.00,272.00,312.00,298.00,273.00,298.00
274.00,270.00,312.00,270.00,312.00,295.00,274.00,295.00
276.00,268.00,314.00,268.00,314.00,293.00,276.00,293.00
277.00,266.00,316.00,266.00,316.00,291.00,277.00,291.00
281.00,264.00,319.00,264.00,319.00,289.00,281.00,289.00
284.00,263.00,323.00,263.00,323.00,288.00,284.00,288.00
287.00,261.00,326.00,261.00,326.00,287.00,287.00,287.00
292.00,260.00,330.00,260.00,330.00,285.00,292.00,285.00
295.00,259.00,333.00,259.00,333.00,283.00,295.00,283.00
301.00,257.00,338.00,257.00,338.00,282.00,301.00,282.00
302.00,255.00,339.00,255.00,339.00,279.00,302.00,279.00
305.00,253.00,343.00,253.00,343.00,278.00,305.00,278.00
309.00,253.00,346.00,253.00,346.00,277.00,309.00,277.00
312.00,252.00,348.00,252.00,348.00,276.00,312.00,276.00
316.00,252.00,353.00,252.00,353.00,276.00,316.00,276.00
320.00,252.00,357.00,252.00,357.00,276.00,320.00,276.00
325.00,253.00,362.00,253.00,362.00,277.00,325.00,277.00
329.00,254.00,364.00,254.00,364.00,278.00,329.00,278.00
333.00,256.00,368.00,256.00,368.00,279.00,333.00,279.00
338.00,256.00,373.00,256.00,373.00,279.00,338.00,279.00
342.00,258.00,378.00,258.00,378.00,281.00,342.00,281.00
345.00,260.00,380.00,260.00,380.00,283.00,345.00,283.00
345.00,260.00,381.00,260.00,381.00,283.00,345.00,283.00
348.00,261.00,382.00,261.00,382.00,283.00,348.00,283.00
351.00,261.00,384.00,261.00,384.00,283.00,351.00,283.00
352.00,262.00,385.00,262.00,385.00,284.00,352.00,284.00
352.00,262.00,387.00,262.00,387.00,285.00,352.00,285.00
352.00,263.00,387.00,263.00,387.00,286.00,352.00,286.00
353.00,263.00,387.00,263.00,387.00,286.00,353.00,286.00
351.00,263.00,386.00,263.00,386.00,286.00,351.00,286.00
352.00,263.00,387.00,263.00,387.00,286.00,352.00,286.00
352.00,263.00,386.00,263.00,386.00,285.00,352.00,285.00
353.00,265.00,386.00,265.00,386.00,287.00,353.00,287.00
355.00,266.00,387.00,266.00,387.00,287.00,355.00,287.00
357.00,269.00,388.00,269.00,388.00,290.00,357.00,290.00
358.00,269.00,390.00,269.00,390.00,291.00,358.00,291.00
360.00,271.00,393.00,271.00,393.00,292.00,360.00,292.00
362.00,271.00,394.00,271.00,394.00,292.00,362.00,292.00
363.00,271.00,394.00,271.00,394.00,291.00,363.00,291.00
365.00,270.00,396.00,270.00,396.00,290.00,365.00,290.00
366.00,270.00,397.00,270.00,397.00,290.00,366.00,290.00
367.00,270.00,397.00,270.00,397.00,290.00,367.00,290.00
366.00,268.00,396.00,268.00,396.00,288.00,366.00,288.00
366.00,267.00,396.00,267.00,396.00,287.00,366.00,287.00
368.00,267.00,398.00,267.00,398.00,286.00,368.00,286.00
371.00,266.00,400.00,266.00,400.00,285.00,371.00,285.00
368.00,264.00,398.00,264.00,398.00,284.00,368.00,284.00
370.00,264.00,399.00,264.00,399.00,283.00,370.00,283.00
370.00,264.00,399.00,264.00,399.00,283.00,370.00,283.00
372.00,262.00,401.00,262.00,401.00,281.00,372.00,281.00
374.00,261.00,403.00,261.00,403.00,280.00,374.00,280.00
374.00,260.00,402.00,260.00,402.00,278.00,374.00,278.00
377.00,258.00,404.00,258.00,404.00,276.00,377.00,276.00
378.00,258.00,406.00,258.00,406.00,276.00,378.00,276.00
380.00,257.00,408.00,257.00,408.00,275.00,380.00,275.00
382.00,255.00,410.00,255.00,410.00,273.00,382.00,273.00
382.00,255.00,410.00,255.00,410.00,273.00,382.00,273.00
382.00,253.00,410.00,253.00,410.00,272.00,382.00,272.00
384.00,253.00,411.00,253.00,411.00,271.00,384.00,271.00
382.00,252.00,410.00,252.00,410.00,270.00,382.00,270.00
381.00,252.00,409.00,252.00,409.00,269.00,381.00,269.00
380.00,252.00,407.00,252.00,407.00,269.00,380.00,269.00
377.00,253.00,404.00,253.00,404.00,270.00,377.00,270.00
372.00,253.00,399.00,253.00,399.00,271.00,372.00,271.00
369.00,254.00,396.00,254.00,396.00,271.00,369.00,271.00
366.00,254.00,393.00,254.00,393.00,271.00,366.00,271.00
363.00,254.00,389.00,254.00,389.00,271.00,363.00,271.00
358.00,254.00,384.00,254.00,384.00,271.00,358.00,271.00
355.00,254.00,381.00,254.00,381.00,271.00,355.00,271.00
353.00,254.00,378.00,254.00,378.00,270.00,353.00,270.00
352.00,255.00,377.00,255.00,377.00,271.00,352.00,271.00
352.00,256.00,376.00,256.00,376.00,271.00,352.00,271.00
351.00,255.00,375.00,255.00,375.00,270.00,351.00,270.00
350.00,256.00,375.00,256.00,375.00,272.00,350.00,272.00
350.00,257.00,374.00,257.00,374.00,272.00,350.00,272.00
351.00,258.00,375.00,258.00,375.00,273.00,351.00,273.00
353.00,258.00,376.00,258.00,376.00,273.00,353.00,273.00
353.00,259.00,377.00,259.00,377.00,274.00,353.00,274.00
356.00,260.00,379.00,260.00,379.00,275.00,356.00,275.00
357.00,260.00,380.00,260.00,380.00,275.00,357.00,275.00
358.00,263.00,381.00,263.00,381.00,278.00,358.00,278.00
360.00,263.00,382.00,263.00,382.00,277.00,360.00,277.00
361.00,261.00,385.00,261.00,385.00,276.00,361.00,276.00
363.00,260.00,385.00,260.00,385.00,275.00,363.00,275.00
364.00,258.00,387.00,258.00,387.00,273.00,364.00,273.00
365.00,256.00,388.00,256.00,388.00,271.00,365.00,271.00
367.00,247.00,389.00,247.00,389.00,262.00,367.00,262.00
367.00,242.00,390.00,242.00,390.00,256.00,367.00,256.00
371.00,239.00,393.00,239.00,393.00,253.00,371.00,253.00
373.00,236.00,395.00,236.00,395.00,251.00,373.00,251.00
377.00,238.00,399.00,238.00,399.00,253.00,377.00,253.00
380.00,234.00,402.00,234.00,402.00,248.00,380.00,248.00
384.00,233.00,407.00,233.00,407.00,247.00,384.00,247.00
386.00,230.00,409.00,230.00,409.00,245.00,386.00,245.00
391.00,228.00,412.00,228.00,412.00,242.00,391.00,242.00
395.00,227.00,417.00,227.00,417.00,241.00,395.00,241.00
399.00,227.00,421.00,227.00,421.00,240.00,399.00,240.00
403.00,225.00,424.00,225.00,424.00,239.00,403.00,239.00
407.00,225.00,428.00,225.00,428.00,239.00,407.00,239.00
409.00,224.00,430.00,224.00,430.00,238.00,409.00,238.00
412.00,224.00,434.00,224.00,434.00,238.00,412.00,238.00
415.00,223.00,436.00,223.00,436.00,237.00,415.00,237.00
416.00,224.00,438.00,224.00,438.00,238.00,416.00,238.00
417.00,224.00,438.00,224.00,438.00,238.00,417.00,238.00
417.00,224.00,438.00,224.00,438.00,237.00,417.00,237.00
417.00,224.00,438.00,224.00,438.00,237.00,417.00,237.00
416.00,223.00,438.00,223.00,438.00,237.00,416.00,237.00
416.00,223.00,437.00,223.00,437.00,236.00,416.00,236.00
415.00,222.00,437.00,222.00,437.00,236.00,415.00,236.00
416.00,222.00,437.00,222.00,437.00,236.00,416.00,236.00
416.00,222.00,437.00,222.00,437.00,236.00,416.00,236.00
415.00,220.00,436.00,220.00,436.00,234.00,415.00,234.00
415.00,220.00,436.00,220.00,436.00,233.00,415.00,233.00
416.00,219.00,436.00,219.00,436.00,232.00,416.00,232.00
416.00,218.00,437.00,218.00,437.00,232.00,416.00,232.00
418.00,218.00,438.00,218.00,438.00,231.00,418.00,231.00
420.00,217.00,440.00,217.00,440.00,230.00,420.00,230.00
421.00,216.00,442.00,216.00,442.00,229.00,421.00,229.00
424.00,213.00,444.00,213.00,444.00,226.00,424.00,226.00
426.00,213.00,446.00,213.00,446.00,226.00,426.00,226.00
428.00,211.00,449.00,211.00,449.00,224.00,428.00,224.00
430.00,209.00,451.00,209.00,451.00,222.00,430.00,222.00
434.00,205.00,454.00,205.00,454.00,218.00,434.00,218.00
439.00,203.00,458.00,203.00,458.00,215.00,439.00,215.00
441.00,201.00,460.00,201.00,460.00,213.00,441.00,213.00
445.00,200.00,463.00,200.00,463.00,212.00,445.00,212.00
448.00,197.00,465.00,197.00,465.00,209.00,448.00,209.00
452.00,191.00,470.00,191.00,470.00,203.00,452.00,203.00
456.00,189.00,473.00,189.00,473.00,201.00,456.00,201.00
443.00,184.00,461.00,184.00,461.00,195.00,443.00,195.00
435.00,180.00,454.00,180.00,454.00,192.00,435.00,192.00
437.00,179.00,455.00,179.00,455.00,190.00,437.00,190.00
439.00,177.00,456.00,177.00,456.00,188.00,439.00,188.00
437.00,174.00,455.00,174.00,455.00,186.00,437.00,186.00
432.00,173.00,450.00,173.00,450.00,185.00,432.00,185.00
426.00,173.00,444.00,173.00,444.00,185.00,426.00,185.00
418.00,171.00,436.00,171.00,436.00,183.00,418.00,183.00
412.00,170.00,431.00,170.00,431.00,182.00,412.00,182.00
406.00,170.00,424.00,170.00,424.00,182.00,406.00,182.00
407.00,167.00,425.00,167.00,425.00,179.00,407.00,179.00
400.00,165.00,418.00,165.00,418.00,177.00,400.00,177.00
392.00,165.00,409.00,165.00,409.00,176.00,392.00,176.00
383.00,164.00,400.00,164.00,400.00,175.00,383.00,175.00
377.00,165.00,393.00,165.00,393.00,176.00,377.00,176.00
369.00,163.00,385.00,163.00,385.00,174.00,369.00,174.00
370.00,163.00,386.00,163.00,386.00,173.00,370.00,173.00
379.00,163.00,396.00,163.00,396.00,174.00,379.00,174.00
384.00,160.00,401.00,160.00,401.00,172.00,384.00,172.00
393.00,160.00,410.00,160.00,410.00,171.00,393.00,171.00
410.00,162.00,427.00,162.00,427.00,173.00,410.00,173.00
413.00,162.00,430.00,162.00,430.00,173.00,413.00,173.00
400.00,160.00,418.00,160.00,418.00,172.00,400.00,172.00
2
0
0
0
0
1
370.00,155.00,387.00,155.00,387.00,171.00,370.00,171.00
380.00,154.00,397.00,154.00,397.00,170.00,380.00,170.00
390.00,153.00,407.00,153.00,407.00,169.00,390.00,169.00
395.00,153.00,412.00,153.00,412.00,169.00,395.00,169.00
400.00,151.00,418.00,151.00,418.00,168.00,400.00,168.00
399.00,151.00,416.00,151.00,416.00,167.00,399.00,167.00
393.00,150.00,410.00,150.00,410.00,166.00,393.00,166.00
387.00,150.00,404.00,150.00,404.00,166.00,387.00,166.00
381.00,149.00,398.00,149.00,398.00,165.00,381.00,165.00
375.00,148.00,392.00,148.00,392.00,164.00,375.00,164.00
370.00,149.00,386.00,149.00,386.00,165.00,370.00,165.00
364.00,148.00,381.00,148.00,381.00,164.00,364.00,164.00
360.00,148.00,376.00,148.00,376.00,164.00,360.00,164.00
353.00,150.00,370.00,150.00,370.00,166.00,353.00,166.00
348.00,151.00,365.00,151.00,365.00,167.00,348.00,167.00
345.00,151.00,362.00,151.00,362.00,167.00,345.00,167.00
339.00,152.00,356.00,152.00,356.00,168.00,339.00,168.00
343.00,153.00,360.00,153.00,360.00,168.00,343.00,168.00
345.00,153.00,362.00,153.00,362.00,169.00,345.00,169.00
347.00,154.00,364.00,154.00,364.00,170.00,347.00,170.00
349.00,154.00,365.00,154.00,365.00,169.00,349.00,169.00
352.00,153.00,369.00,153.00,369.00,169.00,352.00,169.00
357.00,152.00,373.00,152.00,373.00,168.00,357.00,168.00
361.00,149.00,377.00,149.00,377.00,164.00,361.00,164.00
367.00,147.00,383.00,147.00,383.00,163.00,367.00,163.00
372.00,146.00,389.00,146.00,389.00,162.00,372.00,162.00
378.00,145.00,394.00,145.00,394.00,161.00,378.00,161.00
384.00,145.00,400.00,145.00,400.00,161.00,384.00,161.00
388.00,145.00,404.00,145.00,404.00,160.00,388.00,160.00
391.00,145.00,407.00,145.00,407.00,160.00,391.00,160.00
393.00,145.00,409.00,145.00,409.00,160.00,393.00,160.00
396.00,146.00,412.00,146.00,412.00,161.00,396.00,161.00
400.00,144.00,416.00,144.00,416.00,159.00,400.00,159.00
405.00,145.00,421.00,145.00,421.00,160.00,405.00,160.00
406.00,145.00,422.00,145.00,422.00,160.00,406.00,160.00
411.00,146.00,427.00,146.00,427.00,161.00,411.00,161.00
414.00,146.00,430.00,146.00,430.00,161.00,414.00,161.00
414.00,145.00,430.00,145.00,430.00,160.00,414.00,160.00
413.00,146.00,428.00,146.00,428.00,160.00,413.00,160.00
411.00,145.00,427.00,145.00,427.00,160.00,411.00,160.00
410.00,143.00,426.00,143.00,426.00,158.00,410.00,158.00
409.00,143.00,425.00,143.00,425.00,158.00,409.00,158.00
406.00,141.00,422.00,141.00,422.00,156.00,406.00,156.00
404.00,142.00,420.00,142.00,420.00,157.00,404.00,157.00
403.00,141.00,419.00,141.00,419.00,156.00,403.00,156.00
401.00,141.00,416.00,141.00,416.00,155.00,401.00,155.00
400.00,140.00,414.00,140.00,414.00,153.00,400.00,153.00
399.00,139.00,414.00,139.00,414.00,153.00,399.00,153.00
397.00,139.00,412.00,139.00,412.00,152.00,397.00,152.00
396.00,138.00,412.00,138.00,412.00,153.00,396.00,153.00
395.00,139.00,409.00,139.00,409.00,153.00,395.00,153.00
392.00,139.00,407.00,139.00,407.00,153.00,392.00,153.00
390.00,140.00,405.00,140.00,405.00,154.00,390.00,154.00
387.00,140.00,401.00,140.00,401.00,154.00,387.00,154.00
385.00,141.00,399.00,141.00,399.00,154.00,385.00,154.00
383.00,142.00,398.00,142.00,398.00,156.00,383.00,156.00
381.00,145.00,395.00,145.00,395.00,159.00,381.00,159.00
379.00,146.00,394.00,146.00,394.00,159.00,379.00,159.00
378.00,148.00,392.00,148.00,392.00,161.00,378.00,161.00
376.00,149.00,390.00,149.00,390.00,162.00,376.00,162.00
373.00,149.00,388.00,149.00,388.00,163.00,373.00,163.00
371.00,150.00,385.00,150.00,385.00,163.00,371.00,163.00
368.00,151.00,383.00,151.00,383.00,164.00,368.00,164.00
364.00,152.00,377.00,152.00,377.00,165.00,364.00,165.00
359.00,151.00,373.00,151.00,373.00,164.00,359.00,164.00
354.00,151.00,368.00,151.00,368.00,164.00,354.00,164.00
351.00,151.00,365.00,151.00,365.00,164.00,351.00,164.00
349.00,150.00,362.00,150.00,362.00,163.00,349.00,163.00
347.00,151.00,361.00,151.00,361.00,164.00,347.00,164.00
