12.183,0,0,0,0,0,0,0,0,0,0,0,0,0,0
0.22573,0,0,0,0,0,0,0,0,0,0,0,0,0,0
0.17113,0,0,0,0,0,0,0,0,0,0,0,0,0,0
0.099433,0,0,0,0,0,0,0,0,0,0,0,0,0,0
0.12956,0,0,0,0,0,0,0,0,0,0,0,0,0,0
0.12339,0,0,0,0,0,0,0,0,0,0,0,0,0,0
0.34936,0,0,0,0,0,0,0,0,0,0,0,0,0,0
0.096666,0,0,0,0,0,0,0,0,0,0,0,0,0,0
0.097836,0,0,0,0,0,0,0,0,0,0,0,0,0,0
0.096957,0,0,0,0,0,0,0,0,0,0,0,0,0,0
0.097394,0,0,0,0,0,0,0,0,0,0,0,0,0,0
0.09964,0,0,0,0,0,0,0,0,0,0,0,0,0,0
0.19902,0,0,0,0,0,0,0,0,0,0,0,0,0,0
0.089749,0,0,0,0,0,0,0,0,0,0,0,0,0,0
0.099463,0,0,0,0,0,0,0,0,0,0,0,0,0,0
0.09361,0,0,0,0,0,0,0,0,0,0,0,0,0,0
0.090289,0,0,0,0,0,0,0,0,0,0,0,0,0,0
0.090081,0,0,0,0,0,0,0,0,0,0,0,0,0,0
0.18704,0,0,0,0,0,0,0,0,0,0,0,0,0,0
0.098722,0,0,0,0,0,0,0,0,0,0,0,0,0,0
0.099017,0,0,0,0,0,0,0,0,0,0,0,0,0,0
0.10094,0,0,0,0,0,0,0,0,0,0,0,0,0,0
0.1005,0,0,0,0,0,0,0,0,0,0,0,0,0,0
0.10021,0,0,0,0,0,0,0,0,0,0,0,0,0,0
0.19019,0,0,0,0,0,0,0,0,0,0,0,0,0,0
0.096689,0,0,0,0,0,0,0,0,0,0,0,0,0,0
0.097,0,0,0,0,0,0,0,0,0,0,0,0,0,0
0.097167,0,0,0,0,0,0,0,0,0,0,0,0,0,0
0.098588,0,0,0,0,0,0,0,0,0,0,0,0,0,0
0.096436,0,0,0,0,0,0,0,0,0,0,0,0,0,0
0.19928,0,0,0,0,0,0,0,0,0,0,0,0,0,0
0.08483,0,0,0,0,0,0,0,0,0,0,0,0,0,0
0.08568,0,0,0,0,0,0,0,0,0,0,0,0,0,0
0.088369,0,0,0,0,0,0,0,0,0,0,0,0,0,0
0.086843,0,0,0,0,0,0,0,0,0,0,0,0,0,0
0.093201,0,0,0,0,0,0,0,0,0,0,0,0,0,0
0.18304,0,0,0,0,0,0,0,0,0,0,0,0,0,0
0.084868,0,0,0,0,0,0,0,0,0,0,0,0,0,0
0.087179,0,0,0,0,0,0,0,0,0,0,0,0,0,0
0.088807,0,0,0,0,0,0,0,0,0,0,0,0,0,0
0.090381,0,0,0,0,0,0,0,0,0,0,0,0,0,0
0.093164,0,0,0,0,0,0,0,0,0,0,0,0,0,0
0.18788,0,0,0,0,0,0,0,0,0,0,0,0,0,0
0.089737,0,0,0,0,0,0,0,0,0,0,0,0,0,0
0.091294,0,0,0,0,0,0,0,0,0,0,0,0,0,0
0.094781,0,0,0,0,0,0,0,0,0,0,0,0,0,0
0.094279,0,0,0,0,0,0,0,0,0,0,0,0,0,0
0.096845,0,0,0,0,0,0,0,0,0,0,0,0,0,0
0.18427,0,0,0,0,0,0,0,0,0,0,0,0,0,0
0.098163,0,0,0,0,0,0,0,0,0,0,0,0,0,0
0.14431,0,0,0,0,0,0,0,0,0,0,0,0,0,0
0.099802,0,0,0,0,0,0,0,0,0,0,0,0,0,0
0.097094,0,0,0,0,0,0,0,0,0,0,0,0,0,0
0.088044,0,0,0,0,0,0,0,0,0,0,0,0,0,0
0.19668,0,0,0,0,0,0,0,0,0,0,0,0,0,0
0.089029,0,0,0,0,0,0,0,0,0,0,0,0,0,0
0.090701,0,0,0,0,0,0,0,0,0,0,0,0,0,0
0.096311,0,0,0,0,0,0,0,0,0,0,0,0,0,0
0.091253,0,0,0,0,0,0,0,0,0,0,0,0,0,0
0.089724,0,0,0,0,0,0,0,0,0,0,0,0,0,0
0.19276,0,0,0,0,0,0,0,0,0,0,0,0,0,0
0.097191,0,0,0,0,0,0,0,0,0,0,0,0,0,0
0.099003,0,0,0,0,0,0,0,0,0,0,0,0,0,0
0.090089,0,0,0,0,0,0,0,0,0,0,0,0,0,0
0.087929,0,0,0,0,0,0,0,0,0,0,0,0,0,0
0.087541,0,0,0,0,0,0,0,0,0,0,0,0,0,0
0.19059,0,0,0,0,0,0,0,0,0,0,0,0,0,0
0.091659,0,0,0,0,0,0,0,0,0,0,0,0,0,0
0.095497,0,0,0,0,0,0,0,0,0,0,0,0,0,0
0.095429,0,0,0,0,0,0,0,0,0,0,0,0,0,0
0.087642,0,0,0,0,0,0,0,0,0,0,0,0,0,0
0.09061,0,0,0,0,0,0,0,0,0,0,0,0,0,0
0.19544,0,0,0,0,0,0,0,0,0,0,0,0,0,0
0.099142,0,0,0,0,0,0,0,0,0,0,0,0,0,0
0.098098,0,0,0,0,0,0,0,0,0,0,0,0,0,0
0.087913,0,0,0,0,0,0,0,0,0,0,0,0,0,0
0.096492,0,0,0,0,0,0,0,0,0,0,0,0,0,0
0.09241,0,0,0,0,0,0,0,0,0,0,0,0,0,0
0.19023,0,0,0,0,0,0,0,0,0,0,0,0,0,0
0.10004,0,0,0,0,0,0,0,0,0,0,0,0,0,0
0.10332,0,0,0,0,0,0,0,0,0,0,0,0,0,0
0.095632,0,0,0,0,0,0,0,0,0,0,0,0,0,0
0.094764,0,0,0,0,0,0,0,0,0,0,0,0,0,0
0.096537,0,0,0,0,0,0,0,0,0,0,0,0,0,0
0.18325,0,0,0,0,0,0,0,0,0,0,0,0,0,0
0.084818,0,0,0,0,0,0,0,0,0,0,0,0,0,0
0.08734,0,0,0,0,0,0,0,0,0,0,0,0,0,0
0.088866,0,0,0,0,0,0,0,0,0,0,0,0,0,0
0.08646,0,0,0,0,0,0,0,0,0,0,0,0,0,0
0.082956,0,0,0,0,0,0,0,0,0,0,0,0,0,0
0.17938,0,0,0,0,0,0,0,0,0,0,0,0,0,0
0.088017,0,0,0,0,0,0,0,0,0,0,0,0,0,0
0.092257,0,0,0,0,0,0,0,0,0,0,0,0,0,0
0.083591,0,0,0,0,0,0,0,0,0,0,0,0,0,0
0.086177,0,0,0,0,0,0,0,0,0,0,0,0,0,0
0.085687,0,0,0,0,0,0,0,0,0,0,0,0,0,0
0.18223,0,0,0,0,0,0,0,0,0,0,0,0,0,0
0.085168,0,0,0,0,0,0,0,0,0,0,0,0,0,0
0.088318,0,0,0,0,0,0,0,0,0,0,0,0,0,0
0.092765,0,0,0,0,0,0,0,0,0,0,0,0,0,0
0.0923,0,0,0,0,0,0,0,0,0,0,0,0,0,0
0.085529,0,0,0,0,0,0,0,0,0,0,0,0,0,0
0.1821,0,0,0,0,0,0,0,0,0,0,0,0,0,0
0.083764,0,0,0,0,0,0,0,0,0,0,0,0,0,0
0.08673,0,0,0,0,0,0,0,0,0,0,0,0,0,0
0.09207,0,0,0,0,0,0,0,0,0,0,0,0,0,0
0.09231,0,0,0,0,0,0,0,0,0,0,0,0,0,0
0.095085,0,0,0,0,0,0,0,0,0,0,0,0,0,0
0.18196,0,0,0,0,0,0,0,0,0,0,0,0,0,0
0.084841,0,0,0,0,0,0,0,0,0,0,0,0,0,0
0.087038,0,0,0,0,0,0,0,0,0,0,0,0,0,0
0.086617,0,0,0,0,0,0,0,0,0,0,0,0,0,0
0.0855,0,0,0,0,0,0,0,0,0,0,0,0,0,0
0.085411,0,0,0,0,0,0,0,0,0,0,0,0,0,0
0.18324,0,0,0,0,0,0,0,0,0,0,0,0,0,0
0.084501,0,0,0,0,0,0,0,0,0,0,0,0,0,0
0.087197,0,0,0,0,0,0,0,0,0,0,0,0,0,0
0.087467,0,0,0,0,0,0,0,0,0,0,0,0,0,0
0.085247,0,0,0,0,0,0,0,0,0,0,0,0,0,0
0.081491,0,0,0,0,0,0,0,0,0,0,0,0,0,0
0.17676,0,0,0,0,0,0,0,0,0,0,0,0,0,0
0.084542,0,0,0,0,0,0,0,0,0,0,0,0,0,0
0.08847,0,0,0,0,0,0,0,0,0,0,0,0,0,0
0.084072,0,0,0,0,0,0,0,0,0,0,0,0,0,0
0.086021,0,0,0,0,0,0,0,0,0,0,0,0,0,0
0.085081,0,0,0,0,0,0,0,0,0,0,0,0,0,0
0.1844,0,0,0,0,0,0,0,0,0,0,0,0,0,0
0.097616,0,0,0,0,0,0,0,0,0,0,0,0,0,0
0.096353,0,0,0,0,0,0,0,0,0,0,0,0,0,0
0.086835,0,0,0,0,0,0,0,0,0,0,0,0,0,0
0.086501,0,0,0,0,0,0,0,0,0,0,0,0,0,0
0.090309,0,0,0,0,0,0,0,0,0,0,0,0,0,0
0.1887,0,0,0,0,0,0,0,0,0,0,0,0,0,0
0.093889,0,0,0,0,0,0,0,0,0,0,0,0,0,0
0.097449,0,0,0,0,0,0,0,0,0,0,0,0,0,0
0.088582,0,0,0,0,0,0,0,0,0,0,0,0,0,0
0.083519,0,0,0,0,0,0,0,0,0,0,0,0,0,0
0.084695,0,0,0,0,0,0,0,0,0,0,0,0,0,0
0.19942,0,0,0,0,0,0,0,0,0,0,0,0,0,0
0.098043,0,0,0,0,0,0,0,0,0,0,0,0,0,0
0.090742,0,0,0,0,0,0,0,0,0,0,0,0,0,0
0.087427,0,0,0,0,0,0,0,0,0,0,0,0,0,0
0.093459,0,0,0,0,0,0,0,0,0,0,0,0,0,0
0.090282,0,0,0,0,0,0,0,0,0,0,0,0,0,0
0.18064,0,0,0,0,0,0,0,0,0,0,0,0,0,0
0.086917,0,0,0,0,0,0,0,0,0,0,0,0,0,0
0.090633,0,0,0,0,0,0,0,0,0,0,0,0,0,0
0.084708,0,0,0,0,0,0,0,0,0,0,0,0,0,0
0.08589,0,0,0,0,0,0,0,0,0,0,0,0,0,0
0.086565,0,0,0,0,0,0,0,0,0,0,0,0,0,0
0.19273,0,0,0,0,0,0,0,0,0,0,0,0,0,0
0.093589,0,0,0,0,0,0,0,0,0,0,0,0,0,0
0.098951,0,0,0,0,0,0,0,0,0,0,0,0,0,0
0.085923,0,0,0,0,0,0,0,0,0,0,0,0,0,0
0.088807,0,0,0,0,0,0,0,0,0,0,0,0,0,0
0.092042,0,0,0,0,0,0,0,0,0,0,0,0,0,0
0.19197,0,0,0,0,0,0,0,0,0,0,0,0,0,0
0.094648,0,0,0,0,0,0,0,0,0,0,0,0,0,0
0.096883,0,0,0,0,0,0,0,0,0,0,0,0,0,0
0.086178,0,0,0,0,0,0,0,0,0,0,0,0,0,0
0.089683,0,0,0,0,0,0,0,0,0,0,0,0,0,0
0.090475,0,0,0,0,0,0,0,0,0,0,0,0,0,0
0.19459,0,0,0,0,0,0,0,0,0,0,0,0,0,0
0.094905,0,0,0,0,0,0,0,0,0,0,0,0,0,0
0.097829,0,0,0,0,0,0,0,0,0,0,0,0,0,0
0.086877,0,0,0,0,0,0,0,0,0,0,0,0,0,0
0.085932,0,0,0,0,0,0,0,0,0,0,0,0,0,0
0.087403,0,0,0,0,0,0,0,0,0,0,0,0,0,0
0.19308,0,0,0,0,0,0,0,0,0,0,0,0,0,0
0.09478,0,0,0,0,0,0,0,0,0,0,0,0,0,0
0.097412,0,0,0,0,0,0,0,0,0,0,0,0,0,0
0.08676,0,0,0,0,0,0,0,0,0,0,0,0,0,0
0.083562,0,0,0,0,0,0,0,0,0,0,0,0,0,0
0.088142,0,0,0,0,0,0,0,0,0,0,0,0,0,0
0.18058,0,0,0,0,0,0,0,0,0,0,0,0,0,0
0.085442,0,0,0,0,0,0,0,0,0,0,0,0,0,0
0.085343,0,0,0,0,0,0,0,0,0,0,0,0,0,0
0.086676,0,0,0,0,0,0,0,0,0,0,0,0,0,0
0.08452,0,0,0,0,0,0,0,0,0,0,0,0,0,0
0.086389,0,0,0,0,0,0,0,0,0,0,0,0,0,0
0.18124,0,0,0,0,0,0,0,0,0,0,0,0,0,0
0.085781,0,0,0,0,0,0,0,0,0,0,0,0,0,0
0.092087,0,0,0,0,0,0,0,0,0,0,0,0,0,0
0.08773,0,0,0,0,0,0,0,0,0,0,0,0,0,0
0.085658,0,0,0,0,0,0,0,0,0,0,0,0,0,0
0.083915,0,0,0,0,0,0,0,0,0,0,0,0,0,0
0.18269,0,0,0,0,0,0,0,0,0,0,0,0,0,0
0.083911,0,0,0,0,0,0,0,0,0,0,0,0,0,0
0.085422,0,0,0,0,0,0,0,0,0,0,0,0,0,0
0.083964,0,0,0,0,0,0,0,0,0,0,0,0,0,0
0.086028,0,0,0,0,0,0,0,0,0,0,0,0,0,0
0.086016,0,0,0,0,0,0,0,0,0,0,0,0,0,0
0.17974,0,0,0,0,0,0,0,0,0,0,0,0,0,0
0.083062,0,0,0,0,0,0,0,0,0,0,0,0,0,0
0.087744,0,0,0,0,0,0,0,0,0,0,0,0,0,0
0.08414,0,0,0,0,0,0,0,0,0,0,0,0,0,0
0.085132,0,0,0,0,0,0,0,0,0,0,0,0,0,0
0.084997,0,0,0,0,0,0,0,0,0,0,0,0,0,0
0.17983,0,0,0,0,0,0,0,0,0,0,0,0,0,0
0.085288,0,0,0,0,0,0,0,0,0,0,0,0,0,0
0.084981,0,0,0,0,0,0,0,0,0,0,0,0,0,0
0.10476,0,0,0,0,0,0,0,0,0,0,0,0,0,0
0.095859,0,0,0,0,0,0,0,0,0,0,0,0,0,0
0.098057,0,0,0,0,0,0,0,0,0,0,0,0,0,0
0.19883,0,0,0,0,0,0,0,0,0,0,0,0,0,0
0.10345,0,0,0,0,0,0,0,0,0,0,0,0,0,0
0.092574,0,0,0,0,0,0,0,0,0,0,0,0,0,0
0.095552,0,0,0,0,0,0,0,0,0,0,0,0,0,0
0.097965,0,0,0,0,0,0,0,0,0,0,0,0,0,0
0.09625,0,0,0,0,0,0,0,0,0,0,0,0,0,0
0.18975,0,0,0,0,0,0,0,0,0,0,0,0,0,0
0.093319,0,0,0,0,0,0,0,0,0,0,0,0,0,0
0.084832,0,0,0,0,0,0,0,0,0,0,0,0,0,0
0.085519,0,0,0,0,0,0,0,0,0,0,0,0,0,0
0.084355,0,0,0,0,0,0,0,0,0,0,0,0,0,0
0.088191,0,0,0,0,0,0,0,0,0,0,0,0,0,0
0.18663,0,0,0,0,0,0,0,0,0,0,0,0,0,0
0.088492,0,0,0,0,0,0,0,0,0,0,0,0,0,0
0.084008,0,0,0,0,0,0,0,0,0,0,0,0,0,0
0.084296,0,0,0,0,0,0,0,0,0,0,0,0,0,0
0.086905,0,0,0,0,0,0,0,0,0,0,0,0,0,0
0.09503,0,0,0,0,0,0,0,0,0,0,0,0,0,0
0.18924,0,0,0,0,0,0,0,0,0,0,0,0,0,0
0.094105,0,0,0,0,0,0,0,0,0,0,0,0,0,0
0.083325,0,0,0,0,0,0,0,0,0,0,0,0,0,0
0.084223,0,0,0,0,0,0,0,0,0,0,0,0,0,0
0.088058,0,0,0,0,0,0,0,0,0,0,0,0,0,0
0.086957,0,0,0,0,0,0,0,0,0,0,0,0,0,0
0.18592,0,0,0,0,0,0,0,0,0,0,0,0,0,0
0.090458,0,0,0,0,0,0,0,0,0,0,0,0,0,0
0.092857,0,0,0,0,0,0,0,0,0,0,0,0,0,0
0.095932,0,0,0,0,0,0,0,0,0,0,0,0,0,0
0.097861,0,0,0,0,0,0,0,0,0,0,0,0,0,0
0.097874,0,0,0,0,0,0,0,0,0,0,0,0,0,0
0.19861,0,0,0,0,0,0,0,0,0,0,0,0,0,0
0.090014,0,0,0,0,0,0,0,0,0,0,0,0,0,0
0.094568,0,0,0,0,0,0,0,0,0,0,0,0,0,0
0.099315,0,0,0,0,0,0,0,0,0,0,0,0,0,0
0.095174,0,0,0,0,0,0,0,0,0,0,0,0,0,0
0.093673,0,0,0,0,0,0,0,0,0,0,0,0,0,0
0.19233,0,0,0,0,0,0,0,0,0,0,0,0,0,0
0.089008,0,0,0,0,0,0,0,0,0,0,0,0,0,0
0.089997,0,0,0,0,0,0,0,0,0,0,0,0,0,0
0.093409,0,0,0,0,0,0,0,0,0,0,0,0,0,0
0.089844,0,0,0,0,0,0,0,0,0,0,0,0,0,0
0.091163,0,0,0,0,0,0,0,0,0,0,0,0,0,0
0.19002,0,0,0,0,0,0,0,0,0,0,0,0,0,0
0.085372,0,0,0,0,0,0,0,0,0,0,0,0,0,0
0.08818,0,0,0,0,0,0,0,0,0,0,0,0,0,0
0.10536,0,0,0,0,0,0,0,0,0,0,0,0,0,0
0.10168,0,0,0,0,0,0,0,0,0,0,0,0,0,0
0.10073,0,0,0,0,0,0,0,0,0,0,0,0,0,0
0.1943,0,0,0,0,0,0,0,0,0,0,0,0,0,0
0.095924,0,0,0,0,0,0,0,0,0,0,0,0,0,0
0.095479,0,0,0,0,0,0,0,0,0,0,0,0,0,0
0.098107,0,0,0,0,0,0,0,0,0,0,0,0,0,0
0.099561,0,0,0,0,0,0,0,0,0,0,0,0,0,0
0.099557,0,0,0,0,0,0,0,0,0,0,0,0,0,0
0.18318,0,0,0,0,0,0,0,0,0,0,0,0,0,0
0.089261,0,0,0,0,0,0,0,0,0,0,0,0,0,0
0.091619,0,0,0,0,0,0,0,0,0,0,0,0,0,0
0.095319,0,0,0,0,0,0,0,0,0,0,0,0,0,0
0.098541,0,0,0,0,0,0,0,0,0,0,0,0,0,0
0.098191,0,0,0,0,0,0,0,0,0,0,0,0,0,0
0.19084,0,0,0,0,0,0,0,0,0,0,0,0,0,0
0.10501,0,0,0,0,0,0,0,0,0,0,0,0,0,0
0.1059,0,0,0,0,0,0,0,0,0,0,0,0,0,0
0.093877,0,0,0,0,0,0,0,0,0,0,0,0,0,0
0.093937,0,0,0,0,0,0,0,0,0,0,0,0,0,0
0.097597,0,0,0,0,0,0,0,0,0,0,0,0,0,0
0.19661,0,0,0,0,0,0,0,0,0,0,0,0,0,0
0.098608,0,0,0,0,0,0,0,0,0,0,0,0,0,0
0.097768,0,0,0,0,0,0,0,0,0,0,0,0,0,0
0.098025,0,0,0,0,0,0,0,0,0,0,0,0,0,0
0.097617,0,0,0,0,0,0,0,0,0,0,0,0,0,0
0.093642,0,0,0,0,0,0,0,0,0,0,0,0,0,0
0.18669,0,0,0,0,0,0,0,0,0,0,0,0,0,0
0.087244,0,0,0,0,0,0,0,0,0,0,0,0,0,0
0.088629,0,0,0,0,0,0,0,0,0,0,0,0,0,0
0.096014,0,0,0,0,0,0,0,0,0,0,0,0,0,0
0.096226,0,0,0,0,0,0,0,0,0,0,0,0,0,0
0.088241,0,0,0,0,0,0,0,0,0,0,0,0,0,0
0.189,0,0,0,0,0,0,0,0,0,0,0,0,0,0
0.088699,0,0,0,0,0,0,0,0,0,0,0,0,0,0
0.086805,0,0,0,0,0,0,0,0,0,0,0,0,0,0
0.090966,0,0,0,0,0,0,0,0,0,0,0,0,0,0
0.093694,0,0,0,0,0,0,0,0,0,0,0,0,0,0
0.088501,0,0,0,0,0,0,0,0,0,0,0,0,0,0
0.18671,0,0,0,0,0,0,0,0,0,0,0,0,0,0
0.089913,0,0,0,0,0,0,0,0,0,0,0,0,0,0
0.090857,0,0,0,0,0,0,0,0,0,0,0,0,0,0
0.091084,0,0,0,0,0,0,0,0,0,0,0,0,0,0
0.090311,0,0,0,0,0,0,0,0,0,0,0,0,0,0
0.091378,0,0,0,0,0,0,0,0,0,0,0,0,0,0
0.19914,0,0,0,0,0,0,0,0,0,0,0,0,0,0
0.08823,0,0,0,0,0,0,0,0,0,0,0,0,0,0
0.085984,0,0,0,0,0,0,0,0,0,0,0,0,0,0
0.08713,0,0,0,0,0,0,0,0,0,0,0,0,0,0
0.086186,0,0,0,0,0,0,0,0,0,0,0,0,0,0
0.086622,0,0,0,0,0,0,0,0,0,0,0,0,0,0
0.19038,0,0,0,0,0,0,0,0,0,0,0,0,0,0
0.097625,0,0,0,0,0,0,0,0,0,0,0,0,0,0
0.09824,0,0,0,0,0,0,0,0,0,0,0,0,0,0
0.097759,0,0,0,0,0,0,0,0,0,0,0,0,0,0
0.091534,0,0,0,0,0,0,0,0,0,0,0,0,0,0
0.088514,0,0,0,0,0,0,0,0,0,0,0,0,0,0
0.18529,0,0,0,0,0,0,0,0,0,0,0,0,0,0
0.090763,0,0,0,0,0,0,0,0,0,0,0,0,0,0
0.088332,0,0,0,0,0,0,0,0,0,0,0,0,0,0
0.088809,0,0,0,0,0,0,0,0,0,0,0,0,0,0
0.086561,0,0,0,0,0,0,0,0,0,0,0,0,0,0
0.094951,0,0,0,0,0,0,0,0,0,0,0,0,0,0
0.18077,0,0,0,0,0,0,0,0,0,0,0,0,0,0
0.089481,0,0,0,0,0,0,0,0,0,0,0,0,0,0
0.086814,0,0,0,0,0,0,0,0,0,0,0,0,0,0
0.090032,0,0,0,0,0,0,0,0,0,0,0,0,0,0
0.088695,0,0,0,0,0,0,0,0,0,0,0,0,0,0
0.095235,0,0,0,0,0,0,0,0,0,0,0,0,0,0
0.18752,0,0,0,0,0,0,0,0,0,0,0,0,0,0
0.089268,0,0,0,0,0,0,0,0,0,0,0,0,0,0
0.087995,0,0,0,0,0,0,0,0,0,0,0,0,0,0
0.08739,0,0,0,0,0,0,0,0,0,0,0,0,0,0
0.086568,0,0,0,0,0,0,0,0,0,0,0,0,0,0
0.088354,0,0,0,0,0,0,0,0,0,0,0,0,0,0
0.18376,0,0,0,0,0,0,0,0,0,0,0,0,0,0
0.097783,0,0,0,0,0,0,0,0,0,0,0,0,0,0
0.097915,0,0,0,0,0,0,0,0,0,0,0,0,0,0
0.097053,0,0,0,0,0,0,0,0,0,0,0,0,0,0
0.087396,0,0,0,0,0,0,0,0,0,0,0,0,0,0
0.08509,0,0,0,0,0,0,0,0,0,0,0,0,0,0
0.18258,0,0,0,0,0,0,0,0,0,0,0,0,0,0
0.086697,0,0,0,0,0,0,0,0,0,0,0,0,0,0
0.087153,0,0,0,0,0,0,0,0,0,0,0,0,0,0
0.085744,0,0,0,0,0,0,0,0,0,0,0,0,0,0
0.089244,0,0,0,0,0,0,0,0,0,0,0,0,0,0
0.091452,0,0,0,0,0,0,0,0,0,0,0,0,0,0
0.18593,0,0,0,0,0,0,0,0,0,0,0,0,0,0
0.090666,0,0,0,0,0,0,0,0,0,0,0,0,0,0
0.0934,0,0,0,0,0,0,0,0,0,0,0,0,0,0
0.088692,0,0,0,0,0,0,0,0,0,0,0,0,0,0
0.092226,0,0,0,0,0,0,0,0,0,0,0,0,0,0
0.094269,0,0,0,0,0,0,0,0,0,0,0,0,0,0
0.19347,0,0,0,0,0,0,0,0,0,0,0,0,0,0
0.096226,0,0,0,0,0,0,0,0,0,0,0,0,0,0
0.09577,0,0,0,0,0,0,0,0,0,0,0,0,0,0
0.090206,0,0,0,0,0,0,0,0,0,0,0,0,0,0
0.08839,0,0,0,0,0,0,0,0,0,0,0,0,0,0
0.09476,0,0,0,0,0,0,0,0,0,0,0,0,0,0
0.19162,0,0,0,0,0,0,0,0,0,0,0,0,0,0
0.096356,0,0,0,0,0,0,0,0,0,0,0,0,0,0
0.094896,0,0,0,0,0,0,0,0,0,0,0,0,0,0
0.09,0,0,0,0,0,0,0,0,0,0,0,0,0,0
0.087658,0,0,0,0,0,0,0,0,0,0,0,0,0,0
0.093494,0,0,0,0,0,0,0,0,0,0,0,0,0,0
0.18982,0,0,0,0,0,0,0,0,0,0,0,0,0,0
0.094926,0,0,0,0,0,0,0,0,0,0,0,0,0,0
0.092817,0,0,0,0,0,0,0,0,0,0,0,0,0,0
0.083496,0,0,0,0,0,0,0,0,0,0,0,0,0,0
0.086608,0,0,0,0,0,0,0,0,0,0,0,0,0,0
0.088369,0,0,0,0,0,0,0,0,0,0,0,0,0,0
0.17735,0,0,0,0,0,0,0,0,0,0,0,0,0,0
0.081552,0,0,0,0,0,0,0,0,0,0,0,0,0,0
0.08355,0,0,0,0,0,0,0,0,0,0,0,0,0,0
0.088183,0,0,0,0,0,0,0,0,0,0,0,0,0,0
0.082791,0,0,0,0,0,0,0,0,0,0,0,0,0,0
0.082272,0,0,0,0,0,0,0,0,0,0,0,0,0,0
0.18302,0,0,0,0,0,0,0,0,0,0,0,0,0,0
0.084223,0,0,0,0,0,0,0,0,0,0,0,0,0,0
0.083419,0,0,0,0,0,0,0,0,0,0,0,0,0,0
0.085596,0,0,0,0,0,0,0,0,0,0,0,0,0,0
0.085973,0,0,0,0,0,0,0,0,0,0,0,0,0,0
0.085852,0,0,0,0,0,0,0,0,0,0,0,0,0,0
0.18539,0,0,0,0,0,0,0,0,0,0,0,0,0,0
0.088736,0,0,0,0,0,0,0,0,0,0,0,0,0,0
0.08861,0,0,0,0,0,0,0,0,0,0,0,0,0,0
0.086635,0,0,0,0,0,0,0,0,0,0,0,0,0,0
0.083994,0,0,0,0,0,0,0,0,0,0,0,0,0,0
0.083778,0,0,0,0,0,0,0,0,0,0,0,0,0,0
0.19555,0,0,0,0,0,0,0,0,0,0,0,0,0,0
0.098373,0,0,0,0,0,0,0,0,0,0,0,0,0,0
0.094113,0,0,0,0,0,0,0,0,0,0,0,0,0,0
0.086983,0,0,0,0,0,0,0,0,0,0,0,0,0,0
0.085684,0,0,0,0,0,0,0,0,0,0,0,0,0,0
0.086175,0,0,0,0,0,0,0,0,0,0,0,0,0,0
0.18488,0,0,0,0,0,0,0,0,0,0,0,0,0,0
0.082616,0,0,0,0,0,0,0,0,0,0,0,0,0,0
0.085017,0,0,0,0,0,0,0,0,0,0,0,0,0,0
0.087251,0,0,0,0,0,0,0,0,0,0,0,0,0,0
0.090337,0,0,0,0,0,0,0,0,0,0,0,0,0,0
0.090163,0,0,0,0,0,0,0,0,0,0,0,0,0,0
0.18946,0,0,0,0,0,0,0,0,0,0,0,0,0,0
0.095029,0,0,0,0,0,0,0,0,0,0,0,0,0,0
0.09733,0,0,0,0,0,0,0,0,0,0,0,0,0,0
0.092471,0,0,0,0,0,0,0,0,0,0,0,0,0,0
0.10213,0,0,0,0,0,0,0,0,0,0,0,0,0,0
0.096432,0,0,0,0,0,0,0,0,0,0,0,0,0,0
0.19059,0,0,0,0,0,0,0,0,0,0,0,0,0,0
0.090727,0,0,0,0,0,0,0,0,0,0,0,0,0,0
0.092504,0,0,0,0,0,0,0,0,0,0,0,0,0,0
0.083789,0,0,0,0,0,0,0,0,0,0,0,0,0,0
0.10273,0,0,0,0,0,0,0,0,0,0,0,0,0,0
0.090116,0,0,0,0,0,0,0,0,0,0,0,0,0,0
0.19768,0,0,0,0,0,0,0,0,0,0,0,0,0,0
0.10129,0,0,0,0,0,0,0,0,0,0,0,0,0,0
0.085798,0,0,0,0,0,0,0,0,0,0,0,0,0,0
0.088084,0,0,0,0,0,0,0,0,0,0,0,0,0,0
0.088594,0,0,0,0,0,0,0,0,0,0,0,0,0,0
0.090466,0,0,0,0,0,0,0,0,0,0,0,0,0,0
0.18567,0,0,0,0,0,0,0,0,0,0,0,0,0,0
0.088614,0,0,0,0,0,0,0,0,0,0,0,0,0,0
0.085202,0,0,0,0,0,0,0,0,0,0,0,0,0,0
0.088175,0,0,0,0,0,0,0,0,0,0,0,0,0,0
0.086494,0,0,0,0,0,0,0,0,0,0,0,0,0,0
0.091595,0,0,0,0,0,0,0,0,0,0,0,0,0,0
0.1957,0,0,0,0,0,0,0,0,0,0,0,0,0,0
0.094904,0,0,0,0,0,0,0,0,0,0,0,0,0,0
0.084806,0,0,0,0,0,0,0,0,0,0,0,0,0,0
0.091117,0,0,0,0,0,0,0,0,0,0,0,0,0,0
0.092128,0,0,0,0,0,0,0,0,0,0,0,0,0,0
0.083022,0,0,0,0,0,0,0,0,0,0,0,0,0,0
0.18359,0,0,0,0,0,0,0,0,0,0,0,0,0,0
0.10878,0,0,0,0,0,0,0,0,0,0,0,0,0,0
0.090006,0,0,0,0,0,0,0,0,0,0,0,0,0,0
0.093695,0,0,0,0,0,0,0,0,0,0,0,0,0,0
0.098363,0,0,0,0,0,0,0,0,0,0,0,0,0,0
0.098274,0,0,0,0,0,0,0,0,0,0,0,0,0,0
0.20204,0,0,0,0,0,0,0,0,0,0,0,0,0,0
0.090227,0,0,0,0,0,0,0,0,0,0,0,0,0,0
0.085968,0,0,0,0,0,0,0,0,0,0,0,0,0,0
0.09755,0,0,0,0,0,0,0,0,0,0,0,0,0,0
0.090133,0,0,0,0,0,0,0,0,0,0,0,0,0,0
0.088738,0,0,0,0,0,0,0,0,0,0,0,0,0,0
0.19119,0,0,0,0,0,0,0,0,0,0,0,0,0,0
0.086869,0,0,0,0,0,0,0,0,0,0,0,0,0,0
0.090576,0,0,0,0,0,0,0,0,0,0,0,0,0,0
0.092232,0,0,0,0,0,0,0,0,0,0,0,0,0,0
0.086317,0,0,0,0,0,0,0,0,0,0,0,0,0,0
0.089097,0,0,0,0,0,0,0,0,0,0,0,0,0,0
0.18694,0,0,0,0,0,0,0,0,0,0,0,0,0,0
0.087533,0,0,0,0,0,0,0,0,0,0,0,0,0,0
0.091502,0,0,0,0,0,0,0,0,0,0,0,0,0,0
0.093114,0,0,0,0,0,0,0,0,0,0,0,0,0,0
0.092921,0,0,0,0,0,0,0,0,0,0,0,0,0,0
0.093859,0,0,0,0,0,0,0,0,0,0,0,0,0,0
0.19498,0,0,0,0,0,0,0,0,0,0,0,0,0,0
0.085133,0,0,0,0,0,0,0,0,0,0,0,0,0,0
0.091628,0,0,0,0,0,0,0,0,0,0,0,0,0,0
0.099171,0,0,0,0,0,0,0,0,0,0,0,0,0,0
0.089882,0,0,0,0,0,0,0,0,0,0,0,0,0,0
0.092625,0,0,0,0,0,0,0,0,0,0,0,0,0,0
0.194,0,0,0,0,0,0,0,0,0,0,0,0,0,0
0.092736,0,0,0,0,0,0,0,0,0,0,0,0,0,0
0.10025,0,0,0,0,0,0,0,0,0,0,0,0,0,0
0.09681,0,0,0,0,0,0,0,0,0,0,0,0,0,0
0.095431,0,0,0,0,0,0,0,0,0,0,0,0,0,0
0.097541,0,0,0,0,0,0,0,0,0,0,0,0,0,0
0.19037,0,0,0,0,0,0,0,0,0,0,0,0,0,0
0.084787,0,0,0,0,0,0,0,0,0,0,0,0,0,0
0.091229,0,0,0,0,0,0,0,0,0,0,0,0,0,0
0.095821,0,0,0,0,0,0,0,0,0,0,0,0,0,0
0.089302,0,0,0,0,0,0,0,0,0,0,0,0,0,0
0.091878,0,0,0,0,0,0,0,0,0,0,0,0,0,0
0.18275,0,0,0,0,0,0,0,0,0,0,0,0,0,0
0.099053,0,0,0,0,0,0,0,0,0,0,0,0,0,0
0.095935,0,0,0,0,0,0,0,0,0,0,0,0,0,0
0.090993,0,0,0,0,0,0,0,0,0,0,0,0,0,0
0.096723,0,0,0,0,0,0,0,0,0,0,0,0,0,0
0.098525,0,0,0,0,0,0,0,0,0,0,0,0,0,0
0.1872,0,0,0,0,0,0,0,0,0,0,0,0,0,0
0.092837,0,0,0,0,0,0,0,0,0,0,0,0,0,0
0.092508,0,0,0,0,0,0,0,0,0,0,0,0,0,0
0.096534,0,0,0,0,0,0,0,0,0,0,0,0,0,0
0.090062,0,0,0,0,0,0,0,0,0,0,0,0,0,0
0.085304,0,0,0,0,0,0,0,0,0,0,0,0,0,0
0.18543,0,0,0,0,0,0,0,0,0,0,0,0,0,0
0.094419,0,0,0,0,0,0,0,0,0,0,0,0,0,0
0.092812,0,0,0,0,0,0,0,0,0,0,0,0,0,0
0.089664,0,0,0,0,0,0,0,0,0,0,0,0,0,0
0.090324,0,0,0,0,0,0,0,0,0,0,0,0,0,0
0.090365,0,0,0,0,0,0,0,0,0,0,0,0,0,0
0.18173,0,0,0,0,0,0,0,0,0,0,0,0,0,0
0.081582,0,0,0,0,0,0,0,0,0,0,0,0,0,0
0.082669,0,0,0,0,0,0,0,0,0,0,0,0,0,0
0.081973,0,0,0,0,0,0,0,0,0,0,0,0,0,0
0.085163,0,0,0,0,0,0,0,0,0,0,0,0,0,0
0.08723,0,0,0,0,0,0,0,0,0,0,0,0,0,0
0.19094,0,0,0,0,0,0,0,0,0,0,0,0,0,0
0.092656,0,0,0,0,0,0,0,0,0,0,0,0,0,0
0.090553,0,0,0,0,0,0,0,0,0,0,0,0,0,0
0.093261,0,0,0,0,0,0,0,0,0,0,0,0,0,0
0.092758,0,0,0,0,0,0,0,0,0,0,0,0,0,0
0.088786,0,0,0,0,0,0,0,0,0,0,0,0,0,0
0.18088,0,0,0,0,0,0,0,0,0,0,0,0,0,0
0.08697,0,0,0,0,0,0,0,0,0,0,0,0,0,0
0.084917,0,0,0,0,0,0,0,0,0,0,0,0,0,0
0.08873,0,0,0,0,0,0,0,0,0,0,0,0,0,0
0.093671,0,0,0,0,0,0,0,0,0,0,0,0,0,0
0.086479,0,0,0,0,0,0,0,0,0,0,0,0,0,0
0.18334,0,0,0,0,0,0,0,0,0,0,0,0,0,0
0.095445,0,0,0,0,0,0,0,0,0,0,0,0,0,0
0.091381,0,0,0,0,0,0,0,0,0,0,0,0,0,0
0.091043,0,0,0,0,0,0,0,0,0,0,0,0,0,0
0.089295,0,0,0,0,0,0,0,0,0,0,0,0,0,0
0.085869,0,0,0,0,0,0,0,0,0,0,0,0,0,0
0.17862,0,0,0,0,0,0,0,0,0,0,0,0,0,0
0.08237,0,0,0,0,0,0,0,0,0,0,0,0,0,0
0.1035,0,0,0,0,0,0,0,0,0,0,0,0,0,0
0.095335,0,0,0,0,0,0,0,0,0,0,0,0,0,0
0.088096,0,0,0,0,0,0,0,0,0,0,0,0,0,0
0.090763,0,0,0,0,0,0,0,0,0,0,0,0,0,0
0.19072,0,0,0,0,0,0,0,0,0,0,0,0,0,0
0.089576,0,0,0,0,0,0,0,0,0,0,0,0,0,0
0.091493,0,0,0,0,0,0,0,0,0,0,0,0,0,0
0.090579,0,0,0,0,0,0,0,0,0,0,0,0,0,0
0.089711,0,0,0,0,0,0,0,0,0,0,0,0,0,0
0.086231,0,0,0,0,0,0,0,0,0,0,0,0,0,0
0.18091,0,0,0,0,0,0,0,0,0,0,0,0,0,0
0.091812,0,0,0,0,0,0,0,0,0,0,0,0,0,0
0.091006,0,0,0,0,0,0,0,0,0,0,0,0,0,0
0.089557,0,0,0,0,0,0,0,0,0,0,0,0,0,0
0.086334,0,0,0,0,0,0,0,0,0,0,0,0,0,0
0.088689,0,0,0,0,0,0,0,0,0,0,0,0,0,0
0.19529,0,0,0,0,0,0,0,0,0,0,0,0,0,0
0.083906,0,0,0,0,0,0,0,0,0,0,0,0,0,0
0.083948,0,0,0,0,0,0,0,0,0,0,0,0,0,0
0.089771,0,0,0,0,0,0,0,0,0,0,0,0,0,0
0.093355,0,0,0,0,0,0,0,0,0,0,0,0,0,0
0.093483,0,0,0,0,0,0,0,0,0,0,0,0,0,0
0.19125,0,0,0,0,0,0,0,0,0,0,0,0,0,0
0.098999,0,0,0,0,0,0,0,0,0,0,0,0,0,0
0.087955,0,0,0,0,0,0,0,0,0,0,0,0,0,0
0.08824,0,0,0,0,0,0,0,0,0,0,0,0,0,0
0.095192,0,0,0,0,0,0,0,0,0,0,0,0,0,0
0.095141,0,0,0,0,0,0,0,0,0,0,0,0,0,0
0.19851,0,0,0,0,0,0,0,0,0,0,0,0,0,0
0.092829,0,0,0,0,0,0,0,0,0,0,0,0,0,0
0.086502,0,0,0,0,0,0,0,0,0,0,0,0,0,0
0.088038,0,0,0,0,0,0,0,0,0,0,0,0,0,0
0.098088,0,0,0,0,0,0,0,0,0,0,0,0,0,0
0.097583,0,0,0,0,0,0,0,0,0,0,0,0,0,0
0.18728,0,0,0,0,0,0,0,0,0,0,0,0,0,0
0.095192,0,0,0,0,0,0,0,0,0,0,0,0,0,0
0.087271,0,0,0,0,0,0,0,0,0,0,0,0,0,0
0.089671,0,0,0,0,0,0,0,0,0,0,0,0,0,0
0.091508,0,0,0,0,0,0,0,0,0,0,0,0,0,0
0.09465,0,0,0,0,0,0,0,0,0,0,0,0,0,0
0.19266,0,0,0,0,0,0,0,0,0,0,0,0,0,0
0.088412,0,0,0,0,0,0,0,0,0,0,0,0,0,0
0.086481,0,0,0,0,0,0,0,0,0,0,0,0,0,0
0.091783,0,0,0,0,0,0,0,0,0,0,0,0,0,0
0.08742,0,0,0,0,0,0,0,0,0,0,0,0,0,0
0.088849,0,0,0,0,0,0,0,0,0,0,0,0,0,0
0.1888,0,0,0,0,0,0,0,0,0,0,0,0,0,0
0.094146,0,0,0,0,0,0,0,0,0,0,0,0,0,0
0.086832,0,0,0,0,0,0,0,0,0,0,0,0,0,0
0.082498,0,0,0,0,0,0,0,0,0,0,0,0,0,0
0.082898,0,0,0,0,0,0,0,0,0,0,0,0,0,0
0.082295,0,0,0,0,0,0,0,0,0,0,0,0,0,0
0.18493,0,0,0,0,0,0,0,0,0,0,0,0,0,0
0.089145,0,0,0,0,0,0,0,0,0,0,0,0,0,0
0.085491,0,0,0,0,0,0,0,0,0,0,0,0,0,0
0.0866,0,0,0,0,0,0,0,0,0,0,0,0,0,0
0.085034,0,0,0,0,0,0,0,0,0,0,0,0,0,0
0.091099,0,0,0,0,0,0,0,0,0,0,0,0,0,0
0.18928,0,0,0,0,0,0,0,0,0,0,0,0,0,0
0.082003,0,0,0,0,0,0,0,0,0,0,0,0,0,0
0.088122,0,0,0,0,0,0,0,0,0,0,0,0,0,0
0.090835,0,0,0,0,0,0,0,0,0,0,0,0,0,0
0.091658,0,0,0,0,0,0,0,0,0,0,0,0,0,0
0.090957,0,0,0,0,0,0,0,0,0,0,0,0,0,0
0.18867,0,0,0,0,0,0,0,0,0,0,0,0,0,0
0.084418,0,0,0,0,0,0,0,0,0,0,0,0,0,0
0.085041,0,0,0,0,0,0,0,0,0,0,0,0,0,0
0.092453,0,0,0,0,0,0,0,0,0,0,0,0,0,0
0.094283,0,0,0,0,0,0,0,0,0,0,0,0,0,0
0.091765,0,0,0,0,0,0,0,0,0,0,0,0,0,0
0.18572,0,0,0,0,0,0,0,0,0,0,0,0,0,0
0.090009,0,0,0,0,0,0,0,0,0,0,0,0,0,0
0.090849,0,0,0,0,0,0,0,0,0,0,0,0,0,0
0.093744,0,0,0,0,0,0,0,0,0,0,0,0,0,0
0.092028,0,0,0,0,0,0,0,0,0,0,0,0,0,0
0.091663,0,0,0,0,0,0,0,0,0,0,0,0,0,0
0.18776,0,0,0,0,0,0,0,0,0,0,0,0,0,0
0.085585,0,0,0,0,0,0,0,0,0,0,0,0,0,0
0.087826,0,0,0,0,0,0,0,0,0,0,0,0,0,0
0.086744,0,0,0,0,0,0,0,0,0,0,0,0,0,0
0.092866,0,0,0,0,0,0,0,0,0,0,0,0,0,0
0.089789,0,0,0,0,0,0,0,0,0,0,0,0,0,0
0.1774,0,0,0,0,0,0,0,0,0,0,0,0,0,0
0.087125,0,0,0,0,0,0,0,0,0,0,0,0,0,0
0.09371,0,0,0,0,0,0,0,0,0,0,0,0,0,0
0.0951,0,0,0,0,0,0,0,0,0,0,0,0,0,0
0.090661,0,0,0,0,0,0,0,0,0,0,0,0,0,0
0.090666,0,0,0,0,0,0,0,0,0,0,0,0,0,0
0.17785,0,0,0,0,0,0,0,0,0,0,0,0,0,0
0.090586,0,0,0,0,0,0,0,0,0,0,0,0,0,0
0.089473,0,0,0,0,0,0,0,0,0,0,0,0,0,0
0.094544,0,0,0,0,0,0,0,0,0,0,0,0,0,0
0.091604,0,0,0,0,0,0,0,0,0,0,0,0,0,0
0.09081,0,0,0,0,0,0,0,0,0,0,0,0,0,0
0.1832,0,0,0,0,0,0,0,0,0,0,0,0,0,0
0.088144,0,0,0,0,0,0,0,0,0,0,0,0,0,0
0.091592,0,0,0,0,0,0,0,0,0,0,0,0,0,0
0.091858,0,0,0,0,0,0,0,0,0,0,0,0,0,0
0.093463,0,0,0,0,0,0,0,0,0,0,0,0,0,0
0.091279,0,0,0,0,0,0,0,0,0,0,0,0,0,0
0.18493,0,0,0,0,0,0,0,0,0,0,0,0,0,0
0.088836,0,0,0,0,0,0,0,0,0,0,0,0,0,0
0.094247,0,0,0,0,0,0,0,0,0,0,0,0,0,0
0.092127,0,0,0,0,0,0,0,0,0,0,0,0,0,0
0.091702,0,0,0,0,0,0,0,0,0,0,0,0,0,0
0.088944,0,0,0,0,0,0,0,0,0,0,0,0,0,0
0.18323,0,0,0,0,0,0,0,0,0,0,0,0,0,0
0.089201,0,0,0,0,0,0,0,0,0,0,0,0,0,0
0.088828,0,0,0,0,0,0,0,0,0,0,0,0,0,0
0.088117,0,0,0,0,0,0,0,0,0,0,0,0,0,0
0.093216,0,0,0,0,0,0,0,0,0,0,0,0,0,0
0.090273,0,0,0,0,0,0,0,0,0,0,0,0,0,0
0.18465,0,0,0,0,0,0,0,0,0,0,0,0,0,0
0.092205,0,0,0,0,0,0,0,0,0,0,0,0,0,0
0.09432,0,0,0,0,0,0,0,0,0,0,0,0,0,0
0.088624,0,0,0,0,0,0,0,0,0,0,0,0,0,0
0.087769,0,0,0,0,0,0,0,0,0,0,0,0,0,0
0.087521,0,0,0,0,0,0,0,0,0,0,0,0,0,0
0.18103,0,0,0,0,0,0,0,0,0,0,0,0,0,0
0.081741,0,0,0,0,0,0,0,0,0,0,0,0,0,0
0.08174,0,0,0,0,0,0,0,0,0,0,0,0,0,0
0.085502,0,0,0,0,0,0,0,0,0,0,0,0,0,0
0.084253,0,0,0,0,0,0,0,0,0,0,0,0,0,0
0.083701,0,0,0,0,0,0,0,0,0,0,0,0,0,0
0.19222,0,0,0,0,0,0,0,0,0,0,0,0,0,0
0.086377,0,0,0,0,0,0,0,0,0,0,0,0,0,0
0.08508,0,0,0,0,0,0,0,0,0,0,0,0,0,0
0.087896,0,0,0,0,0,0,0,0,0,0,0,0,0,0
0.092717,0,0,0,0,0,0,0,0,0,0,0,0,0,0
0.08532,0,0,0,0,0,0,0,0,0,0,0,0,0,0
0.18101,0,0,0,0,0,0,0,0,0,0,0,0,0,0
0.08615,0,0,0,0,0,0,0,0,0,0,0,0,0,0
0.098279,0,0,0,0,0,0,0,0,0,0,0,0,0,0
0.092984,0,0,0,0,0,0,0,0,0,0,0,0,0,0
0.088696,0,0,0,0,0,0,0,0,0,0,0,0,0,0
0.083167,0,0,0,0,0,0,0,0,0,0,0,0,0,0
0.18655,0,0,0,0,0,0,0,0,0,0,0,0,0,0
0.093977,0,0,0,0,0,0,0,0,0,0,0,0,0,0
0.095514,0,0,0,0,0,0,0,0,0,0,0,0,0,0
0.094316,0,0,0,0,0,0,0,0,0,0,0,0,0,0
0.088383,0,0,0,0,0,0,0,0,0,0,0,0,0,0
0.089513,0,0,0,0,0,0,0,0,0,0,0,0,0,0
0.18792,0,0,0,0,0,0,0,0,0,0,0,0,0,0
0.088606,0,0,0,0,0,0,0,0,0,0,0,0,0,0
0.097452,0,0,0,0,0,0,0,0,0,0,0,0,0,0
0.087002,0,0,0,0,0,0,0,0,0,0,0,0,0,0
0.087171,0,0,0,0,0,0,0,0,0,0,0,0,0,0
0.086101,0,0,0,0,0,0,0,0,0,0,0,0,0,0
0.19587,0,0,0,0,0,0,0,0,0,0,0,0,0,0
0.084804,0,0,0,0,0,0,0,0,0,0,0,0,0,0
0.092395,0,0,0,0,0,0,0,0,0,0,0,0,0,0
0.086115,0,0,0,0,0,0,0,0,0,0,0,0,0,0
0.088652,0,0,0,0,0,0,0,0,0,0,0,0,0,0
0.089806,0,0,0,0,0,0,0,0,0,0,0,0,0,0
0.18298,0,0,0,0,0,0,0,0,0,0,0,0,0,0
0.095975,0,0,0,0,0,0,0,0,0,0,0,0,0,0
0.086614,0,0,0,0,0,0,0,0,0,0,0,0,0,0
0.085544,0,0,0,0,0,0,0,0,0,0,0,0,0,0
0.085434,0,0,0,0,0,0,0,0,0,0,0,0,0,0
0.091678,0,0,0,0,0,0,0,0,0,0,0,0,0,0
0.19135,0,0,0,0,0,0,0,0,0,0,0,0,0,0
0.096639,0,0,0,0,0,0,0,0,0,0,0,0,0,0
0.088893,0,0,0,0,0,0,0,0,0,0,0,0,0,0
0.08418,0,0,0,0,0,0,0,0,0,0,0,0,0,0
0.08261,0,0,0,0,0,0,0,0,0,0,0,0,0,0
0.082625,0,0,0,0,0,0,0,0,0,0,0,0,0,0
0.17645,0,0,0,0,0,0,0,0,0,0,0,0,0,0
0.087684,0,0,0,0,0,0,0,0,0,0,0,0,0,0
0.083505,0,0,0,0,0,0,0,0,0,0,0,0,0,0
0.090646,0,0,0,0,0,0,0,0,0,0,0,0,0,0
0.092138,0,0,0,0,0,0,0,0,0,0,0,0,0,0
0.09236,0,0,0,0,0,0,0,0,0,0,0,0,0,0
0.1903,0,0,0,0,0,0,0,0,0,0,0,0,0,0
0.085893,0,0,0,0,0,0,0,0,0,0,0,0,0,0
0.085352,0,0,0,0,0,0,0,0,0,0,0,0,0,0
0.10097,0,0,0,0,0,0,0,0,0,0,0,0,0,0
0.091186,0,0,0,0,0,0,0,0,0,0,0,0,0,0
0.097266,0,0,0,0,0,0,0,0,0,0,0,0,0,0
0.1901,0,0,0,0,0,0,0,0,0,0,0,0,0,0
0.087748,0,0,0,0,0,0,0,0,0,0,0,0,0,0
0.096904,0,0,0,0,0,0,0,0,0,0,0,0,0,0
0.095506,0,0,0,0,0,0,0,0,0,0,0,0,0,0
0.092112,0,0,0,0,0,0,0,0,0,0,0,0,0,0
0.091594,0,0,0,0,0,0,0,0,0,0,0,0,0,0
0.19617,0,0,0,0,0,0,0,0,0,0,0,0,0,0
0.090331,0,0,0,0,0,0,0,0,0,0,0,0,0,0
0.093324,0,0,0,0,0,0,0,0,0,0,0,0,0,0
0.089235,0,0,0,0,0,0,0,0,0,0,0,0,0,0
0.088787,0,0,0,0,0,0,0,0,0,0,0,0,0,0
0.088955,0,0,0,0,0,0,0,0,0,0,0,0,0,0
0.19537,0,0,0,0,0,0,0,0,0,0,0,0,0,0
0.082595,0,0,0,0,0,0,0,0,0,0,0,0,0,0
0.086376,0,0,0,0,0,0,0,0,0,0,0,0,0,0
0.083924,0,0,0,0,0,0,0,0,0,0,0,0,0,0
0.088807,0,0,0,0,0,0,0,0,0,0,0,0,0,0
0.090844,0,0,0,0,0,0,0,0,0,0,0,0,0,0
0.19089,0,0,0,0,0,0,0,0,0,0,0,0,0,0
0.088283,0,0,0,0,0,0,0,0,0,0,0,0,0,0
0.092717,0,0,0,0,0,0,0,0,0,0,0,0,0,0
0.094435,0,0,0,0,0,0,0,0,0,0,0,0,0,0
0.086986,0,0,0,0,0,0,0,0,0,0,0,0,0,0
0.085611,0,0,0,0,0,0,0,0,0,0,0,0,0,0
0.17791,0,0,0,0,0,0,0,0,0,0,0,0,0,0
0.08716,0,0,0,0,0,0,0,0,0,0,0,0,0,0
0.094178,0,0,0,0,0,0,0,0,0,0,0,0,0,0
0.094256,0,0,0,0,0,0,0,0,0,0,0,0,0,0
0.089545,0,0,0,0,0,0,0,0,0,0,0,0,0,0
0.083647,0,0,0,0,0,0,0,0,0,0,0,0,0,0
0.18,0,0,0,0,0,0,0,0,0,0,0,0,0,0
0.090906,0,0,0,0,0,0,0,0,0,0,0,0,0,0
0.096199,0,0,0,0,0,0,0,0,0,0,0,0,0,0
0.094867,0,0,0,0,0,0,0,0,0,0,0,0,0,0
0.095474,0,0,0,0,0,0,0,0,0,0,0,0,0,0
0.093723,0,0,0,0,0,0,0,0,0,0,0,0,0,0
0.18417,0,0,0,0,0,0,0,0,0,0,0,0,0,0
0.089946,0,0,0,0,0,0,0,0,0,0,0,0,0,0
0.094308,0,0,0,0,0,0,0,0,0,0,0,0,0,0
0.094196,0,0,0,0,0,0,0,0,0,0,0,0,0,0
0.090602,0,0,0,0,0,0,0,0,0,0,0,0,0,0
0.090018,0,0,0,0,0,0,0,0,0,0,0,0,0,0
0.18965,0,0,0,0,0,0,0,0,0,0,0,0,0,0
0.085142,0,0,0,0,0,0,0,0,0,0,0,0,0,0
0.090913,0,0,0,0,0,0,0,0,0,0,0,0,0,0
0.093399,0,0,0,0,0,0,0,0,0,0,0,0,0,0
0.090762,0,0,0,0,0,0,0,0,0,0,0,0,0,0
0.089207,0,0,0,0,0,0,0,0,0,0,0,0,0,0
0.18952,0,0,0,0,0,0,0,0,0,0,0,0,0,0
0.094202,0,0,0,0,0,0,0,0,0,0,0,0,0,0
0.088116,0,0,0,0,0,0,0,0,0,0,0,0,0,0
0.086846,0,0,0,0,0,0,0,0,0,0,0,0,0,0
0.095847,0,0,0,0,0,0,0,0,0,0,0,0,0,0
0.087422,0,0,0,0,0,0,0,0,0,0,0,0,0,0
0.19126,0,0,0,0,0,0,0,0,0,0,0,0,0,0
0.08634,0,0,0,0,0,0,0,0,0,0,0,0,0,0
0.086148,0,0,0,0,0,0,0,0,0,0,0,0,0,0
0.088414,0,0,0,0,0,0,0,0,0,0,0,0,0,0
0.094476,0,0,0,0,0,0,0,0,0,0,0,0,0,0
0.085601,0,0,0,0,0,0,0,0,0,0,0,0,0,0
0.18962,0,0,0,0,0,0,0,0,0,0,0,0,0,0
0.084381,0,0,0,0,0,0,0,0,0,0,0,0,0,0
0.084145,0,0,0,0,0,0,0,0,0,0,0,0,0,0
0.083562,0,0,0,0,0,0,0,0,0,0,0,0,0,0
0.084081,0,0,0,0,0,0,0,0,0,0,0,0,0,0
0.092252,0,0,0,0,0,0,0,0,0,0,0,0,0,0
0.19213,0,0,0,0,0,0,0,0,0,0,0,0,0,0
0.093101,0,0,0,0,0,0,0,0,0,0,0,0,0,0
0.089896,0,0,0,0,0,0,0,0,0,0,0,0,0,0
0.087778,0,0,0,0,0,0,0,0,0,0,0,0,0,0
0.085202,0,0,0,0,0,0,0,0,0,0,0,0,0,0
0.093509,0,0,0,0,0,0,0,0,0,0,0,0,0,0
0.18822,0,0,0,0,0,0,0,0,0,0,0,0,0,0
0.091761,0,0,0,0,0,0,0,0,0,0,0,0,0,0
0.089593,0,0,0,0,0,0,0,0,0,0,0,0,0,0
0.089479,0,0,0,0,0,0,0,0,0,0,0,0,0,0
0.088615,0,0,0,0,0,0,0,0,0,0,0,0,0,0
0.094916,0,0,0,0,0,0,0,0,0,0,0,0,0,0
0.19004,0,0,0,0,0,0,0,0,0,0,0,0,0,0
0.098369,0,0,0,0,0,0,0,0,0,0,0,0,0,0
0.091404,0,0,0,0,0,0,0,0,0,0,0,0,0,0
0.082952,0,0,0,0,0,0,0,0,0,0,0,0,0,0
0.091521,0,0,0,0,0,0,0,0,0,0,0,0,0,0
0.090255,0,0,0,0,0,0,0,0,0,0,0,0,0,0
0.19178,0,0,0,0,0,0,0,0,0,0,0,0,0,0
0.092001,0,0,0,0,0,0,0,0,0,0,0,0,0,0
0.089508,0,0,0,0,0,0,0,0,0,0,0,0,0,0
0.099288,0,0,0,0,0,0,0,0,0,0,0,0,0,0
0.088149,0,0,0,0,0,0,0,0,0,0,0,0,0,0
0.092786,0,0,0,0,0,0,0,0,0,0,0,0,0,0
0.19098,0,0,0,0,0,0,0,0,0,0,0,0,0,0
0.087442,0,0,0,0,0,0,0,0,0,0,0,0,0,0
0.090929,0,0,0,0,0,0,0,0,0,0,0,0,0,0
0.088079,0,0,0,0,0,0,0,0,0,0,0,0,0,0
0.092778,0,0,0,0,0,0,0,0,0,0,0,0,0,0
0.096335,0,0,0,0,0,0,0,0,0,0,0,0,0,0
0.19255,0,0,0,0,0,0,0,0,0,0,0,0,0,0
0.092863,0,0,0,0,0,0,0,0,0,0,0,0,0,0
0.099813,0,0,0,0,0,0,0,0,0,0,0,0,0,0
0.089887,0,0,0,0,0,0,0,0,0,0,0,0,0,0
0.10048,0,0,0,0,0,0,0,0,0,0,0,0,0,0
0.092908,0,0,0,0,0,0,0,0,0,0,0,0,0,0
0.18116,0,0,0,0,0,0,0,0,0,0,0,0,0,0
0.093067,0,0,0,0,0,0,0,0,0,0,0,0,0,0
0.095201,0,0,0,0,0,0,0,0,0,0,0,0,0,0
0.093738,0,0,0,0,0,0,0,0,0,0,0,0,0,0
0.092411,0,0,0,0,0,0,0,0,0,0,0,0,0,0
0.092493,0,0,0,0,0,0,0,0,0,0,0,0,0,0
0.18822,0,0,0,0,0,0,0,0,0,0,0,0,0,0
0.093732,0,0,0,0,0,0,0,0,0,0,0,0,0,0
0.092146,0,0,0,0,0,0,0,0,0,0,0,0,0,0
0.087581,0,0,0,0,0,0,0,0,0,0,0,0,0,0
0.1003,0,0,0,0,0,0,0,0,0,0,0,0,0,0
0.093817,0,0,0,0,0,0,0,0,0,0,0,0,0,0
0.19078,0,0,0,0,0,0,0,0,0,0,0,0,0,0
0.10287,0,0,0,0,0,0,0,0,0,0,0,0,0,0
0.099199,0,0,0,0,0,0,0,0,0,0,0,0,0,0
0.088805,0,0,0,0,0,0,0,0,0,0,0,0,0,0
0.089028,0,0,0,0,0,0,0,0,0,0,0,0,0,0
0.08327,0,0,0,0,0,0,0,0,0,0,0,0,0,0
0.20184,0,0,0,0,0,0,0,0,0,0,0,0,0,0
0.085736,0,0,0,0,0,0,0,0,0,0,0,0,0,0
0.085574,0,0,0,0,0,0,0,0,0,0,0,0,0,0
0.087144,0,0,0,0,0,0,0,0,0,0,0,0,0,0
0.089998,0,0,0,0,0,0,0,0,0,0,0,0,0,0
0.091934,0,0,0,0,0,0,0,0,0,0,0,0,0,0
0.20015,0,0,0,0,0,0,0,0,0,0,0,0,0,0
0.091924,0,0,0,0,0,0,0,0,0,0,0,0,0,0
0.091426,0,0,0,0,0,0,0,0,0,0,0,0,0,0
0.096713,0,0,0,0,0,0,0,0,0,0,0,0,0,0
0.088492,0,0,0,0,0,0,0,0,0,0,0,0,0,0
0.091529,0,0,0,0,0,0,0,0,0,0,0,0,0,0
0.20401,0,0,0,0,0,0,0,0,0,0,0,0,0,0
0.083756,0,0,0,0,0,0,0,0,0,0,0,0,0,0
0.086215,0,0,0,0,0,0,0,0,0,0,0,0,0,0
0.090031,0,0,0,0,0,0,0,0,0,0,0,0,0,0
0.090949,0,0,0,0,0,0,0,0,0,0,0,0,0,0
0.097146,0,0,0,0,0,0,0,0,0,0,0,0,0,0
0.18873,0,0,0,0,0,0,0,0,0,0,0,0,0,0
0.087974,0,0,0,0,0,0,0,0,0,0,0,0,0,0
0.091717,0,0,0,0,0,0,0,0,0,0,0,0,0,0
0.082915,0,0,0,0,0,0,0,0,0,0,0,0,0,0
0.090381,0,0,0,0,0,0,0,0,0,0,0,0,0,0
0.088913,0,0,0,0,0,0,0,0,0,0,0,0,0,0
0.18682,0,0,0,0,0,0,0,0,0,0,0,0,0,0
0.091152,0,0,0,0,0,0,0,0,0,0,0,0,0,0
0.092353,0,0,0,0,0,0,0,0,0,0,0,0,0,0
0.08614,0,0,0,0,0,0,0,0,0,0,0,0,0,0
0.092177,0,0,0,0,0,0,0,0,0,0,0,0,0,0
0.093816,0,0,0,0,0,0,0,0,0,0,0,0,0,0
0.18711,0,0,0,0,0,0,0,0,0,0,0,0,0,0
0.087949,0,0,0,0,0,0,0,0,0,0,0,0,0,0
0.0822,0,0,0,0,0,0,0,0,0,0,0,0,0,0
0.086039,0,0,0,0,0,0,0,0,0,0,0,0,0,0
0.08104,0,0,0,0,0,0,0,0,0,0,0,0,0,0
0.082425,0,0,0,0,0,0,0,0,0,0,0,0,0,0
0.18496,0,0,0,0,0,0,0,0,0,0,0,0,0,0
0.0889,0,0,0,0,0,0,0,0,0,0,0,0,0,0
0.09895,0,0,0,0,0,0,0,0,0,0,0,0,0,0
0.095966,0,0,0,0,0,0,0,0,0,0,0,0,0,0
0.085892,0,0,0,0,0,0,0,0,0,0,0,0,0,0
0.088262,0,0,0,0,0,0,0,0,0,0,0,0,0,0
0.18827,0,0,0,0,0,0,0,0,0,0,0,0,0,0
0.093966,0,0,0,0,0,0,0,0,0,0,0,0,0,0
0.096047,0,0,0,0,0,0,0,0,0,0,0,0,0,0
0.091572,0,0,0,0,0,0,0,0,0,0,0,0,0,0
0.087126,0,0,0,0,0,0,0,0,0,0,0,0,0,0
0.088464,0,0,0,0,0,0,0,0,0,0,0,0,0,0
0.19044,0,0,0,0,0,0,0,0,0,0,0,0,0,0
0.089625,0,0,0,0,0,0,0,0,0,0,0,0,0,0
0.099982,0,0,0,0,0,0,0,0,0,0,0,0,0,0
0.088775,0,0,0,0,0,0,0,0,0,0,0,0,0,0
0.090116,0,0,0,0,0,0,0,0,0,0,0,0,0,0
0.097136,0,0,0,0,0,0,0,0,0,0,0,0,0,0
0.19661,0,0,0,0,0,0,0,0,0,0,0,0,0,0
0.086818,0,0,0,0,0,0,0,0,0,0,0,0,0,0
0.088981,0,0,0,0,0,0,0,0,0,0,0,0,0,0
0.09289,0,0,0,0,0,0,0,0,0,0,0,0,0,0
0.096781,0,0,0,0,0,0,0,0,0,0,0,0,0,0
0.096906,0,0,0,0,0,0,0,0,0,0,0,0,0,0
0.19415,0,0,0,0,0,0,0,0,0,0,0,0,0,0
0.093051,0,0,0,0,0,0,0,0,0,0,0,0,0,0
0.091518,0,0,0,0,0,0,0,0,0,0,0,0,0,0
0.089352,0,0,0,0,0,0,0,0,0,0,0,0,0,0
0.090361,0,0,0,0,0,0,0,0,0,0,0,0,0,0
0.090493,0,0,0,0,0,0,0,0,0,0,0,0,0,0
0.18565,0,0,0,0,0,0,0,0,0,0,0,0,0,0
0.089334,0,0,0,0,0,0,0,0,0,0,0,0,0,0
0.086964,0,0,0,0,0,0,0,0,0,0,0,0,0,0
0.086529,0,0,0,0,0,0,0,0,0,0,0,0,0,0
0.095234,0,0,0,0,0,0,0,0,0,0,0,0,0,0
0.098004,0,0,0,0,0,0,0,0,0,0,0,0,0,0
0.18652,0,0,0,0,0,0,0,0,0,0,0,0,0,0
0.084012,0,0,0,0,0,0,0,0,0,0,0,0,0,0
0.084739,0,0,0,0,0,0,0,0,0,0,0,0,0,0
0.085207,0,0,0,0,0,0,0,0,0,0,0,0,0,0
0.085575,0,0,0,0,0,0,0,0,0,0,0,0,0,0
0.084418,0,0,0,0,0,0,0,0,0,0,0,0,0,0
0.18299,0,0,0,0,0,0,0,0,0,0,0,0,0,0
0.084774,0,0,0,0,0,0,0,0,0,0,0,0,0,0
0.088169,0,0,0,0,0,0,0,0,0,0,0,0,0,0
0.08377,0,0,0,0,0,0,0,0,0,0,0,0,0,0
0.089452,0,0,0,0,0,0,0,0,0,0,0,0,0,0
0.092291,0,0,0,0,0,0,0,0,0,0,0,0,0,0
0.18625,0,0,0,0,0,0,0,0,0,0,0,0,0,0
0.087929,0,0,0,0,0,0,0,0,0,0,0,0,0,0
0.085675,0,0,0,0,0,0,0,0,0,0,0,0,0,0
0.086203,0,0,0,0,0,0,0,0,0,0,0,0,0,0
0.086047,0,0,0,0,0,0,0,0,0,0,0,0,0,0
0.088721,0,0,0,0,0,0,0,0,0,0,0,0,0,0
0.18113,0,0,0,0,0,0,0,0,0,0,0,0,0,0
0.086769,0,0,0,0,0,0,0,0,0,0,0,0,0,0
0.086094,0,0,0,0,0,0,0,0,0,0,0,0,0,0
0.083834,0,0,0,0,0,0,0,0,0,0,0,0,0,0
0.08343,0,0,0,0,0,0,0,0,0,0,0,0,0,0
0.082146,0,0,0,0,0,0,0,0,0,0,0,0,0,0
0.18138,0,0,0,0,0,0,0,0,0,0,0,0,0,0
0.091477,0,0,0,0,0,0,0,0,0,0,0,0,0,0
0.090798,0,0,0,0,0,0,0,0,0,0,0,0,0,0
0.08508,0,0,0,0,0,0,0,0,0,0,0,0,0,0
0.084925,0,0,0,0,0,0,0,0,0,0,0,0,0,0
0.088326,0,0,0,0,0,0,0,0,0,0,0,0,0,0
0.18189,0,0,0,0,0,0,0,0,0,0,0,0,0,0
0.087555,0,0,0,0,0,0,0,0,0,0,0,0,0,0
0.089102,0,0,0,0,0,0,0,0,0,0,0,0,0,0
0.088461,0,0,0,0,0,0,0,0,0,0,0,0,0,0
0.084062,0,0,0,0,0,0,0,0,0,0,0,0,0,0
0.089064,0,0,0,0,0,0,0,0,0,0,0,0,0,0
0.18157,0,0,0,0,0,0,0,0,0,0,0,0,0,0
0.084376,0,0,0,0,0,0,0,0,0,0,0,0,0,0
0.087419,0,0,0,0,0,0,0,0,0,0,0,0,0,0
0.093918,0,0,0,0,0,0,0,0,0,0,0,0,0,0
0.082621,0,0,0,0,0,0,0,0,0,0,0,0,0,0
0.0875,0,0,0,0,0,0,0,0,0,0,0,0,0,0
0.18049,0,0,0,0,0,0,0,0,0,0,0,0,0,0
0.083663,0,0,0,0,0,0,0,0,0,0,0,0,0,0
0.087299,0,0,0,0,0,0,0,0,0,0,0,0,0,0
0.087659,0,0,0,0,0,0,0,0,0,0,0,0,0,0
0.093179,0,0,0,0,0,0,0,0,0,0,0,0,0,0
0.085682,0,0,0,0,0,0,0,0,0,0,0,0,0,0
0.18571,0,0,0,0,0,0,0,0,0,0,0,0,0,0
0.090807,0,0,0,0,0,0,0,0,0,0,0,0,0,0
0.091902,0,0,0,0,0,0,0,0,0,0,0,0,0,0
0.085559,0,0,0,0,0,0,0,0,0,0,0,0,0,0
0.086225,0,0,0,0,0,0,0,0,0,0,0,0,0,0
0.086604,0,0,0,0,0,0,0,0,0,0,0,0,0,0
0.18221,0,0,0,0,0,0,0,0,0,0,0,0,0,0
0.088149,0,0,0,0,0,0,0,0,0,0,0,0,0,0
0.088898,0,0,0,0,0,0,0,0,0,0,0,0,0,0
0.085946,0,0,0,0,0,0,0,0,0,0,0,0,0,0
0.088892,0,0,0,0,0,0,0,0,0,0,0,0,0,0
0.084136,0,0,0,0,0,0,0,0,0,0,0,0,0,0
0.18288,0,0,0,0,0,0,0,0,0,0,0,0,0,0
0.096666,0,0,0,0,0,0,0,0,0,0,0,0,0,0
0.093138,0,0,0,0,0,0,0,0,0,0,0,0,0,0
0.083531,0,0,0,0,0,0,0,0,0,0,0,0,0,0
0.08391,0,0,0,0,0,0,0,0,0,0,0,0,0,0
0.084921,0,0,0,0,0,0,0,0,0,0,0,0,0,0
0.17999,0,0,0,0,0,0,0,0,0,0,0,0,0,0
0.085435,0,0,0,0,0,0,0,0,0,0,0,0,0,0
0.085705,0,0,0,0,0,0,0,0,0,0,0,0,0,0
0.088415,0,0,0,0,0,0,0,0,0,0,0,0,0,0
0.095685,0,0,0,0,0,0,0,0,0,0,0,0,0,0
0.096369,0,0,0,0,0,0,0,0,0,0,0,0,0,0
0.17704,0,0,0,0,0,0,0,0,0,0,0,0,0,0
0.096645,0,0,0,0,0,0,0,0,0,0,0,0,0,0
0.087758,0,0,0,0,0,0,0,0,0,0,0,0,0,0
0.090081,0,0,0,0,0,0,0,0,0,0,0,0,0,0
0.086456,0,0,0,0,0,0,0,0,0,0,0,0,0,0
0.086717,0,0,0,0,0,0,0,0,0,0,0,0,0,0
0.18359,0,0,0,0,0,0,0,0,0,0,0,0,0,0
0.09155,0,0,0,0,0,0,0,0,0,0,0,0,0,0
0.095362,0,0,0,0,0,0,0,0,0,0,0,0,0,0
0.096872,0,0,0,0,0,0,0,0,0,0,0,0,0,0
0.093502,0,0,0,0,0,0,0,0,0,0,0,0,0,0
0.095564,0,0,0,0,0,0,0,0,0,0,0,0,0,0
0.1772,0,0,0,0,0,0,0,0,0,0,0,0,0,0
0.097985,0,0,0,0,0,0,0,0,0,0,0,0,0,0
0.093638,0,0,0,0,0,0,0,0,0,0,0,0,0,0
0.0973,0,0,0,0,0,0,0,0,0,0,0,0,0,0
0.095719,0,0,0,0,0,0,0,0,0,0,0,0,0,0
0.097537,0,0,0,0,0,0,0,0,0,0,0,0,0,0
0.18514,0,0,0,0,0,0,0,0,0,0,0,0,0,0
0.083783,0,0,0,0,0,0,0,0,0,0,0,0,0,0
0.08411,0,0,0,0,0,0,0,0,0,0,0,0,0,0
0.085059,0,0,0,0,0,0,0,0,0,0,0,0,0,0
0.084618,0,0,0,0,0,0,0,0,0,0,0,0,0,0
0.085149,0,0,0,0,0,0,0,0,0,0,0,0,0,0
0.1818,0,0,0,0,0,0,0,0,0,0,0,0,0,0
0.085029,0,0,0,0,0,0,0,0,0,0,0,0,0,0
0.084472,0,0,0,0,0,0,0,0,0,0,0,0,0,0
0.085186,0,0,0,0,0,0,0,0,0,0,0,0,0,0
0.084439,0,0,0,0,0,0,0,0,0,0,0,0,0,0
0.085567,0,0,0,0,0,0,0,0,0,0,0,0,0,0
0.18098,0,0,0,0,0,0,0,0,0,0,0,0,0,0
0.082099,0,0,0,0,0,0,0,0,0,0,0,0,0,0
0.083676,0,0,0,0,0,0,0,0,0,0,0,0,0,0
0.082825,0,0,0,0,0,0,0,0,0,0,0,0,0,0
0.084313,0,0,0,0,0,0,0,0,0,0,0,0,0,0
0.085255,0,0,0,0,0,0,0,0,0,0,0,0,0,0
0.17736,0,0,0,0,0,0,0,0,0,0,0,0,0,0
0.08409,0,0,0,0,0,0,0,0,0,0,0,0,0,0
0.084585,0,0,0,0,0,0,0,0,0,0,0,0,0,0
0.084797,0,0,0,0,0,0,0,0,0,0,0,0,0,0
0.085072,0,0,0,0,0,0,0,0,0,0,0,0,0,0
0.086511,0,0,0,0,0,0,0,0,0,0,0,0,0,0
0.18484,0,0,0,0,0,0,0,0,0,0,0,0,0,0
0.088459,0,0,0,0,0,0,0,0,0,0,0,0,0,0
0.092989,0,0,0,0,0,0,0,0,0,0,0,0,0,0
0.092532,0,0,0,0,0,0,0,0,0,0,0,0,0,0
0.091515,0,0,0,0,0,0,0,0,0,0,0,0,0,0
0.086787,0,0,0,0,0,0,0,0,0,0,0,0,0,0
0.18874,0,0,0,0,0,0,0,0,0,0,0,0,0,0
0.095644,0,0,0,0,0,0,0,0,0,0,0,0,0,0
0.095949,0,0,0,0,0,0,0,0,0,0,0,0,0,0
0.095185,0,0,0,0,0,0,0,0,0,0,0,0,0,0
0.093718,0,0,0,0,0,0,0,0,0,0,0,0,0,0
0.088817,0,0,0,0,0,0,0,0,0,0,0,0,0,0
0.19491,0,0,0,0,0,0,0,0,0,0,0,0,0,0
0.089943,0,0,0,0,0,0,0,0,0,0,0,0,0,0
0.095,0,0,0,0,0,0,0,0,0,0,0,0,0,0
0.097706,0,0,0,0,0,0,0,0,0,0,0,0,0,0
0.093119,0,0,0,0,0,0,0,0,0,0,0,0,0,0
0.086415,0,0,0,0,0,0,0,0,0,0,0,0,0,0
0.18418,0,0,0,0,0,0,0,0,0,0,0,0,0,0
0.096302,0,0,0,0,0,0,0,0,0,0,0,0,0,0
0.096154,0,0,0,0,0,0,0,0,0,0,0,0,0,0
0.096897,0,0,0,0,0,0,0,0,0,0,0,0,0,0
0.098728,0,0,0,0,0,0,0,0,0,0,0,0,0,0
0.088694,0,0,0,0,0,0,0,0,0,0,0,0,0,0
0.18286,0,0,0,0,0,0,0,0,0,0,0,0,0,0
0.088481,0,0,0,0,0,0,0,0,0,0,0,0,0,0
0.088556,0,0,0,0,0,0,0,0,0,0,0,0,0,0
0.094103,0,0,0,0,0,0,0,0,0,0,0,0,0,0
0.086424,0,0,0,0,0,0,0,0,0,0,0,0,0,0
0.09096,0,0,0,0,0,0,0,0,0,0,0,0,0,0
0.19256,0,0,0,0,0,0,0,0,0,0,0,0,0,0
0.094982,0,0,0,0,0,0,0,0,0,0,0,0,0,0
0.098164,0,0,0,0,0,0,0,0,0,0,0,0,0,0
0.097058,0,0,0,0,0,0,0,0,0,0,0,0,0,0
0.093328,0,0,0,0,0,0,0,0,0,0,0,0,0,0
0.087569,0,0,0,0,0,0,0,0,0,0,0,0,0,0
0.18335,0,0,0,0,0,0,0,0,0,0,0,0,0,0
0.089542,0,0,0,0,0,0,0,0,0,0,0,0,0,0
0.088118,0,0,0,0,0,0,0,0,0,0,0,0,0,0
0.08866,0,0,0,0,0,0,0,0,0,0,0,0,0,0
0.085471,0,0,0,0,0,0,0,0,0,0,0,0,0,0
0.084362,0,0,0,0,0,0,0,0,0,0,0,0,0,0
0.18829,0,0,0,0,0,0,0,0,0,0,0,0,0,0
0.088719,0,0,0,0,0,0,0,0,0,0,0,0,0,0
0.089415,0,0,0,0,0,0,0,0,0,0,0,0,0,0
0.096784,0,0,0,0,0,0,0,0,0,0,0,0,0,0
0.087127,0,0,0,0,0,0,0,0,0,0,0,0,0,0
0.085907,0,0,0,0,0,0,0,0,0,0,0,0,0,0
0.17999,0,0,0,0,0,0,0,0,0,0,0,0,0,0
0.089499,0,0,0,0,0,0,0,0,0,0,0,0,0,0
0.087013,0,0,0,0,0,0,0,0,0,0,0,0,0,0
0.086809,0,0,0,0,0,0,0,0,0,0,0,0,0,0
0.086157,0,0,0,0,0,0,0,0,0,0,0,0,0,0
0.087335,0,0,0,0,0,0,0,0,0,0,0,0,0,0
0.18135,0,0,0,0,0,0,0,0,0,0,0,0,0,0
0.09132,0,0,0,0,0,0,0,0,0,0,0,0,0,0
0.090205,0,0,0,0,0,0,0,0,0,0,0,0,0,0
0.09046,0,0,0,0,0,0,0,0,0,0,0,0,0,0
0.083795,0,0,0,0,0,0,0,0,0,0,0,0,0,0
0.091004,0,0,0,0,0,0,0,0,0,0,0,0,0,0
0.18794,0,0,0,0,0,0,0,0,0,0,0,0,0,0
0.095413,0,0,0,0,0,0,0,0,0,0,0,0,0,0
0.095403,0,0,0,0,0,0,0,0,0,0,0,0,0,0
0.096588,0,0,0,0,0,0,0,0,0,0,0,0,0,0
0.082928,0,0,0,0,0,0,0,0,0,0,0,0,0,0
0.088856,0,0,0,0,0,0,0,0,0,0,0,0,0,0
0.18803,0,0,0,0,0,0,0,0,0,0,0,0,0,0
0.095071,0,0,0,0,0,0,0,0,0,0,0,0,0,0
0.097429,0,0,0,0,0,0,0,0,0,0,0,0,0,0
0.097051,0,0,0,0,0,0,0,0,0,0,0,0,0,0
0.086132,0,0,0,0,0,0,0,0,0,0,0,0,0,0
0.088652,0,0,0,0,0,0,0,0,0,0,0,0,0,0
0.18573,0,0,0,0,0,0,0,0,0,0,0,0,0,0
0.091279,0,0,0,0,0,0,0,0,0,0,0,0,0,0
0.096941,0,0,0,0,0,0,0,0,0,0,0,0,0,0
0.096555,0,0,0,0,0,0,0,0,0,0,0,0,0,0
0.086066,0,0,0,0,0,0,0,0,0,0,0,0,0,0
0.086665,0,0,0,0,0,0,0,0,0,0,0,0,0,0
0.18138,0,0,0,0,0,0,0,0,0,0,0,0,0,0
0.086625,0,0,0,0,0,0,0,0,0,0,0,0,0,0
0.091787,0,0,0,0,0,0,0,0,0,0,0,0,0,0
0.092457,0,0,0,0,0,0,0,0,0,0,0,0,0,0
0.085292,0,0,0,0,0,0,0,0,0,0,0,0,0,0
0.082779,0,0,0,0,0,0,0,0,0,0,0,0,0,0
0.18662,0,0,0,0,0,0,0,0,0,0,0,0,0,0
0.088031,0,0,0,0,0,0,0,0,0,0,0,0,0,0
0.090903,0,0,0,0,0,0,0,0,0,0,0,0,0,0
0.090736,0,0,0,0,0,0,0,0,0,0,0,0,0,0
0.084783,0,0,0,0,0,0,0,0,0,0,0,0,0,0
0.089852,0,0,0,0,0,0,0,0,0,0,0,0,0,0
0.18341,0,0,0,0,0,0,0,0,0,0,0,0,0,0
0.097952,0,0,0,0,0,0,0,0,0,0,0,0,0,0
0.096514,0,0,0,0,0,0,0,0,0,0,0,0,0,0
0.098224,0,0,0,0,0,0,0,0,0,0,0,0,0,0
0.084533,0,0,0,0,0,0,0,0,0,0,0,0,0,0
0.10006,0,0,0,0,0,0,0,0,0,0,0,0,0,0
0.19979,0,0,0,0,0,0,0,0,0,0,0,0,0,0
0.088898,0,0,0,0,0,0,0,0,0,0,0,0,0,0
0.090791,0,0,0,0,0,0,0,0,0,0,0,0,0,0
0.090943,0,0,0,0,0,0,0,0,0,0,0,0,0,0
0.08754,0,0,0,0,0,0,0,0,0,0,0,0,0,0
0.089224,0,0,0,0,0,0,0,0,0,0,0,0,0,0
0.18082,0,0,0,0,0,0,0,0,0,0,0,0,0,0
0.084652,0,0,0,0,0,0,0,0,0,0,0,0,0,0
0.087108,0,0,0,0,0,0,0,0,0,0,0,0,0,0
0.08699,0,0,0,0,0,0,0,0,0,0,0,0,0,0
0.084615,0,0,0,0,0,0,0,0,0,0,0,0,0,0
0.084999,0,0,0,0,0,0,0,0,0,0,0,0,0,0
0.18851,0,0,0,0,0,0,0,0,0,0,0,0,0,0
0.086831,0,0,0,0,0,0,0,0,0,0,0,0,0,0
0.089806,0,0,0,0,0,0,0,0,0,0,0,0,0,0
0.097438,0,0,0,0,0,0,0,0,0,0,0,0,0,0
0.087717,0,0,0,0,0,0,0,0,0,0,0,0,0,0
0.1004,0,0,0,0,0,0,0,0,0,0,0,0,0,0
0.19753,0,0,0,0,0,0,0,0,0,0,0,0,0,0
0.097873,0,0,0,0,0,0,0,0,0,0,0,0,0,0
0.095609,0,0,0,0,0,0,0,0,0,0,0,0,0,0
0.096581,0,0,0,0,0,0,0,0,0,0,0,0,0,0
0.086513,0,0,0,0,0,0,0,0,0,0,0,0,0,0
0.091384,0,0,0,0,0,0,0,0,0,0,0,0,0,0
0.18893,0,0,0,0,0,0,0,0,0,0,0,0,0,0
0.092774,0,0,0,0,0,0,0,0,0,0,0,0,0,0
0.092711,0,0,0,0,0,0,0,0,0,0,0,0,0,0
0.098637,0,0,0,0,0,0,0,0,0,0,0,0,0,0
0.087148,0,0,0,0,0,0,0,0,0,0,0,0,0,0
0.094028,0,0,0,0,0,0,0,0,0,0,0,0,0,0
0.19049,0,0,0,0,0,0,0,0,0,0,0,0,0,0
0.094028,0,0,0,0,0,0,0,0,0,0,0,0,0,0
0.087365,0,0,0,0,0,0,0,0,0,0,0,0,0,0
0.085604,0,0,0,0,0,0,0,0,0,0,0,0,0,0
0.086093,0,0,0,0,0,0,0,0,0,0,0,0,0,0
0.085109,0,0,0,0,0,0,0,0,0,0,0,0,0,0
0.18273,0,0,0,0,0,0,0,0,0,0,0,0,0,0
0.087507,0,0,0,0,0,0,0,0,0,0,0,0,0,0
0.090511,0,0,0,0,0,0,0,0,0,0,0,0,0,0
0.086302,0,0,0,0,0,0,0,0,0,0,0,0,0,0
0.085827,0,0,0,0,0,0,0,0,0,0,0,0,0,0
0.086223,0,0,0,0,0,0,0,0,0,0,0,0,0,0
0.18103,0,0,0,0,0,0,0,0,0,0,0,0,0,0
0.092275,0,0,0,0,0,0,0,0,0,0,0,0,0,0
0.090965,0,0,0,0,0,0,0,0,0,0,0,0,0,0
0.0925,0,0,0,0,0,0,0,0,0,0,0,0,0,0
0.094722,0,0,0,0,0,0,0,0,0,0,0,0,0,0
0.087687,0,0,0,0,0,0,0,0,0,0,0,0,0,0
0.19808,0,0,0,0,0,0,0,0,0,0,0,0,0,0
0.092161,0,0,0,0,0,0,0,0,0,0,0,0,0,0
0.091374,0,0,0,0,0,0,0,0,0,0,0,0,0,0
0.092053,0,0,0,0,0,0,0,0,0,0,0,0,0,0
0.089823,0,0,0,0,0,0,0,0,0,0,0,0,0,0
0.087584,0,0,0,0,0,0,0,0,0,0,0,0,0,0
0.18862,0,0,0,0,0,0,0,0,0,0,0,0,0,0
0.096486,0,0,0,0,0,0,0,0,0,0,0,0,0,0
0.098439,0,0,0,0,0,0,0,0,0,0,0,0,0,0
0.096735,0,0,0,0,0,0,0,0,0,0,0,0,0,0
0.099819,0,0,0,0,0,0,0,0,0,0,0,0,0,0
0.087828,0,0,0,0,0,0,0,0,0,0,0,0,0,0
0.19822,0,0,0,0,0,0,0,0,0,0,0,0,0,0
0.093367,0,0,0,0,0,0,0,0,0,0,0,0,0,0
0.09546,0,0,0,0,0,0,0,0,0,0,0,0,0,0
0.097089,0,0,0,0,0,0,0,0,0,0,0,0,0,0
0.098475,0,0,0,0,0,0,0,0,0,0,0,0,0,0
0.084721,0,0,0,0,0,0,0,0,0,0,0,0,0,0
0.18844,0,0,0,0,0,0,0,0,0,0,0,0,0,0
0.088379,0,0,0,0,0,0,0,0,0,0,0,0,0,0
0.09604,0,0,0,0,0,0,0,0,0,0,0,0,0,0
0.092933,0,0,0,0,0,0,0,0,0,0,0,0,0,0
0.093456,0,0,0,0,0,0,0,0,0,0,0,0,0,0
0.085042,0,0,0,0,0,0,0,0,0,0,0,0,0,0
0.19187,0,0,0,0,0,0,0,0,0,0,0,0,0,0
0.086351,0,0,0,0,0,0,0,0,0,0,0,0,0,0
0.087436,0,0,0,0,0,0,0,0,0,0,0,0,0,0
0.093649,0,0,0,0,0,0,0,0,0,0,0,0,0,0
0.094132,0,0,0,0,0,0,0,0,0,0,0,0,0,0
0.084174,0,0,0,0,0,0,0,0,0,0,0,0,0,0
0.18622,0,0,0,0,0,0,0,0,0,0,0,0,0,0
0.09593,0,0,0,0,0,0,0,0,0,0,0,0,0,0
0.093618,0,0,0,0,0,0,0,0,0,0,0,0,0,0
0.097118,0,0,0,0,0,0,0,0,0,0,0,0,0,0
0.098769,0,0,0,0,0,0,0,0,0,0,0,0,0,0
0.086772,0,0,0,0,0,0,0,0,0,0,0,0,0,0
0.18374,0,0,0,0,0,0,0,0,0,0,0,0,0,0
0.089343,0,0,0,0,0,0,0,0,0,0,0,0,0,0
0.09224,0,0,0,0,0,0,0,0,0,0,0,0,0,0
0.096468,0,0,0,0,0,0,0,0,0,0,0,0,0,0
0.09424,0,0,0,0,0,0,0,0,0,0,0,0,0,0
0.084232,0,0,0,0,0,0,0,0,0,0,0,0,0,0
0.19075,0,0,0,0,0,0,0,0,0,0,0,0,0,0
0.097811,0,0,0,0,0,0,0,0,0,0,0,0,0,0
0.097713,0,0,0,0,0,0,0,0,0,0,0,0,0,0
0.095667,0,0,0,0,0,0,0,0,0,0,0,0,0,0
0.096291,0,0,0,0,0,0,0,0,0,0,0,0,0,0
0.085663,0,0,0,0,0,0,0,0,0,0,0,0,0,0
0.18457,0,0,0,0,0,0,0,0,0,0,0,0,0,0
0.084716,0,0,0,0,0,0,0,0,0,0,0,0,0,0
0.08846,0,0,0,0,0,0,0,0,0,0,0,0,0,0
0.092504,0,0,0,0,0,0,0,0,0,0,0,0,0,0
0.095449,0,0,0,0,0,0,0,0,0,0,0,0,0,0
0.082715,0,0,0,0,0,0,0,0,0,0,0,0,0,0
0.1906,0,0,0,0,0,0,0,0,0,0,0,0,0,0
0.094577,0,0,0,0,0,0,0,0,0,0,0,0,0,0
0.094009,0,0,0,0,0,0,0,0,0,0,0,0,0,0
0.094648,0,0,0,0,0,0,0,0,0,0,0,0,0,0
0.094832,0,0,0,0,0,0,0,0,0,0,0,0,0,0
0.083199,0,0,0,0,0,0,0,0,0,0,0,0,0,0
0.194,0,0,0,0,0,0,0,0,0,0,0,0,0,0
0.085944,0,0,0,0,0,0,0,0,0,0,0,0,0,0
0.087283,0,0,0,0,0,0,0,0,0,0,0,0,0,0
0.091439,0,0,0,0,0,0,0,0,0,0,0,0,0,0
0.095075,0,0,0,0,0,0,0,0,0,0,0,0,0,0
0.086007,0,0,0,0,0,0,0,0,0,0,0,0,0,0
0.18707,0,0,0,0,0,0,0,0,0,0,0,0,0,0
0.097854,0,0,0,0,0,0,0,0,0,0,0,0,0,0
0.094179,0,0,0,0,0,0,0,0,0,0,0,0,0,0
0.09132,0,0,0,0,0,0,0,0,0,0,0,0,0,0
0.091384,0,0,0,0,0,0,0,0,0,0,0,0,0,0
0.084752,0,0,0,0,0,0,0,0,0,0,0,0,0,0
0.19012,0,0,0,0,0,0,0,0,0,0,0,0,0,0
0.095218,0,0,0,0,0,0,0,0,0,0,0,0,0,0
0.096425,0,0,0,0,0,0,0,0,0,0,0,0,0,0
0.096643,0,0,0,0,0,0,0,0,0,0,0,0,0,0
0.096605,0,0,0,0,0,0,0,0,0,0,0,0,0,0
0.085181,0,0,0,0,0,0,0,0,0,0,0,0,0,0
0.18576,0,0,0,0,0,0,0,0,0,0,0,0,0,0
0.096826,0,0,0,0,0,0,0,0,0,0,0,0,0,0
0.09567,0,0,0,0,0,0,0,0,0,0,0,0,0,0
0.096451,0,0,0,0,0,0,0,0,0,0,0,0,0,0
0.094119,0,0,0,0,0,0,0,0,0,0,0,0,0,0
0.083945,0,0,0,0,0,0,0,0,0,0,0,0,0,0
0.18981,0,0,0,0,0,0,0,0,0,0,0,0,0,0
0.098696,0,0,0,0,0,0,0,0,0,0,0,0,0,0
0.096537,0,0,0,0,0,0,0,0,0,0,0,0,0,0
0.092391,0,0,0,0,0,0,0,0,0,0,0,0,0,0
0.094503,0,0,0,0,0,0,0,0,0,0,0,0,0,0
0.085606,0,0,0,0,0,0,0,0,0,0,0,0,0,0
0.18941,0,0,0,0,0,0,0,0,0,0,0,0,0,0
0.095532,0,0,0,0,0,0,0,0,0,0,0,0,0,0
0.098774,0,0,0,0,0,0,0,0,0,0,0,0,0,0
0.096641,0,0,0,0,0,0,0,0,0,0,0,0,0,0
0.094818,0,0,0,0,0,0,0,0,0,0,0,0,0,0
0.085031,0,0,0,0,0,0,0,0,0,0,0,0,0,0
0.18943,0,0,0,0,0,0,0,0,0,0,0,0,0,0
0.090585,0,0,0,0,0,0,0,0,0,0,0,0,0,0
0.094551,0,0,0,0,0,0,0,0,0,0,0,0,0,0
0.09468,0,0,0,0,0,0,0,0,0,0,0,0,0,0
0.096983,0,0,0,0,0,0,0,0,0,0,0,0,0,0
0.084171,0,0,0,0,0,0,0,0,0,0,0,0,0,0
0.19424,0,0,0,0,0,0,0,0,0,0,0,0,0,0
0.094133,0,0,0,0,0,0,0,0,0,0,0,0,0,0
0.094408,0,0,0,0,0,0,0,0,0,0,0,0,0,0
0.095828,0,0,0,0,0,0,0,0,0,0,0,0,0,0
0.095482,0,0,0,0,0,0,0,0,0,0,0,0,0,0
0.084176,0,0,0,0,0,0,0,0,0,0,0,0,0,0
0.18975,0,0,0,0,0,0,0,0,0,0,0,0,0,0
0.09649,0,0,0,0,0,0,0,0,0,0,0,0,0,0
0.095934,0,0,0,0,0,0,0,0,0,0,0,0,0,0
0.091708,0,0,0,0,0,0,0,0,0,0,0,0,0,0
0.092554,0,0,0,0,0,0,0,0,0,0,0,0,0,0
0.084533,0,0,0,0,0,0,0,0,0,0,0,0,0,0
0.19231,0,0,0,0,0,0,0,0,0,0,0,0,0,0
0.091344,0,0,0,0,0,0,0,0,0,0,0,0,0,0
0.093662,0,0,0,0,0,0,0,0,0,0,0,0,0,0
0.094879,0,0,0,0,0,0,0,0,0,0,0,0,0,0
0.096571,0,0,0,0,0,0,0,0,0,0,0,0,0,0
0.087235,0,0,0,0,0,0,0,0,0,0,0,0,0,0
0.18137,0,0,0,0,0,0,0,0,0,0,0,0,0,0
0.082903,0,0,0,0,0,0,0,0,0,0,0,0,0,0
0.08368,0,0,0,0,0,0,0,0,0,0,0,0,0,0
0.082436,0,0,0,0,0,0,0,0,0,0,0,0,0,0
0.085188,0,0,0,0,0,0,0,0,0,0,0,0,0,0
0.083315,0,0,0,0,0,0,0,0,0,0,0,0,0,0
0.18036,0,0,0,0,0,0,0,0,0,0,0,0,0,0
0.084228,0,0,0,0,0,0,0,0,0,0,0,0,0,0
0.079356,0,0,0,0,0,0,0,0,0,0,0,0,0,0
0.078643,0,0,0,0,0,0,0,0,0,0,0,0,0,0
0.080904,0,0,0,0,0,0,0,0,0,0,0,0,0,0
0.078596,0,0,0,0,0,0,0,0,0,0,0,0,0,0
0.15918,0,0,0,0,0,0,0,0,0,0,0,0,0,0
0.079935,0,0,0,0,0,0,0,0,0,0,0,0,0,0
0.079412,0,0,0,0,0,0,0,0,0,0,0,0,0,0
0.079431,0,0,0,0,0,0,0,0,0,0,0,0,0,0
0.078323,0,0,0,0,0,0,0,0,0,0,0,0,0,0
0.078779,0,0,0,0,0,0,0,0,0,0,0,0,0,0
0.1558,0,0,0,0,0,0,0,0,0,0,0,0,0,0
0.078169,0,0,0,0,0,0,0,0,0,0,0,0,0,0
0.079057,0,0,0,0,0,0,0,0,0,0,0,0,0,0
0.079711,0,0,0,0,0,0,0,0,0,0,0,0,0,0
0.079165,0,0,0,0,0,0,0,0,0,0,0,0,0,0
0.076685,0,0,0,0,0,0,0,0,0,0,0,0,0,0
0.15693,0,0,0,0,0,0,0,0,0,0,0,0,0,0
0.076783,0,0,0,0,0,0,0,0,0,0,0,0,0,0
0.081654,0,0,0,0,0,0,0,0,0,0,0,0,0,0
0.08045,0,0,0,0,0,0,0,0,0,0,0,0,0,0
0.080485,0,0,0,0,0,0,0,0,0,0,0,0,0,0
0.083492,0,0,0,0,0,0,0,0,0,0,0,0,0,0
0.17106,0,0,0,0,0,0,0,0,0,0,0,0,0,0
0.11543,0,0,0,0,0,0,0,0,0,0,0,0,0,0
0.12639,0,0,0,0,0,0,0,0,0,0,0,0,0,0
0.081719,0,0,0,0,0,0,0,0,0,0,0,0,0,0
0.078423,0,0,0,0,0,0,0,0,0,0,0,0,0,0
0.077807,0,0,0,0,0,0,0,0,0,0,0,0,0,0
0.1587,0,0,0,0,0,0,0,0,0,0,0,0,0,0
0.079633,0,0,0,0,0,0,0,0,0,0,0,0,0,0
0.081307,0,0,0,0,0,0,0,0,0,0,0,0,0,0
0.080218,0,0,0,0,0,0,0,0,0,0,0,0,0,0
0.079425,0,0,0,0,0,0,0,0,0,0,0,0,0,0
0.078643,0,0,0,0,0,0,0,0,0,0,0,0,0,0
0.15781,0,0,0,0,0,0,0,0,0,0,0,0,0,0
0.079205,0,0,0,0,0,0,0,0,0,0,0,0,0,0
0.082731,0,0,0,0,0,0,0,0,0,0,0,0,0,0
0.081072,0,0,0,0,0,0,0,0,0,0,0,0,0,0
0.082411,0,0,0,0,0,0,0,0,0,0,0,0,0,0
0.080634,0,0,0,0,0,0,0,0,0,0,0,0,0,0
0.16264,0,0,0,0,0,0,0,0,0,0,0,0,0,0
0.078965,0,0,0,0,0,0,0,0,0,0,0,0,0,0
0.080215,0,0,0,0,0,0,0,0,0,0,0,0,0,0
0.081852,0,0,0,0,0,0,0,0,0,0,0,0,0,0
0.080381,0,0,0,0,0,0,0,0,0,0,0,0,0,0
0.079886,0,0,0,0,0,0,0,0,0,0,0,0,0,0
0.15766,0,0,0,0,0,0,0,0,0,0,0,0,0,0
0.079017,0,0,0,0,0,0,0,0,0,0,0,0,0,0
0.080552,0,0,0,0,0,0,0,0,0,0,0,0,0,0
0.080261,0,0,0,0,0,0,0,0,0,0,0,0,0,0
0.081065,0,0,0,0,0,0,0,0,0,0,0,0,0,0
0.081566,0,0,0,0,0,0,0,0,0,0,0,0,0,0
0.17155,0,0,0,0,0,0,0,0,0,0,0,0,0,0
0.083746,0,0,0,0,0,0,0,0,0,0,0,0,0,0
0.085767,0,0,0,0,0,0,0,0,0,0,0,0,0,0
0.085615,0,0,0,0,0,0,0,0,0,0,0,0,0,0
NaN,0,0,0,0,0,0,0,0,0,0,0,0,0,0
NaN,0,0,0,0,0,0,0,0,0,0,0,0,0,0
NaN,0,0,0,0,0,0,0,0,0,0,0,0,0,0
NaN,0,0,0,0,0,0,0,0,0,0,0,0,0,0
11.684,0,0,0,0,0,0,0,0,0,0,0,0,0,0
0.22367,0,0,0,0,0,0,0,0,0,0,0,0,0,0
0.16923,0,0,0,0,0,0,0,0,0,0,0,0,0,0
0.099037,0,0,0,0,0,0,0,0,0,0,0,0,0,0
0.13331,0,0,0,0,0,0,0,0,0,0,0,0,0,0
0.12525,0,0,0,0,0,0,0,0,0,0,0,0,0,0
0.34188,0,0,0,0,0,0,0,0,0,0,0,0,0,0
0.10247,0,0,0,0,0,0,0,0,0,0,0,0,0,0
0.093711,0,0,0,0,0,0,0,0,0,0,0,0,0,0
0.093512,0,0,0,0,0,0,0,0,0,0,0,0,0,0
0.095841,0,0,0,0,0,0,0,0,0,0,0,0,0,0
NaN,0,0,0,0,0,0,0,0,0,0,0,0,0,0
NaN,0,0,0,0,0,0,0,0,0,0,0,0,0,0
NaN,0,0,0,0,0,0,0,0,0,0,0,0,0,0
NaN,0,0,0,0,0,0,0,0,0,0,0,0,0,0
11.787,0,0,0,0,0,0,0,0,0,0,0,0,0,0
0.20267,0,0,0,0,0,0,0,0,0,0,0,0,0,0
0.14896,0,0,0,0,0,0,0,0,0,0,0,0,0,0
0.087122,0,0,0,0,0,0,0,0,0,0,0,0,0,0
0.11046,0,0,0,0,0,0,0,0,0,0,0,0,0,0
0.096225,0,0,0,0,0,0,0,0,0,0,0,0,0,0
0.29163,0,0,0,0,0,0,0,0,0,0,0,0,0,0
NaN,0,0,0,0,0,0,0,0,0,0,0,0,0,0
NaN,0,0,0,0,0,0,0,0,0,0,0,0,0,0
NaN,0,0,0,0,0,0,0,0,0,0,0,0,0,0
NaN,0,0,0,0,0,0,0,0,0,0,0,0,0,0
11.824,0,0,0,0,0,0,0,0,0,0,0,0,0,0
0.20457,0,0,0,0,0,0,0,0,0,0,0,0,0,0
0.15367,0,0,0,0,0,0,0,0,0,0,0,0,0,0
0.08837,0,0,0,0,0,0,0,0,0,0,0,0,0,0
0.11924,0,0,0,0,0,0,0,0,0,0,0,0,0,0
0.10106,0,0,0,0,0,0,0,0,0,0,0,0,0,0
0.3004,0,0,0,0,0,0,0,0,0,0,0,0,0,0
0.082991,0,0,0,0,0,0,0,0,0,0,0,0,0,0
0.082313,0,0,0,0,0,0,0,0,0,0,0,0,0,0
0.082317,0,0,0,0,0,0,0,0,0,0,0,0,0,0
0.077853,0,0,0,0,0,0,0,0,0,0,0,0,0,0
0.078503,0,0,0,0,0,0,0,0,0,0,0,0,0,0
0.16683,0,0,0,0,0,0,0,0,0,0,0,0,0,0
0.080051,0,0,0,0,0,0,0,0,0,0,0,0,0,0
0.07855,0,0,0,0,0,0,0,0,0,0,0,0,0,0
0.077746,0,0,0,0,0,0,0,0,0,0,0,0,0,0
0.078491,0,0,0,0,0,0,0,0,0,0,0,0,0,0
0.077295,0,0,0,0,0,0,0,0,0,0,0,0,0,0
0.1583,0,0,0,0,0,0,0,0,0,0,0,0,0,0
0.075677,0,0,0,0,0,0,0,0,0,0,0,0,0,0
0.075276,0,0,0,0,0,0,0,0,0,0,0,0,0,0
0.077076,0,0,0,0,0,0,0,0,0,0,0,0,0,0
0.076473,0,0,0,0,0,0,0,0,0,0,0,0,0,0
0.075471,0,0,0,0,0,0,0,0,0,0,0,0,0,0
0.15737,0,0,0,0,0,0,0,0,0,0,0,0,0,0
0.075499,0,0,0,0,0,0,0,0,0,0,0,0,0,0
0.076601,0,0,0,0,0,0,0,0,0,0,0,0,0,0
0.075401,0,0,0,0,0,0,0,0,0,0,0,0,0,0
0.077205,0,0,0,0,0,0,0,0,0,0,0,0,0,0
