11.518,0,0,0,0,0,0,0,0,0,0,0,0,0,0
0.23463,0,0,0,0,0,0,0,0,0,0,0,0,0,0
0.15801,0,0,0,0,0,0,0,0,0,0,0,0,0,0
0.097254,0,0,0,0,0,0,0,0,0,0,0,0,0,0
0.12369,0,0,0,0,0,0,0,0,0,0,0,0,0,0
0.10997,0,0,0,0,0,0,0,0,0,0,0,0,0,0
0.28265,0,0,0,0,0,0,0,0,0,0,0,0,0,0
0.088994,0,0,0,0,0,0,0,0,0,0,0,0,0,0
0.087797,0,0,0,0,0,0,0,0,0,0,0,0,0,0
0.088359,0,0,0,0,0,0,0,0,0,0,0,0,0,0
0.086416,0,0,0,0,0,0,0,0,0,0,0,0,0,0
0.085068,0,0,0,0,0,0,0,0,0,0,0,0,0,0
0.15466,0,0,0,0,0,0,0,0,0,0,0,0,0,0
0.084182,0,0,0,0,0,0,0,0,0,0,0,0,0,0
0.083594,0,0,0,0,0,0,0,0,0,0,0,0,0,0
0.083629,0,0,0,0,0,0,0,0,0,0,0,0,0,0
0.084956,0,0,0,0,0,0,0,0,0,0,0,0,0,0
0.088046,0,0,0,0,0,0,0,0,0,0,0,0,0,0
0.16122,0,0,0,0,0,0,0,0,0,0,0,0,0,0
0.087895,0,0,0,0,0,0,0,0,0,0,0,0,0,0
0.15233,0,0,0,0,0,0,0,0,0,0,0,0,0,0
0.14521,0,0,0,0,0,0,0,0,0,0,0,0,0,0
0.083088,0,0,0,0,0,0,0,0,0,0,0,0,0,0
0.084038,0,0,0,0,0,0,0,0,0,0,0,0,0,0
0.15368,0,0,0,0,0,0,0,0,0,0,0,0,0,0
0.085618,0,0,0,0,0,0,0,0,0,0,0,0,0,0
0.085715,0,0,0,0,0,0,0,0,0,0,0,0,0,0
0.08505,0,0,0,0,0,0,0,0,0,0,0,0,0,0
0.084697,0,0,0,0,0,0,0,0,0,0,0,0,0,0
0.085374,0,0,0,0,0,0,0,0,0,0,0,0,0,0
0.15899,0,0,0,0,0,0,0,0,0,0,0,0,0,0
0.085413,0,0,0,0,0,0,0,0,0,0,0,0,0,0
0.08797,0,0,0,0,0,0,0,0,0,0,0,0,0,0
0.089755,0,0,0,0,0,0,0,0,0,0,0,0,0,0
0.087771,0,0,0,0,0,0,0,0,0,0,0,0,0,0
0.089026,0,0,0,0,0,0,0,0,0,0,0,0,0,0
0.15637,0,0,0,0,0,0,0,0,0,0,0,0,0,0
0.087603,0,0,0,0,0,0,0,0,0,0,0,0,0,0
0.089806,0,0,0,0,0,0,0,0,0,0,0,0,0,0
0.08752,0,0,0,0,0,0,0,0,0,0,0,0,0,0
0.087951,0,0,0,0,0,0,0,0,0,0,0,0,0,0
0.087409,0,0,0,0,0,0,0,0,0,0,0,0,0,0
0.15132,0,0,0,0,0,0,0,0,0,0,0,0,0,0
0.086453,0,0,0,0,0,0,0,0,0,0,0,0,0,0
0.090079,0,0,0,0,0,0,0,0,0,0,0,0,0,0
0.087425,0,0,0,0,0,0,0,0,0,0,0,0,0,0
0.089451,0,0,0,0,0,0,0,0,0,0,0,0,0,0
0.090323,0,0,0,0,0,0,0,0,0,0,0,0,0,0
0.15706,0,0,0,0,0,0,0,0,0,0,0,0,0,0
0.090837,0,0,0,0,0,0,0,0,0,0,0,0,0,0
0.13255,0,0,0,0,0,0,0,0,0,0,0,0,0,0
0.095518,0,0,0,0,0,0,0,0,0,0,0,0,0,0
0.093243,0,0,0,0,0,0,0,0,0,0,0,0,0,0
0.09718,0,0,0,0,0,0,0,0,0,0,0,0,0,0
0.16869,0,0,0,0,0,0,0,0,0,0,0,0,0,0
0.09784,0,0,0,0,0,0,0,0,0,0,0,0,0,0
0.096129,0,0,0,0,0,0,0,0,0,0,0,0,0,0
0.09434,0,0,0,0,0,0,0,0,0,0,0,0,0,0
0.093355,0,0,0,0,0,0,0,0,0,0,0,0,0,0
0.092373,0,0,0,0,0,0,0,0,0,0,0,0,0,0
0.16383,0,0,0,0,0,0,0,0,0,0,0,0,0,0
0.090849,0,0,0,0,0,0,0,0,0,0,0,0,0,0
0.092382,0,0,0,0,0,0,0,0,0,0,0,0,0,0
0.091515,0,0,0,0,0,0,0,0,0,0,0,0,0,0
0.090015,0,0,0,0,0,0,0,0,0,0,0,0,0,0
0.090394,0,0,0,0,0,0,0,0,0,0,0,0,0,0
0.16385,0,0,0,0,0,0,0,0,0,0,0,0,0,0
0.08978,0,0,0,0,0,0,0,0,0,0,0,0,0,0
0.089856,0,0,0,0,0,0,0,0,0,0,0,0,0,0
0.089735,0,0,0,0,0,0,0,0,0,0,0,0,0,0
0.090709,0,0,0,0,0,0,0,0,0,0,0,0,0,0
0.096329,0,0,0,0,0,0,0,0,0,0,0,0,0,0
0.16144,0,0,0,0,0,0,0,0,0,0,0,0,0,0
0.091664,0,0,0,0,0,0,0,0,0,0,0,0,0,0
0.091458,0,0,0,0,0,0,0,0,0,0,0,0,0,0
0.093839,0,0,0,0,0,0,0,0,0,0,0,0,0,0
0.090026,0,0,0,0,0,0,0,0,0,0,0,0,0,0
0.092583,0,0,0,0,0,0,0,0,0,0,0,0,0,0
0.16442,0,0,0,0,0,0,0,0,0,0,0,0,0,0
0.09004,0,0,0,0,0,0,0,0,0,0,0,0,0,0
0.092,0,0,0,0,0,0,0,0,0,0,0,0,0,0
0.089975,0,0,0,0,0,0,0,0,0,0,0,0,0,0
0.090004,0,0,0,0,0,0,0,0,0,0,0,0,0,0
0.091397,0,0,0,0,0,0,0,0,0,0,0,0,0,0
0.16278,0,0,0,0,0,0,0,0,0,0,0,0,0,0
0.091822,0,0,0,0,0,0,0,0,0,0,0,0,0,0
0.094908,0,0,0,0,0,0,0,0,0,0,0,0,0,0
0.092518,0,0,0,0,0,0,0,0,0,0,0,0,0,0
0.093094,0,0,0,0,0,0,0,0,0,0,0,0,0,0
0.092953,0,0,0,0,0,0,0,0,0,0,0,0,0,0
0.16448,0,0,0,0,0,0,0,0,0,0,0,0,0,0
0.091649,0,0,0,0,0,0,0,0,0,0,0,0,0,0
0.093116,0,0,0,0,0,0,0,0,0,0,0,0,0,0
0.093819,0,0,0,0,0,0,0,0,0,0,0,0,0,0
0.09414,0,0,0,0,0,0,0,0,0,0,0,0,0,0
0.093014,0,0,0,0,0,0,0,0,0,0,0,0,0,0
0.16186,0,0,0,0,0,0,0,0,0,0,0,0,0,0
0.090312,0,0,0,0,0,0,0,0,0,0,0,0,0,0
0.091215,0,0,0,0,0,0,0,0,0,0,0,0,0,0
0.090643,0,0,0,0,0,0,0,0,0,0,0,0,0,0
0.090994,0,0,0,0,0,0,0,0,0,0,0,0,0,0
0.091329,0,0,0,0,0,0,0,0,0,0,0,0,0,0
0.16216,0,0,0,0,0,0,0,0,0,0,0,0,0,0
0.1748,0,0,0,0,0,0,0,0,0,0,0,0,0,0
0.15094,0,0,0,0,0,0,0,0,0,0,0,0,0,0
0.095063,0,0,0,0,0,0,0,0,0,0,0,0,0,0
0.095669,0,0,0,0,0,0,0,0,0,0,0,0,0,0
0.093711,0,0,0,0,0,0,0,0,0,0,0,0,0,0
0.16954,0,0,0,0,0,0,0,0,0,0,0,0,0,0
0.092677,0,0,0,0,0,0,0,0,0,0,0,0,0,0
0.089653,0,0,0,0,0,0,0,0,0,0,0,0,0,0
0.090394,0,0,0,0,0,0,0,0,0,0,0,0,0,0
0.089577,0,0,0,0,0,0,0,0,0,0,0,0,0,0
0.091937,0,0,0,0,0,0,0,0,0,0,0,0,0,0
0.16141,0,0,0,0,0,0,0,0,0,0,0,0,0,0
0.089305,0,0,0,0,0,0,0,0,0,0,0,0,0,0
0.091182,0,0,0,0,0,0,0,0,0,0,0,0,0,0
0.088056,0,0,0,0,0,0,0,0,0,0,0,0,0,0
0.088587,0,0,0,0,0,0,0,0,0,0,0,0,0,0
0.087714,0,0,0,0,0,0,0,0,0,0,0,0,0,0
0.15893,0,0,0,0,0,0,0,0,0,0,0,0,0,0
0.087178,0,0,0,0,0,0,0,0,0,0,0,0,0,0
0.087121,0,0,0,0,0,0,0,0,0,0,0,0,0,0
0.088443,0,0,0,0,0,0,0,0,0,0,0,0,0,0
0.089039,0,0,0,0,0,0,0,0,0,0,0,0,0,0
0.090382,0,0,0,0,0,0,0,0,0,0,0,0,0,0
0.16097,0,0,0,0,0,0,0,0,0,0,0,0,0,0
0.089677,0,0,0,0,0,0,0,0,0,0,0,0,0,0
0.089002,0,0,0,0,0,0,0,0,0,0,0,0,0,0
0.086915,0,0,0,0,0,0,0,0,0,0,0,0,0,0
0.090164,0,0,0,0,0,0,0,0,0,0,0,0,0,0
0.087686,0,0,0,0,0,0,0,0,0,0,0,0,0,0
0.15982,0,0,0,0,0,0,0,0,0,0,0,0,0,0
0.089947,0,0,0,0,0,0,0,0,0,0,0,0,0,0
0.09202,0,0,0,0,0,0,0,0,0,0,0,0,0,0
0.088991,0,0,0,0,0,0,0,0,0,0,0,0,0,0
0.089375,0,0,0,0,0,0,0,0,0,0,0,0,0,0
0.088697,0,0,0,0,0,0,0,0,0,0,0,0,0,0
0.16061,0,0,0,0,0,0,0,0,0,0,0,0,0,0
0.089572,0,0,0,0,0,0,0,0,0,0,0,0,0,0
0.089394,0,0,0,0,0,0,0,0,0,0,0,0,0,0
0.088748,0,0,0,0,0,0,0,0,0,0,0,0,0,0
0.089988,0,0,0,0,0,0,0,0,0,0,0,0,0,0
0.090121,0,0,0,0,0,0,0,0,0,0,0,0,0,0
0.16006,0,0,0,0,0,0,0,0,0,0,0,0,0,0
0.090002,0,0,0,0,0,0,0,0,0,0,0,0,0,0
0.088745,0,0,0,0,0,0,0,0,0,0,0,0,0,0
0.087562,0,0,0,0,0,0,0,0,0,0,0,0,0,0
0.087183,0,0,0,0,0,0,0,0,0,0,0,0,0,0
0.087596,0,0,0,0,0,0,0,0,0,0,0,0,0,0
0.15797,0,0,0,0,0,0,0,0,0,0,0,0,0,0
0.087512,0,0,0,0,0,0,0,0,0,0,0,0,0,0
0.09095,0,0,0,0,0,0,0,0,0,0,0,0,0,0
0.089873,0,0,0,0,0,0,0,0,0,0,0,0,0,0
0.090221,0,0,0,0,0,0,0,0,0,0,0,0,0,0
0.088785,0,0,0,0,0,0,0,0,0,0,0,0,0,0
0.16005,0,0,0,0,0,0,0,0,0,0,0,0,0,0
0.089117,0,0,0,0,0,0,0,0,0,0,0,0,0,0
0.089235,0,0,0,0,0,0,0,0,0,0,0,0,0,0
0.093232,0,0,0,0,0,0,0,0,0,0,0,0,0,0
0.092449,0,0,0,0,0,0,0,0,0,0,0,0,0,0
0.089834,0,0,0,0,0,0,0,0,0,0,0,0,0,0
0.16165,0,0,0,0,0,0,0,0,0,0,0,0,0,0
0.0887,0,0,0,0,0,0,0,0,0,0,0,0,0,0
0.088012,0,0,0,0,0,0,0,0,0,0,0,0,0,0
0.089314,0,0,0,0,0,0,0,0,0,0,0,0,0,0
0.090901,0,0,0,0,0,0,0,0,0,0,0,0,0,0
0.089503,0,0,0,0,0,0,0,0,0,0,0,0,0,0
0.17209,0,0,0,0,0,0,0,0,0,0,0,0,0,0
0.090619,0,0,0,0,0,0,0,0,0,0,0,0,0,0
0.092779,0,0,0,0,0,0,0,0,0,0,0,0,0,0
0.091727,0,0,0,0,0,0,0,0,0,0,0,0,0,0
0.092357,0,0,0,0,0,0,0,0,0,0,0,0,0,0
0.092056,0,0,0,0,0,0,0,0,0,0,0,0,0,0
0.16859,0,0,0,0,0,0,0,0,0,0,0,0,0,0
0.090501,0,0,0,0,0,0,0,0,0,0,0,0,0,0
0.090168,0,0,0,0,0,0,0,0,0,0,0,0,0,0
0.090068,0,0,0,0,0,0,0,0,0,0,0,0,0,0
0.09174,0,0,0,0,0,0,0,0,0,0,0,0,0,0
0.090528,0,0,0,0,0,0,0,0,0,0,0,0,0,0
0.16889,0,0,0,0,0,0,0,0,0,0,0,0,0,0
0.091037,0,0,0,0,0,0,0,0,0,0,0,0,0,0
0.090531,0,0,0,0,0,0,0,0,0,0,0,0,0,0
0.090869,0,0,0,0,0,0,0,0,0,0,0,0,0,0
0.089906,0,0,0,0,0,0,0,0,0,0,0,0,0,0
0.090018,0,0,0,0,0,0,0,0,0,0,0,0,0,0
0.16753,0,0,0,0,0,0,0,0,0,0,0,0,0,0
0.090051,0,0,0,0,0,0,0,0,0,0,0,0,0,0
0.090176,0,0,0,0,0,0,0,0,0,0,0,0,0,0
0.088687,0,0,0,0,0,0,0,0,0,0,0,0,0,0
0.090059,0,0,0,0,0,0,0,0,0,0,0,0,0,0
0.090068,0,0,0,0,0,0,0,0,0,0,0,0,0,0
0.16742,0,0,0,0,0,0,0,0,0,0,0,0,0,0
0.090449,0,0,0,0,0,0,0,0,0,0,0,0,0,0
0.092816,0,0,0,0,0,0,0,0,0,0,0,0,0,0
0.088718,0,0,0,0,0,0,0,0,0,0,0,0,0,0
0.090684,0,0,0,0,0,0,0,0,0,0,0,0,0,0
0.092101,0,0,0,0,0,0,0,0,0,0,0,0,0,0
0.16595,0,0,0,0,0,0,0,0,0,0,0,0,0,0
0.092286,0,0,0,0,0,0,0,0,0,0,0,0,0,0
0.090771,0,0,0,0,0,0,0,0,0,0,0,0,0,0
0.091041,0,0,0,0,0,0,0,0,0,0,0,0,0,0
0.091256,0,0,0,0,0,0,0,0,0,0,0,0,0,0
0.091375,0,0,0,0,0,0,0,0,0,0,0,0,0,0
0.16678,0,0,0,0,0,0,0,0,0,0,0,0,0,0
0.094669,0,0,0,0,0,0,0,0,0,0,0,0,0,0
0.091267,0,0,0,0,0,0,0,0,0,0,0,0,0,0
0.092406,0,0,0,0,0,0,0,0,0,0,0,0,0,0
0.090499,0,0,0,0,0,0,0,0,0,0,0,0,0,0
0.090902,0,0,0,0,0,0,0,0,0,0,0,0,0,0
0.17014,0,0,0,0,0,0,0,0,0,0,0,0,0,0
0.094136,0,0,0,0,0,0,0,0,0,0,0,0,0,0
0.094161,0,0,0,0,0,0,0,0,0,0,0,0,0,0
0.092903,0,0,0,0,0,0,0,0,0,0,0,0,0,0
0.09108,0,0,0,0,0,0,0,0,0,0,0,0,0,0
0.090818,0,0,0,0,0,0,0,0,0,0,0,0,0,0
0.17053,0,0,0,0,0,0,0,0,0,0,0,0,0,0
0.091821,0,0,0,0,0,0,0,0,0,0,0,0,0,0
0.092464,0,0,0,0,0,0,0,0,0,0,0,0,0,0
0.093957,0,0,0,0,0,0,0,0,0,0,0,0,0,0
0.095863,0,0,0,0,0,0,0,0,0,0,0,0,0,0
0.09562,0,0,0,0,0,0,0,0,0,0,0,0,0,0
0.18029,0,0,0,0,0,0,0,0,0,0,0,0,0,0
0.09862,0,0,0,0,0,0,0,0,0,0,0,0,0,0
0.093693,0,0,0,0,0,0,0,0,0,0,0,0,0,0
0.093046,0,0,0,0,0,0,0,0,0,0,0,0,0,0
0.095292,0,0,0,0,0,0,0,0,0,0,0,0,0,0
0.099769,0,0,0,0,0,0,0,0,0,0,0,0,0,0
0.18116,0,0,0,0,0,0,0,0,0,0,0,0,0,0
0.093064,0,0,0,0,0,0,0,0,0,0,0,0,0,0
0.091925,0,0,0,0,0,0,0,0,0,0,0,0,0,0
0.09697,0,0,0,0,0,0,0,0,0,0,0,0,0,0
0.088887,0,0,0,0,0,0,0,0,0,0,0,0,0,0
0.09311,0,0,0,0,0,0,0,0,0,0,0,0,0,0
0.17805,0,0,0,0,0,0,0,0,0,0,0,0,0,0
0.1022,0,0,0,0,0,0,0,0,0,0,0,0,0,0
0.092862,0,0,0,0,0,0,0,0,0,0,0,0,0,0
0.091182,0,0,0,0,0,0,0,0,0,0,0,0,0,0
0.087801,0,0,0,0,0,0,0,0,0,0,0,0,0,0
0.08976,0,0,0,0,0,0,0,0,0,0,0,0,0,0
0.16211,0,0,0,0,0,0,0,0,0,0,0,0,0,0
0.11748,0,0,0,0,0,0,0,0,0,0,0,0,0,0
0.13485,0,0,0,0,0,0,0,0,0,0,0,0,0,0
0.085402,0,0,0,0,0,0,0,0,0,0,0,0,0,0
0.085698,0,0,0,0,0,0,0,0,0,0,0,0,0,0
0.086908,0,0,0,0,0,0,0,0,0,0,0,0,0,0
0.15358,0,0,0,0,0,0,0,0,0,0,0,0,0,0
0.086267,0,0,0,0,0,0,0,0,0,0,0,0,0,0
0.087088,0,0,0,0,0,0,0,0,0,0,0,0,0,0
0.088413,0,0,0,0,0,0,0,0,0,0,0,0,0,0
0.08804,0,0,0,0,0,0,0,0,0,0,0,0,0,0
0.089231,0,0,0,0,0,0,0,0,0,0,0,0,0,0
0.1624,0,0,0,0,0,0,0,0,0,0,0,0,0,0
0.093629,0,0,0,0,0,0,0,0,0,0,0,0,0,0
0.090229,0,0,0,0,0,0,0,0,0,0,0,0,0,0
0.090999,0,0,0,0,0,0,0,0,0,0,0,0,0,0
0.09028,0,0,0,0,0,0,0,0,0,0,0,0,0,0
0.090506,0,0,0,0,0,0,0,0,0,0,0,0,0,0
0.15728,0,0,0,0,0,0,0,0,0,0,0,0,0,0
0.090403,0,0,0,0,0,0,0,0,0,0,0,0,0,0
0.08834,0,0,0,0,0,0,0,0,0,0,0,0,0,0
0.089125,0,0,0,0,0,0,0,0,0,0,0,0,0,0
0.087707,0,0,0,0,0,0,0,0,0,0,0,0,0,0
0.086755,0,0,0,0,0,0,0,0,0,0,0,0,0,0
0.15682,0,0,0,0,0,0,0,0,0,0,0,0,0,0
0.087563,0,0,0,0,0,0,0,0,0,0,0,0,0,0
0.088694,0,0,0,0,0,0,0,0,0,0,0,0,0,0
0.088802,0,0,0,0,0,0,0,0,0,0,0,0,0,0
0.089215,0,0,0,0,0,0,0,0,0,0,0,0,0,0
0.089009,0,0,0,0,0,0,0,0,0,0,0,0,0,0
0.16191,0,0,0,0,0,0,0,0,0,0,0,0,0,0
0.091418,0,0,0,0,0,0,0,0,0,0,0,0,0,0
0.091614,0,0,0,0,0,0,0,0,0,0,0,0,0,0
0.090346,0,0,0,0,0,0,0,0,0,0,0,0,0,0
0.089882,0,0,0,0,0,0,0,0,0,0,0,0,0,0
0.090726,0,0,0,0,0,0,0,0,0,0,0,0,0,0
0.15811,0,0,0,0,0,0,0,0,0,0,0,0,0,0
0.092004,0,0,0,0,0,0,0,0,0,0,0,0,0,0
0.092052,0,0,0,0,0,0,0,0,0,0,0,0,0,0
0.089719,0,0,0,0,0,0,0,0,0,0,0,0,0,0
0.090722,0,0,0,0,0,0,0,0,0,0,0,0,0,0
0.092069,0,0,0,0,0,0,0,0,0,0,0,0,0,0
0.16112,0,0,0,0,0,0,0,0,0,0,0,0,0,0
0.089063,0,0,0,0,0,0,0,0,0,0,0,0,0,0
0.090735,0,0,0,0,0,0,0,0,0,0,0,0,0,0
0.091148,0,0,0,0,0,0,0,0,0,0,0,0,0,0
0.089602,0,0,0,0,0,0,0,0,0,0,0,0,0,0
0.089128,0,0,0,0,0,0,0,0,0,0,0,0,0,0
0.16001,0,0,0,0,0,0,0,0,0,0,0,0,0,0
0.091364,0,0,0,0,0,0,0,0,0,0,0,0,0,0
0.090292,0,0,0,0,0,0,0,0,0,0,0,0,0,0
0.091095,0,0,0,0,0,0,0,0,0,0,0,0,0,0
0.090223,0,0,0,0,0,0,0,0,0,0,0,0,0,0
0.09132,0,0,0,0,0,0,0,0,0,0,0,0,0,0
0.16062,0,0,0,0,0,0,0,0,0,0,0,0,0,0
0.088825,0,0,0,0,0,0,0,0,0,0,0,0,0,0
0.092821,0,0,0,0,0,0,0,0,0,0,0,0,0,0
0.091748,0,0,0,0,0,0,0,0,0,0,0,0,0,0
0.092199,0,0,0,0,0,0,0,0,0,0,0,0,0,0
0.09147,0,0,0,0,0,0,0,0,0,0,0,0,0,0
0.16157,0,0,0,0,0,0,0,0,0,0,0,0,0,0
0.091322,0,0,0,0,0,0,0,0,0,0,0,0,0,0
0.091764,0,0,0,0,0,0,0,0,0,0,0,0,0,0
0.09188,0,0,0,0,0,0,0,0,0,0,0,0,0,0
0.091032,0,0,0,0,0,0,0,0,0,0,0,0,0,0
0.091982,0,0,0,0,0,0,0,0,0,0,0,0,0,0
0.16107,0,0,0,0,0,0,0,0,0,0,0,0,0,0
0.090995,0,0,0,0,0,0,0,0,0,0,0,0,0,0
0.094402,0,0,0,0,0,0,0,0,0,0,0,0,0,0
0.092452,0,0,0,0,0,0,0,0,0,0,0,0,0,0
0.090635,0,0,0,0,0,0,0,0,0,0,0,0,0,0
0.089107,0,0,0,0,0,0,0,0,0,0,0,0,0,0
0.15732,0,0,0,0,0,0,0,0,0,0,0,0,0,0
0.089933,0,0,0,0,0,0,0,0,0,0,0,0,0,0
0.08974,0,0,0,0,0,0,0,0,0,0,0,0,0,0
0.089814,0,0,0,0,0,0,0,0,0,0,0,0,0,0
0.089239,0,0,0,0,0,0,0,0,0,0,0,0,0,0
0.08827,0,0,0,0,0,0,0,0,0,0,0,0,0,0
0.15826,0,0,0,0,0,0,0,0,0,0,0,0,0,0
0.091717,0,0,0,0,0,0,0,0,0,0,0,0,0,0
0.08999,0,0,0,0,0,0,0,0,0,0,0,0,0,0
0.089303,0,0,0,0,0,0,0,0,0,0,0,0,0,0
0.089963,0,0,0,0,0,0,0,0,0,0,0,0,0,0
0.090743,0,0,0,0,0,0,0,0,0,0,0,0,0,0
0.30657,0,0,0,0,0,0,0,0,0,0,0,0,0,0
0.093741,0,0,0,0,0,0,0,0,0,0,0,0,0,0
0.093063,0,0,0,0,0,0,0,0,0,0,0,0,0,0
0.093404,0,0,0,0,0,0,0,0,0,0,0,0,0,0
0.091561,0,0,0,0,0,0,0,0,0,0,0,0,0,0
0.092935,0,0,0,0,0,0,0,0,0,0,0,0,0,0
0.16109,0,0,0,0,0,0,0,0,0,0,0,0,0,0
0.091812,0,0,0,0,0,0,0,0,0,0,0,0,0,0
0.09246,0,0,0,0,0,0,0,0,0,0,0,0,0,0
0.090809,0,0,0,0,0,0,0,0,0,0,0,0,0,0
0.091846,0,0,0,0,0,0,0,0,0,0,0,0,0,0
0.09142,0,0,0,0,0,0,0,0,0,0,0,0,0,0
0.15913,0,0,0,0,0,0,0,0,0,0,0,0,0,0
0.090819,0,0,0,0,0,0,0,0,0,0,0,0,0,0
0.091814,0,0,0,0,0,0,0,0,0,0,0,0,0,0
0.092197,0,0,0,0,0,0,0,0,0,0,0,0,0,0
0.090665,0,0,0,0,0,0,0,0,0,0,0,0,0,0
0.088582,0,0,0,0,0,0,0,0,0,0,0,0,0,0
0.16053,0,0,0,0,0,0,0,0,0,0,0,0,0,0
0.09258,0,0,0,0,0,0,0,0,0,0,0,0,0,0
0.090397,0,0,0,0,0,0,0,0,0,0,0,0,0,0
0.089368,0,0,0,0,0,0,0,0,0,0,0,0,0,0
0.089947,0,0,0,0,0,0,0,0,0,0,0,0,0,0
0.088859,0,0,0,0,0,0,0,0,0,0,0,0,0,0
0.15971,0,0,0,0,0,0,0,0,0,0,0,0,0,0
0.09164,0,0,0,0,0,0,0,0,0,0,0,0,0,0
0.092259,0,0,0,0,0,0,0,0,0,0,0,0,0,0
0.089833,0,0,0,0,0,0,0,0,0,0,0,0,0,0
0.090618,0,0,0,0,0,0,0,0,0,0,0,0,0,0
0.090151,0,0,0,0,0,0,0,0,0,0,0,0,0,0
0.16305,0,0,0,0,0,0,0,0,0,0,0,0,0,0
0.091205,0,0,0,0,0,0,0,0,0,0,0,0,0,0
0.090873,0,0,0,0,0,0,0,0,0,0,0,0,0,0
0.089557,0,0,0,0,0,0,0,0,0,0,0,0,0,0
0.089191,0,0,0,0,0,0,0,0,0,0,0,0,0,0
0.090259,0,0,0,0,0,0,0,0,0,0,0,0,0,0
0.16139,0,0,0,0,0,0,0,0,0,0,0,0,0,0
0.090669,0,0,0,0,0,0,0,0,0,0,0,0,0,0
0.089335,0,0,0,0,0,0,0,0,0,0,0,0,0,0
0.090726,0,0,0,0,0,0,0,0,0,0,0,0,0,0
0.090642,0,0,0,0,0,0,0,0,0,0,0,0,0,0
0.089366,0,0,0,0,0,0,0,0,0,0,0,0,0,0
0.15874,0,0,0,0,0,0,0,0,0,0,0,0,0,0
0.088678,0,0,0,0,0,0,0,0,0,0,0,0,0,0
0.089938,0,0,0,0,0,0,0,0,0,0,0,0,0,0
0.089004,0,0,0,0,0,0,0,0,0,0,0,0,0,0
0.087606,0,0,0,0,0,0,0,0,0,0,0,0,0,0
0.090537,0,0,0,0,0,0,0,0,0,0,0,0,0,0
0.16232,0,0,0,0,0,0,0,0,0,0,0,0,0,0
0.092471,0,0,0,0,0,0,0,0,0,0,0,0,0,0
0.092082,0,0,0,0,0,0,0,0,0,0,0,0,0,0
0.090448,0,0,0,0,0,0,0,0,0,0,0,0,0,0
0.089367,0,0,0,0,0,0,0,0,0,0,0,0,0,0
0.088378,0,0,0,0,0,0,0,0,0,0,0,0,0,0
0.16885,0,0,0,0,0,0,0,0,0,0,0,0,0,0
0.090732,0,0,0,0,0,0,0,0,0,0,0,0,0,0
0.091968,0,0,0,0,0,0,0,0,0,0,0,0,0,0
0.088771,0,0,0,0,0,0,0,0,0,0,0,0,0,0
0.090676,0,0,0,0,0,0,0,0,0,0,0,0,0,0
0.091704,0,0,0,0,0,0,0,0,0,0,0,0,0,0
0.16277,0,0,0,0,0,0,0,0,0,0,0,0,0,0
0.092502,0,0,0,0,0,0,0,0,0,0,0,0,0,0
0.092139,0,0,0,0,0,0,0,0,0,0,0,0,0,0
0.090113,0,0,0,0,0,0,0,0,0,0,0,0,0,0
0.092305,0,0,0,0,0,0,0,0,0,0,0,0,0,0
0.092497,0,0,0,0,0,0,0,0,0,0,0,0,0,0
0.17261,0,0,0,0,0,0,0,0,0,0,0,0,0,0
0.095121,0,0,0,0,0,0,0,0,0,0,0,0,0,0
0.095847,0,0,0,0,0,0,0,0,0,0,0,0,0,0
0.092566,0,0,0,0,0,0,0,0,0,0,0,0,0,0
0.095264,0,0,0,0,0,0,0,0,0,0,0,0,0,0
0.094762,0,0,0,0,0,0,0,0,0,0,0,0,0,0
0.17257,0,0,0,0,0,0,0,0,0,0,0,0,0,0
0.095386,0,0,0,0,0,0,0,0,0,0,0,0,0,0
0.095048,0,0,0,0,0,0,0,0,0,0,0,0,0,0
0.091833,0,0,0,0,0,0,0,0,0,0,0,0,0,0
0.09112,0,0,0,0,0,0,0,0,0,0,0,0,0,0
0.091908,0,0,0,0,0,0,0,0,0,0,0,0,0,0
0.17161,0,0,0,0,0,0,0,0,0,0,0,0,0,0
0.092112,0,0,0,0,0,0,0,0,0,0,0,0,0,0
0.094335,0,0,0,0,0,0,0,0,0,0,0,0,0,0
0.092787,0,0,0,0,0,0,0,0,0,0,0,0,0,0
0.094598,0,0,0,0,0,0,0,0,0,0,0,0,0,0
0.092374,0,0,0,0,0,0,0,0,0,0,0,0,0,0
0.17136,0,0,0,0,0,0,0,0,0,0,0,0,0,0
0.092565,0,0,0,0,0,0,0,0,0,0,0,0,0,0
0.095347,0,0,0,0,0,0,0,0,0,0,0,0,0,0
0.093292,0,0,0,0,0,0,0,0,0,0,0,0,0,0
0.093308,0,0,0,0,0,0,0,0,0,0,0,0,0,0
0.095449,0,0,0,0,0,0,0,0,0,0,0,0,0,0
0.17245,0,0,0,0,0,0,0,0,0,0,0,0,0,0
0.094255,0,0,0,0,0,0,0,0,0,0,0,0,0,0
0.094604,0,0,0,0,0,0,0,0,0,0,0,0,0,0
0.095453,0,0,0,0,0,0,0,0,0,0,0,0,0,0
0.097068,0,0,0,0,0,0,0,0,0,0,0,0,0,0
0.093049,0,0,0,0,0,0,0,0,0,0,0,0,0,0
0.17215,0,0,0,0,0,0,0,0,0,0,0,0,0,0
0.094095,0,0,0,0,0,0,0,0,0,0,0,0,0,0
0.094771,0,0,0,0,0,0,0,0,0,0,0,0,0,0
0.094931,0,0,0,0,0,0,0,0,0,0,0,0,0,0
0.095369,0,0,0,0,0,0,0,0,0,0,0,0,0,0
0.095821,0,0,0,0,0,0,0,0,0,0,0,0,0,0
0.16963,0,0,0,0,0,0,0,0,0,0,0,0,0,0
0.092999,0,0,0,0,0,0,0,0,0,0,0,0,0,0
0.093975,0,0,0,0,0,0,0,0,0,0,0,0,0,0
0.09439,0,0,0,0,0,0,0,0,0,0,0,0,0,0
0.093772,0,0,0,0,0,0,0,0,0,0,0,0,0,0
0.093863,0,0,0,0,0,0,0,0,0,0,0,0,0,0
0.17431,0,0,0,0,0,0,0,0,0,0,0,0,0,0
0.090415,0,0,0,0,0,0,0,0,0,0,0,0,0,0
0.093306,0,0,0,0,0,0,0,0,0,0,0,0,0,0
0.093686,0,0,0,0,0,0,0,0,0,0,0,0,0,0
0.094647,0,0,0,0,0,0,0,0,0,0,0,0,0,0
0.095735,0,0,0,0,0,0,0,0,0,0,0,0,0,0
0.16909,0,0,0,0,0,0,0,0,0,0,0,0,0,0
0.092395,0,0,0,0,0,0,0,0,0,0,0,0,0,0
0.091091,0,0,0,0,0,0,0,0,0,0,0,0,0,0
0.092511,0,0,0,0,0,0,0,0,0,0,0,0,0,0
0.091481,0,0,0,0,0,0,0,0,0,0,0,0,0,0
0.098248,0,0,0,0,0,0,0,0,0,0,0,0,0,0
0.18888,0,0,0,0,0,0,0,0,0,0,0,0,0,0
0.094109,0,0,0,0,0,0,0,0,0,0,0,0,0,0
0.1006,0,0,0,0,0,0,0,0,0,0,0,0,0,0
0.089917,0,0,0,0,0,0,0,0,0,0,0,0,0,0
0.10708,0,0,0,0,0,0,0,0,0,0,0,0,0,0
0.10345,0,0,0,0,0,0,0,0,0,0,0,0,0,0
0.17923,0,0,0,0,0,0,0,0,0,0,0,0,0,0
0.10555,0,0,0,0,0,0,0,0,0,0,0,0,0,0
0.1041,0,0,0,0,0,0,0,0,0,0,0,0,0,0
0.096657,0,0,0,0,0,0,0,0,0,0,0,0,0,0
0.10376,0,0,0,0,0,0,0,0,0,0,0,0,0,0
0.10453,0,0,0,0,0,0,0,0,0,0,0,0,0,0
0.19515,0,0,0,0,0,0,0,0,0,0,0,0,0,0
0.10037,0,0,0,0,0,0,0,0,0,0,0,0,0,0
0.09514,0,0,0,0,0,0,0,0,0,0,0,0,0,0
0.1068,0,0,0,0,0,0,0,0,0,0,0,0,0,0
0.098155,0,0,0,0,0,0,0,0,0,0,0,0,0,0
0.095677,0,0,0,0,0,0,0,0,0,0,0,0,0,0
0.18402,0,0,0,0,0,0,0,0,0,0,0,0,0,0
0.11159,0,0,0,0,0,0,0,0,0,0,0,0,0,0
0.091623,0,0,0,0,0,0,0,0,0,0,0,0,0,0
0.095947,0,0,0,0,0,0,0,0,0,0,0,0,0,0
0.10184,0,0,0,0,0,0,0,0,0,0,0,0,0,0
0.10149,0,0,0,0,0,0,0,0,0,0,0,0,0,0
0.17955,0,0,0,0,0,0,0,0,0,0,0,0,0,0
0.09416,0,0,0,0,0,0,0,0,0,0,0,0,0,0
0.10145,0,0,0,0,0,0,0,0,0,0,0,0,0,0
0.10265,0,0,0,0,0,0,0,0,0,0,0,0,0,0
0.10064,0,0,0,0,0,0,0,0,0,0,0,0,0,0
0.098042,0,0,0,0,0,0,0,0,0,0,0,0,0,0
0.1793,0,0,0,0,0,0,0,0,0,0,0,0,0,0
0.096576,0,0,0,0,0,0,0,0,0,0,0,0,0,0
0.095209,0,0,0,0,0,0,0,0,0,0,0,0,0,0
0.093557,0,0,0,0,0,0,0,0,0,0,0,0,0,0
0.10385,0,0,0,0,0,0,0,0,0,0,0,0,0,0
0.096707,0,0,0,0,0,0,0,0,0,0,0,0,0,0
0.17811,0,0,0,0,0,0,0,0,0,0,0,0,0,0
0.091304,0,0,0,0,0,0,0,0,0,0,0,0,0,0
0.096319,0,0,0,0,0,0,0,0,0,0,0,0,0,0
0.10909,0,0,0,0,0,0,0,0,0,0,0,0,0,0
0.096894,0,0,0,0,0,0,0,0,0,0,0,0,0,0
0.099438,0,0,0,0,0,0,0,0,0,0,0,0,0,0
0.18194,0,0,0,0,0,0,0,0,0,0,0,0,0,0
0.096336,0,0,0,0,0,0,0,0,0,0,0,0,0,0
0.10189,0,0,0,0,0,0,0,0,0,0,0,0,0,0
0.097979,0,0,0,0,0,0,0,0,0,0,0,0,0,0
0.10114,0,0,0,0,0,0,0,0,0,0,0,0,0,0
0.096052,0,0,0,0,0,0,0,0,0,0,0,0,0,0
0.17883,0,0,0,0,0,0,0,0,0,0,0,0,0,0
0.094701,0,0,0,0,0,0,0,0,0,0,0,0,0,0
0.10368,0,0,0,0,0,0,0,0,0,0,0,0,0,0
0.096247,0,0,0,0,0,0,0,0,0,0,0,0,0,0
0.099095,0,0,0,0,0,0,0,0,0,0,0,0,0,0
0.093089,0,0,0,0,0,0,0,0,0,0,0,0,0,0
0.17809,0,0,0,0,0,0,0,0,0,0,0,0,0,0
0.10301,0,0,0,0,0,0,0,0,0,0,0,0,0,0
0.10811,0,0,0,0,0,0,0,0,0,0,0,0,0,0
0.10522,0,0,0,0,0,0,0,0,0,0,0,0,0,0
0.099472,0,0,0,0,0,0,0,0,0,0,0,0,0,0
0.10948,0,0,0,0,0,0,0,0,0,0,0,0,0,0
0.17805,0,0,0,0,0,0,0,0,0,0,0,0,0,0
0.10162,0,0,0,0,0,0,0,0,0,0,0,0,0,0
0.10323,0,0,0,0,0,0,0,0,0,0,0,0,0,0
0.10615,0,0,0,0,0,0,0,0,0,0,0,0,0,0
0.097957,0,0,0,0,0,0,0,0,0,0,0,0,0,0
0.092133,0,0,0,0,0,0,0,0,0,0,0,0,0,0
0.18114,0,0,0,0,0,0,0,0,0,0,0,0,0,0
0.1026,0,0,0,0,0,0,0,0,0,0,0,0,0,0
0.10433,0,0,0,0,0,0,0,0,0,0,0,0,0,0
0.10571,0,0,0,0,0,0,0,0,0,0,0,0,0,0
0.096095,0,0,0,0,0,0,0,0,0,0,0,0,0,0
0.10703,0,0,0,0,0,0,0,0,0,0,0,0,0,0
0.18041,0,0,0,0,0,0,0,0,0,0,0,0,0,0
0.10069,0,0,0,0,0,0,0,0,0,0,0,0,0,0
0.10242,0,0,0,0,0,0,0,0,0,0,0,0,0,0
0.095431,0,0,0,0,0,0,0,0,0,0,0,0,0,0
0.10061,0,0,0,0,0,0,0,0,0,0,0,0,0,0
0.097087,0,0,0,0,0,0,0,0,0,0,0,0,0,0
0.19288,0,0,0,0,0,0,0,0,0,0,0,0,0,0
0.10056,0,0,0,0,0,0,0,0,0,0,0,0,0,0
0.096535,0,0,0,0,0,0,0,0,0,0,0,0,0,0
0.096391,0,0,0,0,0,0,0,0,0,0,0,0,0,0
0.10099,0,0,0,0,0,0,0,0,0,0,0,0,0,0
0.09622,0,0,0,0,0,0,0,0,0,0,0,0,0,0
0.19023,0,0,0,0,0,0,0,0,0,0,0,0,0,0
0.097328,0,0,0,0,0,0,0,0,0,0,0,0,0,0
0.099042,0,0,0,0,0,0,0,0,0,0,0,0,0,0
0.093658,0,0,0,0,0,0,0,0,0,0,0,0,0,0
0.10339,0,0,0,0,0,0,0,0,0,0,0,0,0,0
0.095718,0,0,0,0,0,0,0,0,0,0,0,0,0,0
0.17924,0,0,0,0,0,0,0,0,0,0,0,0,0,0
0.091044,0,0,0,0,0,0,0,0,0,0,0,0,0,0
0.10523,0,0,0,0,0,0,0,0,0,0,0,0,0,0
0.099843,0,0,0,0,0,0,0,0,0,0,0,0,0,0
0.09714,0,0,0,0,0,0,0,0,0,0,0,0,0,0
0.094201,0,0,0,0,0,0,0,0,0,0,0,0,0,0
0.17922,0,0,0,0,0,0,0,0,0,0,0,0,0,0
0.096012,0,0,0,0,0,0,0,0,0,0,0,0,0,0
0.09939,0,0,0,0,0,0,0,0,0,0,0,0,0,0
0.093565,0,0,0,0,0,0,0,0,0,0,0,0,0,0
0.099485,0,0,0,0,0,0,0,0,0,0,0,0,0,0
0.095535,0,0,0,0,0,0,0,0,0,0,0,0,0,0
0.1728,0,0,0,0,0,0,0,0,0,0,0,0,0,0
0.094445,0,0,0,0,0,0,0,0,0,0,0,0,0,0
0.095736,0,0,0,0,0,0,0,0,0,0,0,0,0,0
0.099352,0,0,0,0,0,0,0,0,0,0,0,0,0,0
0.10086,0,0,0,0,0,0,0,0,0,0,0,0,0,0
0.096477,0,0,0,0,0,0,0,0,0,0,0,0,0,0
0.17655,0,0,0,0,0,0,0,0,0,0,0,0,0,0
0.10269,0,0,0,0,0,0,0,0,0,0,0,0,0,0
0.099258,0,0,0,0,0,0,0,0,0,0,0,0,0,0
0.086539,0,0,0,0,0,0,0,0,0,0,0,0,0,0
0.08782,0,0,0,0,0,0,0,0,0,0,0,0,0,0
0.084511,0,0,0,0,0,0,0,0,0,0,0,0,0,0
0.1539,0,0,0,0,0,0,0,0,0,0,0,0,0,0
0.085069,0,0,0,0,0,0,0,0,0,0,0,0,0,0
0.087184,0,0,0,0,0,0,0,0,0,0,0,0,0,0
0.085383,0,0,0,0,0,0,0,0,0,0,0,0,0,0
0.084989,0,0,0,0,0,0,0,0,0,0,0,0,0,0
0.085069,0,0,0,0,0,0,0,0,0,0,0,0,0,0
0.15489,0,0,0,0,0,0,0,0,0,0,0,0,0,0
0.086551,0,0,0,0,0,0,0,0,0,0,0,0,0,0
0.08786,0,0,0,0,0,0,0,0,0,0,0,0,0,0
0.086345,0,0,0,0,0,0,0,0,0,0,0,0,0,0
0.087355,0,0,0,0,0,0,0,0,0,0,0,0,0,0
0.091773,0,0,0,0,0,0,0,0,0,0,0,0,0,0
0.16157,0,0,0,0,0,0,0,0,0,0,0,0,0,0
0.091129,0,0,0,0,0,0,0,0,0,0,0,0,0,0
0.094087,0,0,0,0,0,0,0,0,0,0,0,0,0,0
0.12793,0,0,0,0,0,0,0,0,0,0,0,0,0,0
0.12269,0,0,0,0,0,0,0,0,0,0,0,0,0,0
0.086874,0,0,0,0,0,0,0,0,0,0,0,0,0,0
0.15161,0,0,0,0,0,0,0,0,0,0,0,0,0,0
0.085504,0,0,0,0,0,0,0,0,0,0,0,0,0,0
0.086614,0,0,0,0,0,0,0,0,0,0,0,0,0,0
0.084949,0,0,0,0,0,0,0,0,0,0,0,0,0,0
0.083423,0,0,0,0,0,0,0,0,0,0,0,0,0,0
0.08466,0,0,0,0,0,0,0,0,0,0,0,0,0,0
0.15138,0,0,0,0,0,0,0,0,0,0,0,0,0,0
0.085036,0,0,0,0,0,0,0,0,0,0,0,0,0,0
0.086425,0,0,0,0,0,0,0,0,0,0,0,0,0,0
0.089436,0,0,0,0,0,0,0,0,0,0,0,0,0,0
0.090928,0,0,0,0,0,0,0,0,0,0,0,0,0,0
0.087485,0,0,0,0,0,0,0,0,0,0,0,0,0,0
0.15918,0,0,0,0,0,0,0,0,0,0,0,0,0,0
0.088622,0,0,0,0,0,0,0,0,0,0,0,0,0,0
0.090027,0,0,0,0,0,0,0,0,0,0,0,0,0,0
0.08831,0,0,0,0,0,0,0,0,0,0,0,0,0,0
0.091421,0,0,0,0,0,0,0,0,0,0,0,0,0,0
0.087979,0,0,0,0,0,0,0,0,0,0,0,0,0,0
0.15457,0,0,0,0,0,0,0,0,0,0,0,0,0,0
0.086368,0,0,0,0,0,0,0,0,0,0,0,0,0,0
0.086934,0,0,0,0,0,0,0,0,0,0,0,0,0,0
0.087445,0,0,0,0,0,0,0,0,0,0,0,0,0,0
0.087278,0,0,0,0,0,0,0,0,0,0,0,0,0,0
0.087106,0,0,0,0,0,0,0,0,0,0,0,0,0,0
0.1554,0,0,0,0,0,0,0,0,0,0,0,0,0,0
0.087097,0,0,0,0,0,0,0,0,0,0,0,0,0,0
0.090346,0,0,0,0,0,0,0,0,0,0,0,0,0,0
0.090238,0,0,0,0,0,0,0,0,0,0,0,0,0,0
0.090593,0,0,0,0,0,0,0,0,0,0,0,0,0,0
0.091332,0,0,0,0,0,0,0,0,0,0,0,0,0,0
0.16303,0,0,0,0,0,0,0,0,0,0,0,0,0,0
0.09104,0,0,0,0,0,0,0,0,0,0,0,0,0,0
0.091925,0,0,0,0,0,0,0,0,0,0,0,0,0,0
0.092158,0,0,0,0,0,0,0,0,0,0,0,0,0,0
0.091281,0,0,0,0,0,0,0,0,0,0,0,0,0,0
0.090609,0,0,0,0,0,0,0,0,0,0,0,0,0,0
0.1635,0,0,0,0,0,0,0,0,0,0,0,0,0,0
0.091388,0,0,0,0,0,0,0,0,0,0,0,0,0,0
0.090627,0,0,0,0,0,0,0,0,0,0,0,0,0,0
0.091022,0,0,0,0,0,0,0,0,0,0,0,0,0,0
0.089279,0,0,0,0,0,0,0,0,0,0,0,0,0,0
0.089625,0,0,0,0,0,0,0,0,0,0,0,0,0,0
0.16248,0,0,0,0,0,0,0,0,0,0,0,0,0,0
0.088364,0,0,0,0,0,0,0,0,0,0,0,0,0,0
0.089886,0,0,0,0,0,0,0,0,0,0,0,0,0,0
0.087131,0,0,0,0,0,0,0,0,0,0,0,0,0,0
0.088408,0,0,0,0,0,0,0,0,0,0,0,0,0,0
0.088576,0,0,0,0,0,0,0,0,0,0,0,0,0,0
0.15793,0,0,0,0,0,0,0,0,0,0,0,0,0,0
0.088812,0,0,0,0,0,0,0,0,0,0,0,0,0,0
0.090366,0,0,0,0,0,0,0,0,0,0,0,0,0,0
0.08922,0,0,0,0,0,0,0,0,0,0,0,0,0,0
0.088372,0,0,0,0,0,0,0,0,0,0,0,0,0,0
0.093583,0,0,0,0,0,0,0,0,0,0,0,0,0,0
0.16045,0,0,0,0,0,0,0,0,0,0,0,0,0,0
0.08842,0,0,0,0,0,0,0,0,0,0,0,0,0,0
0.091771,0,0,0,0,0,0,0,0,0,0,0,0,0,0
0.090162,0,0,0,0,0,0,0,0,0,0,0,0,0,0
0.090108,0,0,0,0,0,0,0,0,0,0,0,0,0,0
0.088425,0,0,0,0,0,0,0,0,0,0,0,0,0,0
0.16076,0,0,0,0,0,0,0,0,0,0,0,0,0,0
0.090595,0,0,0,0,0,0,0,0,0,0,0,0,0,0
0.089931,0,0,0,0,0,0,0,0,0,0,0,0,0,0
0.090086,0,0,0,0,0,0,0,0,0,0,0,0,0,0
0.09014,0,0,0,0,0,0,0,0,0,0,0,0,0,0
0.090522,0,0,0,0,0,0,0,0,0,0,0,0,0,0
0.16145,0,0,0,0,0,0,0,0,0,0,0,0,0,0
0.090067,0,0,0,0,0,0,0,0,0,0,0,0,0,0
0.091644,0,0,0,0,0,0,0,0,0,0,0,0,0,0
0.092158,0,0,0,0,0,0,0,0,0,0,0,0,0,0
0.087895,0,0,0,0,0,0,0,0,0,0,0,0,0,0
0.087751,0,0,0,0,0,0,0,0,0,0,0,0,0,0
0.15755,0,0,0,0,0,0,0,0,0,0,0,0,0,0
0.085692,0,0,0,0,0,0,0,0,0,0,0,0,0,0
0.086668,0,0,0,0,0,0,0,0,0,0,0,0,0,0
0.088769,0,0,0,0,0,0,0,0,0,0,0,0,0,0
0.087949,0,0,0,0,0,0,0,0,0,0,0,0,0,0
0.087555,0,0,0,0,0,0,0,0,0,0,0,0,0,0
0.15938,0,0,0,0,0,0,0,0,0,0,0,0,0,0
0.086771,0,0,0,0,0,0,0,0,0,0,0,0,0,0
0.090702,0,0,0,0,0,0,0,0,0,0,0,0,0,0
0.20199,0,0,0,0,0,0,0,0,0,0,0,0,0,0
0.1108,0,0,0,0,0,0,0,0,0,0,0,0,0,0
0.089702,0,0,0,0,0,0,0,0,0,0,0,0,0,0
0.16586,0,0,0,0,0,0,0,0,0,0,0,0,0,0
0.09278,0,0,0,0,0,0,0,0,0,0,0,0,0,0
0.091915,0,0,0,0,0,0,0,0,0,0,0,0,0,0
0.091338,0,0,0,0,0,0,0,0,0,0,0,0,0,0
0.087693,0,0,0,0,0,0,0,0,0,0,0,0,0,0
0.088339,0,0,0,0,0,0,0,0,0,0,0,0,0,0
0.15937,0,0,0,0,0,0,0,0,0,0,0,0,0,0
0.08859,0,0,0,0,0,0,0,0,0,0,0,0,0,0
0.087924,0,0,0,0,0,0,0,0,0,0,0,0,0,0
0.087487,0,0,0,0,0,0,0,0,0,0,0,0,0,0
0.091048,0,0,0,0,0,0,0,0,0,0,0,0,0,0
0.090059,0,0,0,0,0,0,0,0,0,0,0,0,0,0
0.15827,0,0,0,0,0,0,0,0,0,0,0,0,0,0
0.087473,0,0,0,0,0,0,0,0,0,0,0,0,0,0
0.087599,0,0,0,0,0,0,0,0,0,0,0,0,0,0
0.087804,0,0,0,0,0,0,0,0,0,0,0,0,0,0
0.088237,0,0,0,0,0,0,0,0,0,0,0,0,0,0
0.089138,0,0,0,0,0,0,0,0,0,0,0,0,0,0
0.15858,0,0,0,0,0,0,0,0,0,0,0,0,0,0
0.089141,0,0,0,0,0,0,0,0,0,0,0,0,0,0
0.088536,0,0,0,0,0,0,0,0,0,0,0,0,0,0
0.089678,0,0,0,0,0,0,0,0,0,0,0,0,0,0
0.08899,0,0,0,0,0,0,0,0,0,0,0,0,0,0
0.090135,0,0,0,0,0,0,0,0,0,0,0,0,0,0
0.157,0,0,0,0,0,0,0,0,0,0,0,0,0,0
0.088413,0,0,0,0,0,0,0,0,0,0,0,0,0,0
0.088708,0,0,0,0,0,0,0,0,0,0,0,0,0,0
0.090262,0,0,0,0,0,0,0,0,0,0,0,0,0,0
0.092664,0,0,0,0,0,0,0,0,0,0,0,0,0,0
0.088539,0,0,0,0,0,0,0,0,0,0,0,0,0,0
0.15662,0,0,0,0,0,0,0,0,0,0,0,0,0,0
0.088845,0,0,0,0,0,0,0,0,0,0,0,0,0,0
0.088326,0,0,0,0,0,0,0,0,0,0,0,0,0,0
0.08692,0,0,0,0,0,0,0,0,0,0,0,0,0,0
0.089189,0,0,0,0,0,0,0,0,0,0,0,0,0,0
0.088184,0,0,0,0,0,0,0,0,0,0,0,0,0,0
0.159,0,0,0,0,0,0,0,0,0,0,0,0,0,0
0.089126,0,0,0,0,0,0,0,0,0,0,0,0,0,0
0.087328,0,0,0,0,0,0,0,0,0,0,0,0,0,0
0.086826,0,0,0,0,0,0,0,0,0,0,0,0,0,0
0.089262,0,0,0,0,0,0,0,0,0,0,0,0,0,0
0.088806,0,0,0,0,0,0,0,0,0,0,0,0,0,0
0.15743,0,0,0,0,0,0,0,0,0,0,0,0,0,0
0.09002,0,0,0,0,0,0,0,0,0,0,0,0,0,0
0.087332,0,0,0,0,0,0,0,0,0,0,0,0,0,0
0.087932,0,0,0,0,0,0,0,0,0,0,0,0,0,0
0.089007,0,0,0,0,0,0,0,0,0,0,0,0,0,0
0.088418,0,0,0,0,0,0,0,0,0,0,0,0,0,0
0.16773,0,0,0,0,0,0,0,0,0,0,0,0,0,0
0.09076,0,0,0,0,0,0,0,0,0,0,0,0,0,0
0.090379,0,0,0,0,0,0,0,0,0,0,0,0,0,0
0.087222,0,0,0,0,0,0,0,0,0,0,0,0,0,0
0.08503,0,0,0,0,0,0,0,0,0,0,0,0,0,0
0.086199,0,0,0,0,0,0,0,0,0,0,0,0,0,0
0.16337,0,0,0,0,0,0,0,0,0,0,0,0,0,0
0.085832,0,0,0,0,0,0,0,0,0,0,0,0,0,0
0.086606,0,0,0,0,0,0,0,0,0,0,0,0,0,0
0.086038,0,0,0,0,0,0,0,0,0,0,0,0,0,0
0.088153,0,0,0,0,0,0,0,0,0,0,0,0,0,0
0.089361,0,0,0,0,0,0,0,0,0,0,0,0,0,0
0.16057,0,0,0,0,0,0,0,0,0,0,0,0,0,0
0.084229,0,0,0,0,0,0,0,0,0,0,0,0,0,0
0.08667,0,0,0,0,0,0,0,0,0,0,0,0,0,0
0.088419,0,0,0,0,0,0,0,0,0,0,0,0,0,0
0.087561,0,0,0,0,0,0,0,0,0,0,0,0,0,0
