1
522.0000,54.0000,548.0000,54.0000,548.0000,80.0000,522.0000,80.0000
522.0000,62.0000,548.0000,62.0000,548.0000,88.0000,522.0000,88.0000
518.0000,79.0000,544.0000,79.0000,544.0000,105.0000,518.0000,105.0000
519.0000,89.0000,543.0000,89.0000,543.0000,114.0000,519.0000,114.0000
516.0000,104.0000,541.0000,104.0000,541.0000,128.0000,516.0000,128.0000
514.0000,116.0000,537.0000,116.0000,537.0000,140.0000,514.0000,140.0000
515.0000,126.0000,538.0000,126.0000,538.0000,149.0000,515.0000,149.0000
509.0000,139.0000,531.0000,139.0000,531.0000,162.0000,509.0000,162.0000
508.0000,154.0000,530.0000,154.0000,530.0000,176.0000,508.0000,176.0000
519.0000,165.0000,540.0000,165.0000,540.0000,186.0000,519.0000,186.0000
527.0000,171.0000,549.0000,171.0000,549.0000,192.0000,527.0000,192.0000
537.0000,175.0000,558.0000,175.0000,558.0000,196.0000,537.0000,196.0000
545.0000,185.0000,567.0000,185.0000,567.0000,206.0000,545.0000,206.0000
556.0000,189.0000,577.0000,189.0000,577.0000,210.0000,556.0000,210.0000
562.0000,196.0000,584.0000,196.0000,584.0000,218.0000,562.0000,218.0000
2
0
0
0
0
1
610.0000,266.0000,628.0000,266.0000,628.0000,285.0000,610.0000,285.0000
614.0000,264.0000,632.0000,264.0000,632.0000,282.0000,614.0000,282.0000
617.0000,263.0000,636.0000,263.0000,636.0000,282.0000,617.0000,282.0000
621.0000,264.0000,640.0000,264.0000,640.0000,283.0000,621.0000,283.0000
625.0000,264.0000,643.0000,264.0000,643.0000,283.0000,625.0000,283.0000
628.0000,266.0000,646.0000,266.0000,646.0000,284.0000,628.0000,284.0000
633.0000,272.0000,650.0000,272.0000,650.0000,289.0000,633.0000,289.0000
634.0000,272.0000,651.0000,272.0000,651.0000,289.0000,634.0000,289.0000
637.0000,271.0000,655.0000,271.0000,655.0000,289.0000,637.0000,289.0000
639.0000,268.0000,656.0000,268.0000,656.0000,286.0000,639.0000,286.0000
639.0000,266.0000,656.0000,266.0000,656.0000,283.0000,639.0000,283.0000
641.0000,266.0000,659.0000,266.0000,659.0000,283.0000,641.0000,283.0000
640.0000,266.0000,658.0000,266.0000,658.0000,284.0000,640.0000,284.0000
643.0000,270.0000,660.0000,270.0000,660.0000,287.0000,643.0000,287.0000
643.0000,273.0000,660.0000,273.0000,660.0000,291.0000,643.0000,291.0000
644.0000,276.0000,662.0000,276.0000,662.0000,294.0000,644.0000,294.0000
647.0000,274.0000,665.0000,274.0000,665.0000,292.0000,647.0000,292.0000
649.0000,276.0000,666.0000,276.0000,666.0000,294.0000,649.0000,294.0000
651.0000,275.0000,669.0000,275.0000,669.0000,293.0000,651.0000,293.0000
