1
508.00,199.00,563.00,199.00,563.00,228.00,508.00,228.00
502.00,198.00,557.00,198.00,557.00,228.00,502.00,228.00
488.00,201.00,541.00,201.00,541.00,229.00,488.00,229.00
470.00,201.00,524.00,201.00,524.00,230.00,470.00,230.00
465.00,206.00,519.00,206.00,519.00,234.00,465.00,234.00
448.00,197.00,503.00,197.00,503.00,227.00,448.00,227.00
452.00,191.00,506.00,191.00,506.00,219.00,452.00,219.00
446.00,190.00,499.00,190.00,499.00,219.00,446.00,219.00
413.00,197.00,468.00,197.00,468.00,227.00,413.00,227.00
402.00,202.00,458.00,202.00,458.00,233.00,402.00,233.00
390.00,192.00,445.00,192.00,445.00,222.00,390.00,222.00
385.00,207.00,442.00,207.00,442.00,237.00,385.00,237.00
372.00,202.00,427.00,202.00,427.00,232.00,372.00,232.00
364.00,199.00,421.00,199.00,421.00,230.00,364.00,230.00
354.00,199.00,409.00,199.00,409.00,228.00,354.00,228.00
341.00,194.00,395.00,194.00,395.00,223.00,341.00,223.00
351.00,181.00,406.00,181.00,406.00,211.00,351.00,211.00
340.00,181.00,397.00,181.00,397.00,212.00,340.00,212.00
325.00,170.00,381.00,170.00,381.00,200.00,325.00,200.00
316.00,166.00,374.00,166.00,374.00,198.00,316.00,198.00
304.00,166.00,364.00,166.00,364.00,198.00,304.00,198.00
273.00,159.00,331.00,159.00,331.00,190.00,273.00,190.00
266.00,156.00,324.00,156.00,324.00,188.00,266.00,188.00
257.00,161.00,313.00,161.00,313.00,191.00,257.00,191.00
247.00,167.00,305.00,167.00,305.00,199.00,247.00,199.00
245.00,168.00,304.00,168.00,304.00,200.00,245.00,200.00
247.00,168.00,307.00,168.00,307.00,200.00,247.00,200.00
263.00,145.00,324.00,145.00,324.00,177.00,263.00,177.00
261.00,147.00,322.00,147.00,322.00,179.00,261.00,179.00
245.00,146.00,303.00,146.00,303.00,177.00,245.00,177.00
2
0
0
0
0
1
160.00,158.00,209.00,158.00,209.00,191.00,160.00,191.00
156.00,173.00,206.00,173.00,206.00,207.00,156.00,207.00
140.00,183.00,189.00,183.00,189.00,216.00,140.00,216.00
143.00,154.00,194.00,154.00,194.00,188.00,143.00,188.00
143.00,162.00,194.00,162.00,194.00,196.00,143.00,196.00
147.00,165.00,198.00,165.00,198.00,199.00,147.00,199.00
153.00,167.00,203.00,167.00,203.00,201.00,153.00,201.00
146.00,159.00,195.00,159.00,195.00,192.00,146.00,192.00
162.00,170.00,213.00,170.00,213.00,204.00,162.00,204.00
165.00,172.00,215.00,172.00,215.00,206.00,165.00,206.00
166.00,174.00,217.00,174.00,217.00,208.00,166.00,208.00
169.00,176.00,220.00,176.00,220.00,210.00,169.00,210.00
174.00,178.00,225.00,178.00,225.00,212.00,174.00,212.00
178.00,179.00,228.00,179.00,228.00,213.00,178.00,213.00
2
0
0
0
0
1
165.00,178.00,203.00,178.00,203.00,209.00,165.00,209.00
166.00,175.00,206.00,175.00,206.00,207.00,166.00,207.00
178.00,177.00,218.00,177.00,218.00,209.00,178.00,209.00
181.00,179.00,220.00,179.00,220.00,212.00,181.00,212.00
185.00,183.00,225.00,183.00,225.00,215.00,185.00,215.00
184.00,180.00,224.00,180.00,224.00,212.00,184.00,212.00
196.00,181.00,234.00,181.00,234.00,213.00,196.00,213.00
212.00,183.00,250.00,183.00,250.00,214.00,212.00,214.00
214.00,184.00,253.00,184.00,253.00,215.00,214.00,215.00
2
0
0
0
0
1
199.00,191.00,233.00,191.00,233.00,231.00,199.00,231.00
203.00,193.00,237.00,193.00,237.00,232.00,203.00,232.00
205.00,194.00,239.00,194.00,239.00,234.00,205.00,234.00
210.00,197.00,243.00,197.00,243.00,236.00,210.00,236.00
214.00,200.00,246.00,200.00,246.00,239.00,214.00,239.00
215.00,202.00,248.00,202.00,248.00,242.00,215.00,242.00
218.00,206.00,252.00,206.00,252.00,246.00,218.00,246.00
218.00,211.00,252.00,211.00,252.00,251.00,218.00,251.00
226.00,205.00,259.00,205.00,259.00,244.00,226.00,244.00
230.00,204.00,263.00,204.00,263.00,242.00,230.00,242.00
235.00,211.00,267.00,211.00,267.00,249.00,235.00,249.00
236.00,214.00,269.00,214.00,269.00,253.00,236.00,253.00
244.00,216.00,277.00,216.00,277.00,254.00,244.00,254.00
251.00,217.00,284.00,217.00,284.00,256.00,251.00,256.00
254.00,217.00,288.00,217.00,288.00,257.00,254.00,257.00
256.00,217.00,292.00,217.00,292.00,258.00,256.00,258.00
260.00,219.00,295.00,219.00,295.00,260.00,260.00,260.00
241.00,226.00,276.00,226.00,276.00,269.00,241.00,269.00
244.00,232.00,280.00,232.00,280.00,274.00,244.00,274.00
246.00,235.00,282.00,235.00,282.00,277.00,246.00,277.00
242.00,222.00,276.00,222.00,276.00,263.00,242.00,263.00
244.00,224.00,278.00,224.00,278.00,264.00,244.00,264.00
248.00,226.00,282.00,226.00,282.00,267.00,248.00,267.00
253.00,229.00,287.00,229.00,287.00,269.00,253.00,269.00
257.00,233.00,291.00,233.00,291.00,273.00,257.00,273.00
260.00,237.00,294.00,237.00,294.00,277.00,260.00,277.00
262.00,238.00,295.00,238.00,295.00,277.00,262.00,277.00
261.00,242.00,293.00,242.00,293.00,281.00,261.00,281.00
259.00,248.00,291.00,248.00,291.00,286.00,259.00,286.00
264.00,246.00,297.00,246.00,297.00,284.00,264.00,284.00
265.00,249.00,298.00,249.00,298.00,287.00,265.00,287.00
267.00,251.00,301.00,251.00,301.00,291.00,267.00,291.00
260.00,249.00,293.00,249.00,293.00,288.00,260.00,288.00
261.00,251.00,294.00,251.00,294.00,290.00,261.00,290.00
265.00,253.00,299.00,253.00,299.00,293.00,265.00,293.00
262.00,271.00,295.00,271.00,295.00,310.00,262.00,310.00
264.00,275.00,297.00,275.00,297.00,314.00,264.00,314.00
262.00,270.00,295.00,270.00,295.00,308.00,262.00,308.00
264.00,268.00,295.00,268.00,295.00,306.00,264.00,306.00
265.00,270.00,295.00,270.00,295.00,306.00,265.00,306.00
265.00,273.00,295.00,273.00,295.00,309.00,265.00,309.00
263.00,275.00,293.00,275.00,293.00,310.00,263.00,310.00
258.00,268.00,289.00,268.00,289.00,303.00,258.00,303.00
259.00,268.00,290.00,268.00,290.00,305.00,259.00,305.00
261.00,270.00,293.00,270.00,293.00,308.00,261.00,308.00
263.00,272.00,294.00,272.00,294.00,309.00,263.00,309.00
262.00,277.00,294.00,277.00,294.00,315.00,262.00,315.00
261.00,286.00,294.00,286.00,294.00,325.00,261.00,325.00
259.00,288.00,293.00,288.00,293.00,328.00,259.00,328.00
259.00,291.00,294.00,291.00,294.00,332.00,259.00,332.00
257.00,294.00,293.00,294.00,293.00,336.00,257.00,336.00
270.00,288.00,307.00,288.00,307.00,331.00,270.00,331.00
268.00,288.00,306.00,288.00,306.00,333.00,268.00,333.00
266.00,287.00,305.00,287.00,305.00,333.00,266.00,333.00
264.00,290.00,303.00,290.00,303.00,335.00,264.00,335.00
292.00,266.00,329.00,266.00,329.00,310.00,292.00,310.00
296.00,269.00,333.00,269.00,333.00,313.00,296.00,313.00
296.00,269.00,334.00,269.00,334.00,314.00,296.00,314.00
297.00,272.00,335.00,272.00,335.00,317.00,297.00,317.00
2
0
0
0
0
1
242.00,337.00,303.00,337.00,303.00,362.00,242.00,362.00
242.00,341.00,301.00,341.00,301.00,365.00,242.00,365.00
255.00,341.00,312.00,341.00,312.00,364.00,255.00,364.00
241.00,354.00,296.00,354.00,296.00,377.00,241.00,377.00
249.00,328.00,303.00,328.00,303.00,351.00,249.00,351.00
2
0
0
0
0
1
243.00,349.00,291.00,349.00,291.00,375.00,243.00,375.00
249.00,345.00,295.00,345.00,295.00,370.00,249.00,370.00
254.00,354.00,300.00,354.00,300.00,378.00,254.00,378.00
258.00,351.00,304.00,351.00,304.00,376.00,258.00,376.00
259.00,349.00,307.00,349.00,307.00,374.00,259.00,374.00
259.00,348.00,307.00,348.00,307.00,373.00,259.00,373.00
261.00,345.00,307.00,345.00,307.00,370.00,261.00,370.00
263.00,347.00,310.00,347.00,310.00,371.00,263.00,371.00
264.00,344.00,312.00,344.00,312.00,370.00,264.00,370.00
269.00,343.00,317.00,343.00,317.00,369.00,269.00,369.00
