11.223,0,0,0,0,0,0,0,0,0,0,0,0,0,0
0.22832,0,0,0,0,0,0,0,0,0,0,0,0,0,0
0.1736,0,0,0,0,0,0,0,0,0,0,0,0,0,0
0.1091,0,0,0,0,0,0,0,0,0,0,0,0,0,0
0.13661,0,0,0,0,0,0,0,0,0,0,0,0,0,0
0.12356,0,0,0,0,0,0,0,0,0,0,0,0,0,0
0.31745,0,0,0,0,0,0,0,0,0,0,0,0,0,0
0.104,0,0,0,0,0,0,0,0,0,0,0,0,0,0
0.10252,0,0,0,0,0,0,0,0,0,0,0,0,0,0
0.10653,0,0,0,0,0,0,0,0,0,0,0,0,0,0
0.10343,0,0,0,0,0,0,0,0,0,0,0,0,0,0
0.10257,0,0,0,0,0,0,0,0,0,0,0,0,0,0
0.19126,0,0,0,0,0,0,0,0,0,0,0,0,0,0
0.11043,0,0,0,0,0,0,0,0,0,0,0,0,0,0
0.10512,0,0,0,0,0,0,0,0,0,0,0,0,0,0
0.10317,0,0,0,0,0,0,0,0,0,0,0,0,0,0
0.10118,0,0,0,0,0,0,0,0,0,0,0,0,0,0
0.10434,0,0,0,0,0,0,0,0,0,0,0,0,0,0
0.1918,0,0,0,0,0,0,0,0,0,0,0,0,0,0
0.10502,0,0,0,0,0,0,0,0,0,0,0,0,0,0
0.10764,0,0,0,0,0,0,0,0,0,0,0,0,0,0
0.10726,0,0,0,0,0,0,0,0,0,0,0,0,0,0
0.10904,0,0,0,0,0,0,0,0,0,0,0,0,0,0
0.10919,0,0,0,0,0,0,0,0,0,0,0,0,0,0
0.20063,0,0,0,0,0,0,0,0,0,0,0,0,0,0
0.10811,0,0,0,0,0,0,0,0,0,0,0,0,0,0
0.10569,0,0,0,0,0,0,0,0,0,0,0,0,0,0
0.10458,0,0,0,0,0,0,0,0,0,0,0,0,0,0
0.10397,0,0,0,0,0,0,0,0,0,0,0,0,0,0
0.10512,0,0,0,0,0,0,0,0,0,0,0,0,0,0
0.19619,0,0,0,0,0,0,0,0,0,0,0,0,0,0
0.10266,0,0,0,0,0,0,0,0,0,0,0,0,0,0
0.10319,0,0,0,0,0,0,0,0,0,0,0,0,0,0
0.10427,0,0,0,0,0,0,0,0,0,0,0,0,0,0
0.1045,0,0,0,0,0,0,0,0,0,0,0,0,0,0
0.10329,0,0,0,0,0,0,0,0,0,0,0,0,0,0
0.19259,0,0,0,0,0,0,0,0,0,0,0,0,0,0
0.10687,0,0,0,0,0,0,0,0,0,0,0,0,0,0
0.10513,0,0,0,0,0,0,0,0,0,0,0,0,0,0
0.10336,0,0,0,0,0,0,0,0,0,0,0,0,0,0
0.10478,0,0,0,0,0,0,0,0,0,0,0,0,0,0
0.10637,0,0,0,0,0,0,0,0,0,0,0,0,0,0
0.18883,0,0,0,0,0,0,0,0,0,0,0,0,0,0
0.10417,0,0,0,0,0,0,0,0,0,0,0,0,0,0
0.10465,0,0,0,0,0,0,0,0,0,0,0,0,0,0
0.10423,0,0,0,0,0,0,0,0,0,0,0,0,0,0
0.10461,0,0,0,0,0,0,0,0,0,0,0,0,0,0
0.10236,0,0,0,0,0,0,0,0,0,0,0,0,0,0
0.18996,0,0,0,0,0,0,0,0,0,0,0,0,0,0
0.10421,0,0,0,0,0,0,0,0,0,0,0,0,0,0
0.14669,0,0,0,0,0,0,0,0,0,0,0,0,0,0
0.10868,0,0,0,0,0,0,0,0,0,0,0,0,0,0
0.10751,0,0,0,0,0,0,0,0,0,0,0,0,0,0
0.10643,0,0,0,0,0,0,0,0,0,0,0,0,0,0
0.19825,0,0,0,0,0,0,0,0,0,0,0,0,0,0
0.1058,0,0,0,0,0,0,0,0,0,0,0,0,0,0
0.10574,0,0,0,0,0,0,0,0,0,0,0,0,0,0
0.10782,0,0,0,0,0,0,0,0,0,0,0,0,0,0
0.11211,0,0,0,0,0,0,0,0,0,0,0,0,0,0
0.10876,0,0,0,0,0,0,0,0,0,0,0,0,0,0
0.1811,0,0,0,0,0,0,0,0,0,0,0,0,0,0
0.099726,0,0,0,0,0,0,0,0,0,0,0,0,0,0
0.097685,0,0,0,0,0,0,0,0,0,0,0,0,0,0
0.10059,0,0,0,0,0,0,0,0,0,0,0,0,0,0
0.099641,0,0,0,0,0,0,0,0,0,0,0,0,0,0
0.099834,0,0,0,0,0,0,0,0,0,0,0,0,0,0
0.1744,0,0,0,0,0,0,0,0,0,0,0,0,0,0
0.099958,0,0,0,0,0,0,0,0,0,0,0,0,0,0
0.098578,0,0,0,0,0,0,0,0,0,0,0,0,0,0
0.099974,0,0,0,0,0,0,0,0,0,0,0,0,0,0
0.10052,0,0,0,0,0,0,0,0,0,0,0,0,0,0
0.10114,0,0,0,0,0,0,0,0,0,0,0,0,0,0
0.17286,0,0,0,0,0,0,0,0,0,0,0,0,0,0
0.10283,0,0,0,0,0,0,0,0,0,0,0,0,0,0
0.099802,0,0,0,0,0,0,0,0,0,0,0,0,0,0
0.098607,0,0,0,0,0,0,0,0,0,0,0,0,0,0
0.09974,0,0,0,0,0,0,0,0,0,0,0,0,0,0
0.10111,0,0,0,0,0,0,0,0,0,0,0,0,0,0
0.17892,0,0,0,0,0,0,0,0,0,0,0,0,0,0
0.10412,0,0,0,0,0,0,0,0,0,0,0,0,0,0
0.19988,0,0,0,0,0,0,0,0,0,0,0,0,0,0
0.12934,0,0,0,0,0,0,0,0,0,0,0,0,0,0
0.098165,0,0,0,0,0,0,0,0,0,0,0,0,0,0
0.099502,0,0,0,0,0,0,0,0,0,0,0,0,0,0
0.17214,0,0,0,0,0,0,0,0,0,0,0,0,0,0
0.10126,0,0,0,0,0,0,0,0,0,0,0,0,0,0
0.099342,0,0,0,0,0,0,0,0,0,0,0,0,0,0
0.099176,0,0,0,0,0,0,0,0,0,0,0,0,0,0
0.099142,0,0,0,0,0,0,0,0,0,0,0,0,0,0
0.099963,0,0,0,0,0,0,0,0,0,0,0,0,0,0
0.17674,0,0,0,0,0,0,0,0,0,0,0,0,0,0
0.10283,0,0,0,0,0,0,0,0,0,0,0,0,0,0
0.10204,0,0,0,0,0,0,0,0,0,0,0,0,0,0
0.10252,0,0,0,0,0,0,0,0,0,0,0,0,0,0
0.10073,0,0,0,0,0,0,0,0,0,0,0,0,0,0
0.10353,0,0,0,0,0,0,0,0,0,0,0,0,0,0
0.17931,0,0,0,0,0,0,0,0,0,0,0,0,0,0
0.10307,0,0,0,0,0,0,0,0,0,0,0,0,0,0
0.099874,0,0,0,0,0,0,0,0,0,0,0,0,0,0
0.10066,0,0,0,0,0,0,0,0,0,0,0,0,0,0
0.099421,0,0,0,0,0,0,0,0,0,0,0,0,0,0
0.10126,0,0,0,0,0,0,0,0,0,0,0,0,0,0
0.17561,0,0,0,0,0,0,0,0,0,0,0,0,0,0
0.10151,0,0,0,0,0,0,0,0,0,0,0,0,0,0
0.10235,0,0,0,0,0,0,0,0,0,0,0,0,0,0
0.10317,0,0,0,0,0,0,0,0,0,0,0,0,0,0
0.10279,0,0,0,0,0,0,0,0,0,0,0,0,0,0
0.1033,0,0,0,0,0,0,0,0,0,0,0,0,0,0
0.17968,0,0,0,0,0,0,0,0,0,0,0,0,0,0
0.10296,0,0,0,0,0,0,0,0,0,0,0,0,0,0
0.10163,0,0,0,0,0,0,0,0,0,0,0,0,0,0
0.10391,0,0,0,0,0,0,0,0,0,0,0,0,0,0
0.10186,0,0,0,0,0,0,0,0,0,0,0,0,0,0
0.10315,0,0,0,0,0,0,0,0,0,0,0,0,0,0
0.18129,0,0,0,0,0,0,0,0,0,0,0,0,0,0
0.10215,0,0,0,0,0,0,0,0,0,0,0,0,0,0
0.10341,0,0,0,0,0,0,0,0,0,0,0,0,0,0
0.10108,0,0,0,0,0,0,0,0,0,0,0,0,0,0
0.10056,0,0,0,0,0,0,0,0,0,0,0,0,0,0
0.10022,0,0,0,0,0,0,0,0,0,0,0,0,0,0
0.17728,0,0,0,0,0,0,0,0,0,0,0,0,0,0
0.10169,0,0,0,0,0,0,0,0,0,0,0,0,0,0
0.10291,0,0,0,0,0,0,0,0,0,0,0,0,0,0
0.10218,0,0,0,0,0,0,0,0,0,0,0,0,0,0
0.099987,0,0,0,0,0,0,0,0,0,0,0,0,0,0
0.10179,0,0,0,0,0,0,0,0,0,0,0,0,0,0
0.17709,0,0,0,0,0,0,0,0,0,0,0,0,0,0
0.10432,0,0,0,0,0,0,0,0,0,0,0,0,0,0
0.10343,0,0,0,0,0,0,0,0,0,0,0,0,0,0
0.10211,0,0,0,0,0,0,0,0,0,0,0,0,0,0
0.10345,0,0,0,0,0,0,0,0,0,0,0,0,0,0
0.1019,0,0,0,0,0,0,0,0,0,0,0,0,0,0
0.17908,0,0,0,0,0,0,0,0,0,0,0,0,0,0
0.10088,0,0,0,0,0,0,0,0,0,0,0,0,0,0
0.10401,0,0,0,0,0,0,0,0,0,0,0,0,0,0
0.10393,0,0,0,0,0,0,0,0,0,0,0,0,0,0
0.10493,0,0,0,0,0,0,0,0,0,0,0,0,0,0
0.10199,0,0,0,0,0,0,0,0,0,0,0,0,0,0
0.1806,0,0,0,0,0,0,0,0,0,0,0,0,0,0
0.10241,0,0,0,0,0,0,0,0,0,0,0,0,0,0
0.10524,0,0,0,0,0,0,0,0,0,0,0,0,0,0
0.11244,0,0,0,0,0,0,0,0,0,0,0,0,0,0
0.10633,0,0,0,0,0,0,0,0,0,0,0,0,0,0
0.10243,0,0,0,0,0,0,0,0,0,0,0,0,0,0
0.17684,0,0,0,0,0,0,0,0,0,0,0,0,0,0
0.10167,0,0,0,0,0,0,0,0,0,0,0,0,0,0
0.097408,0,0,0,0,0,0,0,0,0,0,0,0,0,0
0.10029,0,0,0,0,0,0,0,0,0,0,0,0,0,0
0.10035,0,0,0,0,0,0,0,0,0,0,0,0,0,0
0.10268,0,0,0,0,0,0,0,0,0,0,0,0,0,0
0.17655,0,0,0,0,0,0,0,0,0,0,0,0,0,0
0.10673,0,0,0,0,0,0,0,0,0,0,0,0,0,0
0.19156,0,0,0,0,0,0,0,0,0,0,0,0,0,0
0.14914,0,0,0,0,0,0,0,0,0,0,0,0,0,0
0.10663,0,0,0,0,0,0,0,0,0,0,0,0,0,0
0.106,0,0,0,0,0,0,0,0,0,0,0,0,0,0
0.18954,0,0,0,0,0,0,0,0,0,0,0,0,0,0
0.1036,0,0,0,0,0,0,0,0,0,0,0,0,0,0
0.098626,0,0,0,0,0,0,0,0,0,0,0,0,0,0
0.098928,0,0,0,0,0,0,0,0,0,0,0,0,0,0
0.097671,0,0,0,0,0,0,0,0,0,0,0,0,0,0
0.098521,0,0,0,0,0,0,0,0,0,0,0,0,0,0
0.1719,0,0,0,0,0,0,0,0,0,0,0,0,0,0
0.098759,0,0,0,0,0,0,0,0,0,0,0,0,0,0
0.096716,0,0,0,0,0,0,0,0,0,0,0,0,0,0
0.10304,0,0,0,0,0,0,0,0,0,0,0,0,0,0
0.10033,0,0,0,0,0,0,0,0,0,0,0,0,0,0
0.095767,0,0,0,0,0,0,0,0,0,0,0,0,0,0
0.17374,0,0,0,0,0,0,0,0,0,0,0,0,0,0
0.0993,0,0,0,0,0,0,0,0,0,0,0,0,0,0
0.10229,0,0,0,0,0,0,0,0,0,0,0,0,0,0
0.10003,0,0,0,0,0,0,0,0,0,0,0,0,0,0
0.098641,0,0,0,0,0,0,0,0,0,0,0,0,0,0
0.096037,0,0,0,0,0,0,0,0,0,0,0,0,0,0
0.1717,0,0,0,0,0,0,0,0,0,0,0,0,0,0
0.095062,0,0,0,0,0,0,0,0,0,0,0,0,0,0
0.09782,0,0,0,0,0,0,0,0,0,0,0,0,0,0
0.097029,0,0,0,0,0,0,0,0,0,0,0,0,0,0
0.09623,0,0,0,0,0,0,0,0,0,0,0,0,0,0
0.099803,0,0,0,0,0,0,0,0,0,0,0,0,0,0
0.1755,0,0,0,0,0,0,0,0,0,0,0,0,0,0
0.10259,0,0,0,0,0,0,0,0,0,0,0,0,0,0
0.097636,0,0,0,0,0,0,0,0,0,0,0,0,0,0
0.098241,0,0,0,0,0,0,0,0,0,0,0,0,0,0
0.094629,0,0,0,0,0,0,0,0,0,0,0,0,0,0
0.094603,0,0,0,0,0,0,0,0,0,0,0,0,0,0
0.17614,0,0,0,0,0,0,0,0,0,0,0,0,0,0
0.098534,0,0,0,0,0,0,0,0,0,0,0,0,0,0
0.10134,0,0,0,0,0,0,0,0,0,0,0,0,0,0
0.098646,0,0,0,0,0,0,0,0,0,0,0,0,0,0
0.099311,0,0,0,0,0,0,0,0,0,0,0,0,0,0
0.10049,0,0,0,0,0,0,0,0,0,0,0,0,0,0
0.17609,0,0,0,0,0,0,0,0,0,0,0,0,0,0
0.099237,0,0,0,0,0,0,0,0,0,0,0,0,0,0
0.10248,0,0,0,0,0,0,0,0,0,0,0,0,0,0
0.10147,0,0,0,0,0,0,0,0,0,0,0,0,0,0
0.10116,0,0,0,0,0,0,0,0,0,0,0,0,0,0
0.10411,0,0,0,0,0,0,0,0,0,0,0,0,0,0
0.18176,0,0,0,0,0,0,0,0,0,0,0,0,0,0
0.099581,0,0,0,0,0,0,0,0,0,0,0,0,0,0
0.10059,0,0,0,0,0,0,0,0,0,0,0,0,0,0
0.099665,0,0,0,0,0,0,0,0,0,0,0,0,0,0
0.10525,0,0,0,0,0,0,0,0,0,0,0,0,0,0
0.10231,0,0,0,0,0,0,0,0,0,0,0,0,0,0
0.17775,0,0,0,0,0,0,0,0,0,0,0,0,0,0
0.10289,0,0,0,0,0,0,0,0,0,0,0,0,0,0
0.10232,0,0,0,0,0,0,0,0,0,0,0,0,0,0
0.10622,0,0,0,0,0,0,0,0,0,0,0,0,0,0
0.10192,0,0,0,0,0,0,0,0,0,0,0,0,0,0
0.10589,0,0,0,0,0,0,0,0,0,0,0,0,0,0
0.18762,0,0,0,0,0,0,0,0,0,0,0,0,0,0
0.10445,0,0,0,0,0,0,0,0,0,0,0,0,0,0
0.10785,0,0,0,0,0,0,0,0,0,0,0,0,0,0
0.10668,0,0,0,0,0,0,0,0,0,0,0,0,0,0
0.10319,0,0,0,0,0,0,0,0,0,0,0,0,0,0
0.10373,0,0,0,0,0,0,0,0,0,0,0,0,0,0
0.1854,0,0,0,0,0,0,0,0,0,0,0,0,0,0
0.10401,0,0,0,0,0,0,0,0,0,0,0,0,0,0
0.10594,0,0,0,0,0,0,0,0,0,0,0,0,0,0
0.10411,0,0,0,0,0,0,0,0,0,0,0,0,0,0
0.1062,0,0,0,0,0,0,0,0,0,0,0,0,0,0
0.10466,0,0,0,0,0,0,0,0,0,0,0,0,0,0
0.18976,0,0,0,0,0,0,0,0,0,0,0,0,0,0
0.10573,0,0,0,0,0,0,0,0,0,0,0,0,0,0
0.10589,0,0,0,0,0,0,0,0,0,0,0,0,0,0
0.10769,0,0,0,0,0,0,0,0,0,0,0,0,0,0
0.10143,0,0,0,0,0,0,0,0,0,0,0,0,0,0
0.10593,0,0,0,0,0,0,0,0,0,0,0,0,0,0
0.18659,0,0,0,0,0,0,0,0,0,0,0,0,0,0
0.10277,0,0,0,0,0,0,0,0,0,0,0,0,0,0
0.10827,0,0,0,0,0,0,0,0,0,0,0,0,0,0
0.10486,0,0,0,0,0,0,0,0,0,0,0,0,0,0
0.10443,0,0,0,0,0,0,0,0,0,0,0,0,0,0
0.10456,0,0,0,0,0,0,0,0,0,0,0,0,0,0
0.18796,0,0,0,0,0,0,0,0,0,0,0,0,0,0
0.10125,0,0,0,0,0,0,0,0,0,0,0,0,0,0
0.10096,0,0,0,0,0,0,0,0,0,0,0,0,0,0
0.10243,0,0,0,0,0,0,0,0,0,0,0,0,0,0
0.10243,0,0,0,0,0,0,0,0,0,0,0,0,0,0
0.10728,0,0,0,0,0,0,0,0,0,0,0,0,0,0
0.1884,0,0,0,0,0,0,0,0,0,0,0,0,0,0
0.10169,0,0,0,0,0,0,0,0,0,0,0,0,0,0
0.10423,0,0,0,0,0,0,0,0,0,0,0,0,0,0
0.10548,0,0,0,0,0,0,0,0,0,0,0,0,0,0
0.10532,0,0,0,0,0,0,0,0,0,0,0,0,0,0
NaN,0,0,0,0,0,0,0,0,0,0,0,0,0,0
NaN,0,0,0,0,0,0,0,0,0,0,0,0,0,0
NaN,0,0,0,0,0,0,0,0,0,0,0,0,0,0
NaN,0,0,0,0,0,0,0,0,0,0,0,0,0,0
11.193,0,0,0,0,0,0,0,0,0,0,0,0,0,0
0.22973,0,0,0,0,0,0,0,0,0,0,0,0,0,0
0.17869,0,0,0,0,0,0,0,0,0,0,0,0,0,0
0.10796,0,0,0,0,0,0,0,0,0,0,0,0,0,0
0.13776,0,0,0,0,0,0,0,0,0,0,0,0,0,0
0.12128,0,0,0,0,0,0,0,0,0,0,0,0,0,0
0.31883,0,0,0,0,0,0,0,0,0,0,0,0,0,0
0.10496,0,0,0,0,0,0,0,0,0,0,0,0,0,0
0.10073,0,0,0,0,0,0,0,0,0,0,0,0,0,0
0.10201,0,0,0,0,0,0,0,0,0,0,0,0,0,0
0.1021,0,0,0,0,0,0,0,0,0,0,0,0,0,0
0.10015,0,0,0,0,0,0,0,0,0,0,0,0,0,0
0.19325,0,0,0,0,0,0,0,0,0,0,0,0,0,0
0.098357,0,0,0,0,0,0,0,0,0,0,0,0,0,0
0.1,0,0,0,0,0,0,0,0,0,0,0,0,0,0
0.098354,0,0,0,0,0,0,0,0,0,0,0,0,0,0
0.10002,0,0,0,0,0,0,0,0,0,0,0,0,0,0
0.099902,0,0,0,0,0,0,0,0,0,0,0,0,0,0
0.18248,0,0,0,0,0,0,0,0,0,0,0,0,0,0
0.10068,0,0,0,0,0,0,0,0,0,0,0,0,0,0
0.10045,0,0,0,0,0,0,0,0,0,0,0,0,0,0
0.10024,0,0,0,0,0,0,0,0,0,0,0,0,0,0
0.10111,0,0,0,0,0,0,0,0,0,0,0,0,0,0
0.20368,0,0,0,0,0,0,0,0,0,0,0,0,0,0
0.22648,0,0,0,0,0,0,0,0,0,0,0,0,0,0
0.10608,0,0,0,0,0,0,0,0,0,0,0,0,0,0
0.10299,0,0,0,0,0,0,0,0,0,0,0,0,0,0
0.10413,0,0,0,0,0,0,0,0,0,0,0,0,0,0
0.10368,0,0,0,0,0,0,0,0,0,0,0,0,0,0
0.097988,0,0,0,0,0,0,0,0,0,0,0,0,0,0
0.1817,0,0,0,0,0,0,0,0,0,0,0,0,0,0
0.097799,0,0,0,0,0,0,0,0,0,0,0,0,0,0
0.09725,0,0,0,0,0,0,0,0,0,0,0,0,0,0
0.09657,0,0,0,0,0,0,0,0,0,0,0,0,0,0
0.097194,0,0,0,0,0,0,0,0,0,0,0,0,0,0
0.098289,0,0,0,0,0,0,0,0,0,0,0,0,0,0
0.17695,0,0,0,0,0,0,0,0,0,0,0,0,0,0
0.097692,0,0,0,0,0,0,0,0,0,0,0,0,0,0
0.095746,0,0,0,0,0,0,0,0,0,0,0,0,0,0
0.095543,0,0,0,0,0,0,0,0,0,0,0,0,0,0
0.095357,0,0,0,0,0,0,0,0,0,0,0,0,0,0
0.095592,0,0,0,0,0,0,0,0,0,0,0,0,0,0
0.17488,0,0,0,0,0,0,0,0,0,0,0,0,0,0
0.094902,0,0,0,0,0,0,0,0,0,0,0,0,0,0
0.096326,0,0,0,0,0,0,0,0,0,0,0,0,0,0
0.094097,0,0,0,0,0,0,0,0,0,0,0,0,0,0
0.096536,0,0,0,0,0,0,0,0,0,0,0,0,0,0
0.099171,0,0,0,0,0,0,0,0,0,0,0,0,0,0
0.18263,0,0,0,0,0,0,0,0,0,0,0,0,0,0
0.099049,0,0,0,0,0,0,0,0,0,0,0,0,0,0
0.13764,0,0,0,0,0,0,0,0,0,0,0,0,0,0
0.098735,0,0,0,0,0,0,0,0,0,0,0,0,0,0
0.09715,0,0,0,0,0,0,0,0,0,0,0,0,0,0
0.09703,0,0,0,0,0,0,0,0,0,0,0,0,0,0
0.17997,0,0,0,0,0,0,0,0,0,0,0,0,0,0
0.095696,0,0,0,0,0,0,0,0,0,0,0,0,0,0
0.094133,0,0,0,0,0,0,0,0,0,0,0,0,0,0
0.09781,0,0,0,0,0,0,0,0,0,0,0,0,0,0
0.095543,0,0,0,0,0,0,0,0,0,0,0,0,0,0
0.095373,0,0,0,0,0,0,0,0,0,0,0,0,0,0
0.18156,0,0,0,0,0,0,0,0,0,0,0,0,0,0
0.097146,0,0,0,0,0,0,0,0,0,0,0,0,0,0
0.098206,0,0,0,0,0,0,0,0,0,0,0,0,0,0
0.097315,0,0,0,0,0,0,0,0,0,0,0,0,0,0
0.10146,0,0,0,0,0,0,0,0,0,0,0,0,0,0
0.09712,0,0,0,0,0,0,0,0,0,0,0,0,0,0
0.18388,0,0,0,0,0,0,0,0,0,0,0,0,0,0
0.1007,0,0,0,0,0,0,0,0,0,0,0,0,0,0
0.10025,0,0,0,0,0,0,0,0,0,0,0,0,0,0
0.0957,0,0,0,0,0,0,0,0,0,0,0,0,0,0
0.097258,0,0,0,0,0,0,0,0,0,0,0,0,0,0
0.10012,0,0,0,0,0,0,0,0,0,0,0,0,0,0
0.19133,0,0,0,0,0,0,0,0,0,0,0,0,0,0
0.094772,0,0,0,0,0,0,0,0,0,0,0,0,0,0
0.094792,0,0,0,0,0,0,0,0,0,0,0,0,0,0
0.096711,0,0,0,0,0,0,0,0,0,0,0,0,0,0
0.097239,0,0,0,0,0,0,0,0,0,0,0,0,0,0
0.096532,0,0,0,0,0,0,0,0,0,0,0,0,0,0
0.17902,0,0,0,0,0,0,0,0,0,0,0,0,0,0
0.098401,0,0,0,0,0,0,0,0,0,0,0,0,0,0
0.097426,0,0,0,0,0,0,0,0,0,0,0,0,0,0
0.097729,0,0,0,0,0,0,0,0,0,0,0,0,0,0
0.099583,0,0,0,0,0,0,0,0,0,0,0,0,0,0
0.10015,0,0,0,0,0,0,0,0,0,0,0,0,0,0
0.18215,0,0,0,0,0,0,0,0,0,0,0,0,0,0
0.099785,0,0,0,0,0,0,0,0,0,0,0,0,0,0
0.099711,0,0,0,0,0,0,0,0,0,0,0,0,0,0
0.098005,0,0,0,0,0,0,0,0,0,0,0,0,0,0
0.099624,0,0,0,0,0,0,0,0,0,0,0,0,0,0
0.10019,0,0,0,0,0,0,0,0,0,0,0,0,0,0
0.18475,0,0,0,0,0,0,0,0,0,0,0,0,0,0
0.099381,0,0,0,0,0,0,0,0,0,0,0,0,0,0
0.10016,0,0,0,0,0,0,0,0,0,0,0,0,0,0
0.10054,0,0,0,0,0,0,0,0,0,0,0,0,0,0
0.10154,0,0,0,0,0,0,0,0,0,0,0,0,0,0
0.10162,0,0,0,0,0,0,0,0,0,0,0,0,0,0
0.18769,0,0,0,0,0,0,0,0,0,0,0,0,0,0
0.099228,0,0,0,0,0,0,0,0,0,0,0,0,0,0
0.10084,0,0,0,0,0,0,0,0,0,0,0,0,0,0
0.099801,0,0,0,0,0,0,0,0,0,0,0,0,0,0
0.10078,0,0,0,0,0,0,0,0,0,0,0,0,0,0
0.10056,0,0,0,0,0,0,0,0,0,0,0,0,0,0
0.18677,0,0,0,0,0,0,0,0,0,0,0,0,0,0
0.10113,0,0,0,0,0,0,0,0,0,0,0,0,0,0
0.10367,0,0,0,0,0,0,0,0,0,0,0,0,0,0
0.10205,0,0,0,0,0,0,0,0,0,0,0,0,0,0
0.10071,0,0,0,0,0,0,0,0,0,0,0,0,0,0
0.098496,0,0,0,0,0,0,0,0,0,0,0,0,0,0
0.18669,0,0,0,0,0,0,0,0,0,0,0,0,0,0
0.1017,0,0,0,0,0,0,0,0,0,0,0,0,0,0
0.10066,0,0,0,0,0,0,0,0,0,0,0,0,0,0
0.10048,0,0,0,0,0,0,0,0,0,0,0,0,0,0
0.10186,0,0,0,0,0,0,0,0,0,0,0,0,0,0
0.10166,0,0,0,0,0,0,0,0,0,0,0,0,0,0
0.18607,0,0,0,0,0,0,0,0,0,0,0,0,0,0
0.10111,0,0,0,0,0,0,0,0,0,0,0,0,0,0
0.10379,0,0,0,0,0,0,0,0,0,0,0,0,0,0
0.10455,0,0,0,0,0,0,0,0,0,0,0,0,0,0
0.10239,0,0,0,0,0,0,0,0,0,0,0,0,0,0
0.1019,0,0,0,0,0,0,0,0,0,0,0,0,0,0
0.18796,0,0,0,0,0,0,0,0,0,0,0,0,0,0
0.10278,0,0,0,0,0,0,0,0,0,0,0,0,0,0
0.10225,0,0,0,0,0,0,0,0,0,0,0,0,0,0
0.10146,0,0,0,0,0,0,0,0,0,0,0,0,0,0
0.10294,0,0,0,0,0,0,0,0,0,0,0,0,0,0
0.10307,0,0,0,0,0,0,0,0,0,0,0,0,0,0
0.18694,0,0,0,0,0,0,0,0,0,0,0,0,0,0
0.10002,0,0,0,0,0,0,0,0,0,0,0,0,0,0
0.10046,0,0,0,0,0,0,0,0,0,0,0,0,0,0
0.10594,0,0,0,0,0,0,0,0,0,0,0,0,0,0
0.10188,0,0,0,0,0,0,0,0,0,0,0,0,0,0
0.10026,0,0,0,0,0,0,0,0,0,0,0,0,0,0
0.18594,0,0,0,0,0,0,0,0,0,0,0,0,0,0
0.10313,0,0,0,0,0,0,0,0,0,0,0,0,0,0
0.10714,0,0,0,0,0,0,0,0,0,0,0,0,0,0
0.10499,0,0,0,0,0,0,0,0,0,0,0,0,0,0
0.10322,0,0,0,0,0,0,0,0,0,0,0,0,0,0
0.10499,0,0,0,0,0,0,0,0,0,0,0,0,0,0
0.19047,0,0,0,0,0,0,0,0,0,0,0,0,0,0
0.10397,0,0,0,0,0,0,0,0,0,0,0,0,0,0
0.10897,0,0,0,0,0,0,0,0,0,0,0,0,0,0
0.10155,0,0,0,0,0,0,0,0,0,0,0,0,0,0
0.10089,0,0,0,0,0,0,0,0,0,0,0,0,0,0
0.10127,0,0,0,0,0,0,0,0,0,0,0,0,0,0
0.19304,0,0,0,0,0,0,0,0,0,0,0,0,0,0
0.10151,0,0,0,0,0,0,0,0,0,0,0,0,0,0
0.10579,0,0,0,0,0,0,0,0,0,0,0,0,0,0
0.10286,0,0,0,0,0,0,0,0,0,0,0,0,0,0
0.10707,0,0,0,0,0,0,0,0,0,0,0,0,0,0
0.1076,0,0,0,0,0,0,0,0,0,0,0,0,0,0
0.19566,0,0,0,0,0,0,0,0,0,0,0,0,0,0
0.10406,0,0,0,0,0,0,0,0,0,0,0,0,0,0
0.10609,0,0,0,0,0,0,0,0,0,0,0,0,0,0
0.10755,0,0,0,0,0,0,0,0,0,0,0,0,0,0
0.10809,0,0,0,0,0,0,0,0,0,0,0,0,0,0
0.10456,0,0,0,0,0,0,0,0,0,0,0,0,0,0
0.1893,0,0,0,0,0,0,0,0,0,0,0,0,0,0
0.10362,0,0,0,0,0,0,0,0,0,0,0,0,0,0
0.10818,0,0,0,0,0,0,0,0,0,0,0,0,0,0
0.10396,0,0,0,0,0,0,0,0,0,0,0,0,0,0
0.10529,0,0,0,0,0,0,0,0,0,0,0,0,0,0
0.10628,0,0,0,0,0,0,0,0,0,0,0,0,0,0
0.19284,0,0,0,0,0,0,0,0,0,0,0,0,0,0
0.10534,0,0,0,0,0,0,0,0,0,0,0,0,0,0
0.10306,0,0,0,0,0,0,0,0,0,0,0,0,0,0
0.10654,0,0,0,0,0,0,0,0,0,0,0,0,0,0
0.10298,0,0,0,0,0,0,0,0,0,0,0,0,0,0
0.10677,0,0,0,0,0,0,0,0,0,0,0,0,0,0
0.19254,0,0,0,0,0,0,0,0,0,0,0,0,0,0
0.10145,0,0,0,0,0,0,0,0,0,0,0,0,0,0
0.10375,0,0,0,0,0,0,0,0,0,0,0,0,0,0
0.10209,0,0,0,0,0,0,0,0,0,0,0,0,0,0
0.10615,0,0,0,0,0,0,0,0,0,0,0,0,0,0
0.10571,0,0,0,0,0,0,0,0,0,0,0,0,0,0
0.19456,0,0,0,0,0,0,0,0,0,0,0,0,0,0
0.10688,0,0,0,0,0,0,0,0,0,0,0,0,0,0
0.10786,0,0,0,0,0,0,0,0,0,0,0,0,0,0
0.10496,0,0,0,0,0,0,0,0,0,0,0,0,0,0
0.10321,0,0,0,0,0,0,0,0,0,0,0,0,0,0
0.10294,0,0,0,0,0,0,0,0,0,0,0,0,0,0
0.1975,0,0,0,0,0,0,0,0,0,0,0,0,0,0
0.10926,0,0,0,0,0,0,0,0,0,0,0,0,0,0
0.10539,0,0,0,0,0,0,0,0,0,0,0,0,0,0
0.10642,0,0,0,0,0,0,0,0,0,0,0,0,0,0
0.109,0,0,0,0,0,0,0,0,0,0,0,0,0,0
0.10659,0,0,0,0,0,0,0,0,0,0,0,0,0,0
0.19645,0,0,0,0,0,0,0,0,0,0,0,0,0,0
0.10299,0,0,0,0,0,0,0,0,0,0,0,0,0,0
0.10437,0,0,0,0,0,0,0,0,0,0,0,0,0,0
0.10527,0,0,0,0,0,0,0,0,0,0,0,0,0,0
0.10691,0,0,0,0,0,0,0,0,0,0,0,0,0,0
0.10326,0,0,0,0,0,0,0,0,0,0,0,0,0,0
0.19368,0,0,0,0,0,0,0,0,0,0,0,0,0,0
0.10398,0,0,0,0,0,0,0,0,0,0,0,0,0,0
0.10342,0,0,0,0,0,0,0,0,0,0,0,0,0,0
0.1078,0,0,0,0,0,0,0,0,0,0,0,0,0,0
0.10056,0,0,0,0,0,0,0,0,0,0,0,0,0,0
0.10566,0,0,0,0,0,0,0,0,0,0,0,0,0,0
0.19083,0,0,0,0,0,0,0,0,0,0,0,0,0,0
0.10898,0,0,0,0,0,0,0,0,0,0,0,0,0,0
0.10255,0,0,0,0,0,0,0,0,0,0,0,0,0,0
0.11409,0,0,0,0,0,0,0,0,0,0,0,0,0,0
NaN,0,0,0,0,0,0,0,0,0,0,0,0,0,0
NaN,0,0,0,0,0,0,0,0,0,0,0,0,0,0
NaN,0,0,0,0,0,0,0,0,0,0,0,0,0,0
NaN,0,0,0,0,0,0,0,0,0,0,0,0,0,0
11.906,0,0,0,0,0,0,0,0,0,0,0,0,0,0
0.24183,0,0,0,0,0,0,0,0,0,0,0,0,0,0
0.18492,0,0,0,0,0,0,0,0,0,0,0,0,0,0
0.11367,0,0,0,0,0,0,0,0,0,0,0,0,0,0
0.14274,0,0,0,0,0,0,0,0,0,0,0,0,0,0
0.13045,0,0,0,0,0,0,0,0,0,0,0,0,0,0
0.34445,0,0,0,0,0,0,0,0,0,0,0,0,0,0
0.11253,0,0,0,0,0,0,0,0,0,0,0,0,0,0
0.1039,0,0,0,0,0,0,0,0,0,0,0,0,0,0
0.10168,0,0,0,0,0,0,0,0,0,0,0,0,0,0
0.10006,0,0,0,0,0,0,0,0,0,0,0,0,0,0
0.10512,0,0,0,0,0,0,0,0,0,0,0,0,0,0
0.20684,0,0,0,0,0,0,0,0,0,0,0,0,0,0
0.10548,0,0,0,0,0,0,0,0,0,0,0,0,0,0
0.10651,0,0,0,0,0,0,0,0,0,0,0,0,0,0
0.11233,0,0,0,0,0,0,0,0,0,0,0,0,0,0
0.10833,0,0,0,0,0,0,0,0,0,0,0,0,0,0
0.10322,0,0,0,0,0,0,0,0,0,0,0,0,0,0
0.1917,0,0,0,0,0,0,0,0,0,0,0,0,0,0
0.10721,0,0,0,0,0,0,0,0,0,0,0,0,0,0
0.11346,0,0,0,0,0,0,0,0,0,0,0,0,0,0
0.10491,0,0,0,0,0,0,0,0,0,0,0,0,0,0
0.10751,0,0,0,0,0,0,0,0,0,0,0,0,0,0
0.10407,0,0,0,0,0,0,0,0,0,0,0,0,0,0
0.19709,0,0,0,0,0,0,0,0,0,0,0,0,0,0
0.10447,0,0,0,0,0,0,0,0,0,0,0,0,0,0
0.10902,0,0,0,0,0,0,0,0,0,0,0,0,0,0
0.099417,0,0,0,0,0,0,0,0,0,0,0,0,0,0
0.10528,0,0,0,0,0,0,0,0,0,0,0,0,0,0
0.10463,0,0,0,0,0,0,0,0,0,0,0,0,0,0
0.20031,0,0,0,0,0,0,0,0,0,0,0,0,0,0
0.10594,0,0,0,0,0,0,0,0,0,0,0,0,0,0
0.10303,0,0,0,0,0,0,0,0,0,0,0,0,0,0
0.1027,0,0,0,0,0,0,0,0,0,0,0,0,0,0
0.10678,0,0,0,0,0,0,0,0,0,0,0,0,0,0
0.10253,0,0,0,0,0,0,0,0,0,0,0,0,0,0
0.20003,0,0,0,0,0,0,0,0,0,0,0,0,0,0
0.10146,0,0,0,0,0,0,0,0,0,0,0,0,0,0
0.10618,0,0,0,0,0,0,0,0,0,0,0,0,0,0
0.10263,0,0,0,0,0,0,0,0,0,0,0,0,0,0
0.1031,0,0,0,0,0,0,0,0,0,0,0,0,0,0
0.10649,0,0,0,0,0,0,0,0,0,0,0,0,0,0
0.19454,0,0,0,0,0,0,0,0,0,0,0,0,0,0
0.10461,0,0,0,0,0,0,0,0,0,0,0,0,0,0
0.10651,0,0,0,0,0,0,0,0,0,0,0,0,0,0
0.10458,0,0,0,0,0,0,0,0,0,0,0,0,0,0
0.10487,0,0,0,0,0,0,0,0,0,0,0,0,0,0
0.10921,0,0,0,0,0,0,0,0,0,0,0,0,0,0
0.19188,0,0,0,0,0,0,0,0,0,0,0,0,0,0
0.10562,0,0,0,0,0,0,0,0,0,0,0,0,0,0
0.1509,0,0,0,0,0,0,0,0,0,0,0,0,0,0
0.12067,0,0,0,0,0,0,0,0,0,0,0,0,0,0
0.10908,0,0,0,0,0,0,0,0,0,0,0,0,0,0
0.10857,0,0,0,0,0,0,0,0,0,0,0,0,0,0
0.20079,0,0,0,0,0,0,0,0,0,0,0,0,0,0
0.10665,0,0,0,0,0,0,0,0,0,0,0,0,0,0
0.10827,0,0,0,0,0,0,0,0,0,0,0,0,0,0
0.11029,0,0,0,0,0,0,0,0,0,0,0,0,0,0
0.12456,0,0,0,0,0,0,0,0,0,0,0,0,0,0
0.10766,0,0,0,0,0,0,0,0,0,0,0,0,0,0
0.19448,0,0,0,0,0,0,0,0,0,0,0,0,0,0
0.1058,0,0,0,0,0,0,0,0,0,0,0,0,0,0
0.10623,0,0,0,0,0,0,0,0,0,0,0,0,0,0
0.10258,0,0,0,0,0,0,0,0,0,0,0,0,0,0
0.11009,0,0,0,0,0,0,0,0,0,0,0,0,0,0
0.10429,0,0,0,0,0,0,0,0,0,0,0,0,0,0
0.19757,0,0,0,0,0,0,0,0,0,0,0,0,0,0
0.10866,0,0,0,0,0,0,0,0,0,0,0,0,0,0
0.10807,0,0,0,0,0,0,0,0,0,0,0,0,0,0
0.10728,0,0,0,0,0,0,0,0,0,0,0,0,0,0
0.10778,0,0,0,0,0,0,0,0,0,0,0,0,0,0
0.11114,0,0,0,0,0,0,0,0,0,0,0,0,0,0
0.19437,0,0,0,0,0,0,0,0,0,0,0,0,0,0
0.10529,0,0,0,0,0,0,0,0,0,0,0,0,0,0
0.10477,0,0,0,0,0,0,0,0,0,0,0,0,0,0
0.10896,0,0,0,0,0,0,0,0,0,0,0,0,0,0
0.10702,0,0,0,0,0,0,0,0,0,0,0,0,0,0
0.10757,0,0,0,0,0,0,0,0,0,0,0,0,0,0
0.19641,0,0,0,0,0,0,0,0,0,0,0,0,0,0
0.10162,0,0,0,0,0,0,0,0,0,0,0,0,0,0
0.108,0,0,0,0,0,0,0,0,0,0,0,0,0,0
0.10948,0,0,0,0,0,0,0,0,0,0,0,0,0,0
0.1101,0,0,0,0,0,0,0,0,0,0,0,0,0,0
0.10531,0,0,0,0,0,0,0,0,0,0,0,0,0,0
0.19838,0,0,0,0,0,0,0,0,0,0,0,0,0,0
0.10931,0,0,0,0,0,0,0,0,0,0,0,0,0,0
0.10654,0,0,0,0,0,0,0,0,0,0,0,0,0,0
0.10617,0,0,0,0,0,0,0,0,0,0,0,0,0,0
0.10901,0,0,0,0,0,0,0,0,0,0,0,0,0,0
0.10555,0,0,0,0,0,0,0,0,0,0,0,0,0,0
0.19734,0,0,0,0,0,0,0,0,0,0,0,0,0,0
0.10089,0,0,0,0,0,0,0,0,0,0,0,0,0,0
0.10919,0,0,0,0,0,0,0,0,0,0,0,0,0,0
0.10289,0,0,0,0,0,0,0,0,0,0,0,0,0,0
0.1056,0,0,0,0,0,0,0,0,0,0,0,0,0,0
0.10543,0,0,0,0,0,0,0,0,0,0,0,0,0,0
0.19486,0,0,0,0,0,0,0,0,0,0,0,0,0,0
0.10356,0,0,0,0,0,0,0,0,0,0,0,0,0,0
0.11452,0,0,0,0,0,0,0,0,0,0,0,0,0,0
0.10436,0,0,0,0,0,0,0,0,0,0,0,0,0,0
0.10595,0,0,0,0,0,0,0,0,0,0,0,0,0,0
0.10471,0,0,0,0,0,0,0,0,0,0,0,0,0,0
0.19782,0,0,0,0,0,0,0,0,0,0,0,0,0,0
0.10163,0,0,0,0,0,0,0,0,0,0,0,0,0,0
0.10909,0,0,0,0,0,0,0,0,0,0,0,0,0,0
0.10506,0,0,0,0,0,0,0,0,0,0,0,0,0,0
0.10727,0,0,0,0,0,0,0,0,0,0,0,0,0,0
0.10429,0,0,0,0,0,0,0,0,0,0,0,0,0,0
0.19304,0,0,0,0,0,0,0,0,0,0,0,0,0,0
0.10655,0,0,0,0,0,0,0,0,0,0,0,0,0,0
0.11229,0,0,0,0,0,0,0,0,0,0,0,0,0,0
0.10514,0,0,0,0,0,0,0,0,0,0,0,0,0,0
0.10561,0,0,0,0,0,0,0,0,0,0,0,0,0,0
0.10594,0,0,0,0,0,0,0,0,0,0,0,0,0,0
0.19441,0,0,0,0,0,0,0,0,0,0,0,0,0,0
0.10165,0,0,0,0,0,0,0,0,0,0,0,0,0,0
0.10911,0,0,0,0,0,0,0,0,0,0,0,0,0,0
0.1051,0,0,0,0,0,0,0,0,0,0,0,0,0,0
0.10167,0,0,0,0,0,0,0,0,0,0,0,0,0,0
0.10474,0,0,0,0,0,0,0,0,0,0,0,0,0,0
0.1922,0,0,0,0,0,0,0,0,0,0,0,0,0,0
0.10958,0,0,0,0,0,0,0,0,0,0,0,0,0,0
0.10719,0,0,0,0,0,0,0,0,0,0,0,0,0,0
0.10041,0,0,0,0,0,0,0,0,0,0,0,0,0,0
0.11125,0,0,0,0,0,0,0,0,0,0,0,0,0,0
0.10799,0,0,0,0,0,0,0,0,0,0,0,0,0,0
0.17395,0,0,0,0,0,0,0,0,0,0,0,0,0,0
0.097279,0,0,0,0,0,0,0,0,0,0,0,0,0,0
0.097094,0,0,0,0,0,0,0,0,0,0,0,0,0,0
0.09807,0,0,0,0,0,0,0,0,0,0,0,0,0,0
0.094503,0,0,0,0,0,0,0,0,0,0,0,0,0,0
0.095356,0,0,0,0,0,0,0,0,0,0,0,0,0,0
0.17111,0,0,0,0,0,0,0,0,0,0,0,0,0,0
0.099556,0,0,0,0,0,0,0,0,0,0,0,0,0,0
0.095495,0,0,0,0,0,0,0,0,0,0,0,0,0,0
0.09865,0,0,0,0,0,0,0,0,0,0,0,0,0,0
0.096459,0,0,0,0,0,0,0,0,0,0,0,0,0,0
0.09505,0,0,0,0,0,0,0,0,0,0,0,0,0,0
0.16744,0,0,0,0,0,0,0,0,0,0,0,0,0,0
0.0969,0,0,0,0,0,0,0,0,0,0,0,0,0,0
0.096718,0,0,0,0,0,0,0,0,0,0,0,0,0,0
0.097701,0,0,0,0,0,0,0,0,0,0,0,0,0,0
0.095213,0,0,0,0,0,0,0,0,0,0,0,0,0,0
0.097427,0,0,0,0,0,0,0,0,0,0,0,0,0,0
0.18108,0,0,0,0,0,0,0,0,0,0,0,0,0,0
0.10337,0,0,0,0,0,0,0,0,0,0,0,0,0,0
0.10027,0,0,0,0,0,0,0,0,0,0,0,0,0,0
0.1448,0,0,0,0,0,0,0,0,0,0,0,0,0,0
0.13527,0,0,0,0,0,0,0,0,0,0,0,0,0,0
0.097669,0,0,0,0,0,0,0,0,0,0,0,0,0,0
0.17127,0,0,0,0,0,0,0,0,0,0,0,0,0,0
0.097058,0,0,0,0,0,0,0,0,0,0,0,0,0,0
0.097175,0,0,0,0,0,0,0,0,0,0,0,0,0,0
0.095412,0,0,0,0,0,0,0,0,0,0,0,0,0,0
0.095172,0,0,0,0,0,0,0,0,0,0,0,0,0,0
0.095343,0,0,0,0,0,0,0,0,0,0,0,0,0,0
0.17078,0,0,0,0,0,0,0,0,0,0,0,0,0,0
0.097255,0,0,0,0,0,0,0,0,0,0,0,0,0,0
0.10142,0,0,0,0,0,0,0,0,0,0,0,0,0,0
0.10069,0,0,0,0,0,0,0,0,0,0,0,0,0,0
0.099379,0,0,0,0,0,0,0,0,0,0,0,0,0,0
0.09801,0,0,0,0,0,0,0,0,0,0,0,0,0,0
0.17996,0,0,0,0,0,0,0,0,0,0,0,0,0,0
0.1001,0,0,0,0,0,0,0,0,0,0,0,0,0,0
0.099584,0,0,0,0,0,0,0,0,0,0,0,0,0,0
0.099789,0,0,0,0,0,0,0,0,0,0,0,0,0,0
0.09921,0,0,0,0,0,0,0,0,0,0,0,0,0,0
0.097144,0,0,0,0,0,0,0,0,0,0,0,0,0,0
0.17514,0,0,0,0,0,0,0,0,0,0,0,0,0,0
0.098934,0,0,0,0,0,0,0,0,0,0,0,0,0,0
0.096597,0,0,0,0,0,0,0,0,0,0,0,0,0,0
0.10403,0,0,0,0,0,0,0,0,0,0,0,0,0,0
0.098937,0,0,0,0,0,0,0,0,0,0,0,0,0,0
0.1008,0,0,0,0,0,0,0,0,0,0,0,0,0,0
0.18193,0,0,0,0,0,0,0,0,0,0,0,0,0,0
0.10182,0,0,0,0,0,0,0,0,0,0,0,0,0,0
0.1031,0,0,0,0,0,0,0,0,0,0,0,0,0,0
0.10161,0,0,0,0,0,0,0,0,0,0,0,0,0,0
0.099781,0,0,0,0,0,0,0,0,0,0,0,0,0,0
0.10177,0,0,0,0,0,0,0,0,0,0,0,0,0,0
0.18337,0,0,0,0,0,0,0,0,0,0,0,0,0,0
0.10177,0,0,0,0,0,0,0,0,0,0,0,0,0,0
0.10045,0,0,0,0,0,0,0,0,0,0,0,0,0,0
0.10228,0,0,0,0,0,0,0,0,0,0,0,0,0,0
0.10182,0,0,0,0,0,0,0,0,0,0,0,0,0,0
0.09997,0,0,0,0,0,0,0,0,0,0,0,0,0,0
0.17816,0,0,0,0,0,0,0,0,0,0,0,0,0,0
0.099384,0,0,0,0,0,0,0,0,0,0,0,0,0,0
0.099398,0,0,0,0,0,0,0,0,0,0,0,0,0,0
0.098767,0,0,0,0,0,0,0,0,0,0,0,0,0,0
0.1003,0,0,0,0,0,0,0,0,0,0,0,0,0,0
0.10014,0,0,0,0,0,0,0,0,0,0,0,0,0,0
0.17789,0,0,0,0,0,0,0,0,0,0,0,0,0,0
0.10102,0,0,0,0,0,0,0,0,0,0,0,0,0,0
0.099935,0,0,0,0,0,0,0,0,0,0,0,0,0,0
0.10349,0,0,0,0,0,0,0,0,0,0,0,0,0,0
0.10272,0,0,0,0,0,0,0,0,0,0,0,0,0,0
0.10422,0,0,0,0,0,0,0,0,0,0,0,0,0,0
0.18238,0,0,0,0,0,0,0,0,0,0,0,0,0,0
0.10066,0,0,0,0,0,0,0,0,0,0,0,0,0,0
0.10294,0,0,0,0,0,0,0,0,0,0,0,0,0,0
0.10279,0,0,0,0,0,0,0,0,0,0,0,0,0,0
0.10042,0,0,0,0,0,0,0,0,0,0,0,0,0,0
0.10095,0,0,0,0,0,0,0,0,0,0,0,0,0,0
0.18029,0,0,0,0,0,0,0,0,0,0,0,0,0,0
0.10612,0,0,0,0,0,0,0,0,0,0,0,0,0,0
0.10312,0,0,0,0,0,0,0,0,0,0,0,0,0,0
0.10127,0,0,0,0,0,0,0,0,0,0,0,0,0,0
0.10118,0,0,0,0,0,0,0,0,0,0,0,0,0,0
0.10432,0,0,0,0,0,0,0,0,0,0,0,0,0,0
0.18354,0,0,0,0,0,0,0,0,0,0,0,0,0,0
0.10451,0,0,0,0,0,0,0,0,0,0,0,0,0,0
0.10226,0,0,0,0,0,0,0,0,0,0,0,0,0,0
0.10272,0,0,0,0,0,0,0,0,0,0,0,0,0,0
0.099538,0,0,0,0,0,0,0,0,0,0,0,0,0,0
0.099538,0,0,0,0,0,0,0,0,0,0,0,0,0,0
0.18163,0,0,0,0,0,0,0,0,0,0,0,0,0,0
0.10158,0,0,0,0,0,0,0,0,0,0,0,0,0,0
0.10344,0,0,0,0,0,0,0,0,0,0,0,0,0,0
0.10055,0,0,0,0,0,0,0,0,0,0,0,0,0,0
0.099843,0,0,0,0,0,0,0,0,0,0,0,0,0,0
0.10852,0,0,0,0,0,0,0,0,0,0,0,0,0,0
0.32806,0,0,0,0,0,0,0,0,0,0,0,0,0,0
0.10162,0,0,0,0,0,0,0,0,0,0,0,0,0,0
0.10526,0,0,0,0,0,0,0,0,0,0,0,0,0,0
0.10477,0,0,0,0,0,0,0,0,0,0,0,0,0,0
0.10603,0,0,0,0,0,0,0,0,0,0,0,0,0,0
0.10097,0,0,0,0,0,0,0,0,0,0,0,0,0,0
0.18144,0,0,0,0,0,0,0,0,0,0,0,0,0,0
0.099405,0,0,0,0,0,0,0,0,0,0,0,0,0,0
0.10499,0,0,0,0,0,0,0,0,0,0,0,0,0,0
0.10396,0,0,0,0,0,0,0,0,0,0,0,0,0,0
0.099787,0,0,0,0,0,0,0,0,0,0,0,0,0,0
0.099718,0,0,0,0,0,0,0,0,0,0,0,0,0,0
0.17947,0,0,0,0,0,0,0,0,0,0,0,0,0,0
0.10023,0,0,0,0,0,0,0,0,0,0,0,0,0,0
0.10071,0,0,0,0,0,0,0,0,0,0,0,0,0,0
0.098799,0,0,0,0,0,0,0,0,0,0,0,0,0,0
0.098552,0,0,0,0,0,0,0,0,0,0,0,0,0,0
0.10097,0,0,0,0,0,0,0,0,0,0,0,0,0,0
0.1808,0,0,0,0,0,0,0,0,0,0,0,0,0,0
0.10058,0,0,0,0,0,0,0,0,0,0,0,0,0,0
0.098967,0,0,0,0,0,0,0,0,0,0,0,0,0,0
0.10027,0,0,0,0,0,0,0,0,0,0,0,0,0,0
0.10087,0,0,0,0,0,0,0,0,0,0,0,0,0,0
0.10506,0,0,0,0,0,0,0,0,0,0,0,0,0,0
0.18816,0,0,0,0,0,0,0,0,0,0,0,0,0,0
0.10672,0,0,0,0,0,0,0,0,0,0,0,0,0,0
0.1074,0,0,0,0,0,0,0,0,0,0,0,0,0,0
0.10391,0,0,0,0,0,0,0,0,0,0,0,0,0,0
0.1068,0,0,0,0,0,0,0,0,0,0,0,0,0,0
0.10473,0,0,0,0,0,0,0,0,0,0,0,0,0,0
0.18764,0,0,0,0,0,0,0,0,0,0,0,0,0,0
0.10408,0,0,0,0,0,0,0,0,0,0,0,0,0,0
0.10172,0,0,0,0,0,0,0,0,0,0,0,0,0,0
0.10103,0,0,0,0,0,0,0,0,0,0,0,0,0,0
0.10305,0,0,0,0,0,0,0,0,0,0,0,0,0,0
0.10078,0,0,0,0,0,0,0,0,0,0,0,0,0,0
0.18525,0,0,0,0,0,0,0,0,0,0,0,0,0,0
0.10504,0,0,0,0,0,0,0,0,0,0,0,0,0,0
0.10373,0,0,0,0,0,0,0,0,0,0,0,0,0,0
0.10237,0,0,0,0,0,0,0,0,0,0,0,0,0,0
0.10015,0,0,0,0,0,0,0,0,0,0,0,0,0,0
0.099643,0,0,0,0,0,0,0,0,0,0,0,0,0,0
0.18022,0,0,0,0,0,0,0,0,0,0,0,0,0,0
0.10606,0,0,0,0,0,0,0,0,0,0,0,0,0,0
0.10461,0,0,0,0,0,0,0,0,0,0,0,0,0,0
0.10201,0,0,0,0,0,0,0,0,0,0,0,0,0,0
0.10308,0,0,0,0,0,0,0,0,0,0,0,0,0,0
0.10002,0,0,0,0,0,0,0,0,0,0,0,0,0,0
0.19535,0,0,0,0,0,0,0,0,0,0,0,0,0,0
0.1008,0,0,0,0,0,0,0,0,0,0,0,0,0,0
0.099462,0,0,0,0,0,0,0,0,0,0,0,0,0,0
0.098307,0,0,0,0,0,0,0,0,0,0,0,0,0,0
0.099537,0,0,0,0,0,0,0,0,0,0,0,0,0,0
0.10005,0,0,0,0,0,0,0,0,0,0,0,0,0,0
0.18549,0,0,0,0,0,0,0,0,0,0,0,0,0,0
0.10091,0,0,0,0,0,0,0,0,0,0,0,0,0,0
0.10562,0,0,0,0,0,0,0,0,0,0,0,0,0,0
0.10605,0,0,0,0,0,0,0,0,0,0,0,0,0,0
0.10321,0,0,0,0,0,0,0,0,0,0,0,0,0,0
0.10506,0,0,0,0,0,0,0,0,0,0,0,0,0,0
0.18993,0,0,0,0,0,0,0,0,0,0,0,0,0,0
0.10245,0,0,0,0,0,0,0,0,0,0,0,0,0,0
0.10318,0,0,0,0,0,0,0,0,0,0,0,0,0,0
0.1016,0,0,0,0,0,0,0,0,0,0,0,0,0,0
0.10325,0,0,0,0,0,0,0,0,0,0,0,0,0,0
0.10319,0,0,0,0,0,0,0,0,0,0,0,0,0,0
0.18875,0,0,0,0,0,0,0,0,0,0,0,0,0,0
0.10346,0,0,0,0,0,0,0,0,0,0,0,0,0,0
0.10398,0,0,0,0,0,0,0,0,0,0,0,0,0,0
0.10018,0,0,0,0,0,0,0,0,0,0,0,0,0,0
0.10167,0,0,0,0,0,0,0,0,0,0,0,0,0,0
0.10152,0,0,0,0,0,0,0,0,0,0,0,0,0,0
0.18769,0,0,0,0,0,0,0,0,0,0,0,0,0,0
0.10153,0,0,0,0,0,0,0,0,0,0,0,0,0,0
0.10159,0,0,0,0,0,0,0,0,0,0,0,0,0,0
0.1007,0,0,0,0,0,0,0,0,0,0,0,0,0,0
0.10143,0,0,0,0,0,0,0,0,0,0,0,0,0,0
0.09973,0,0,0,0,0,0,0,0,0,0,0,0,0,0
0.18745,0,0,0,0,0,0,0,0,0,0,0,0,0,0
0.10294,0,0,0,0,0,0,0,0,0,0,0,0,0,0
0.10472,0,0,0,0,0,0,0,0,0,0,0,0,0,0
0.10214,0,0,0,0,0,0,0,0,0,0,0,0,0,0
0.10294,0,0,0,0,0,0,0,0,0,0,0,0,0,0
0.10106,0,0,0,0,0,0,0,0,0,0,0,0,0,0
0.19038,0,0,0,0,0,0,0,0,0,0,0,0,0,0
0.1023,0,0,0,0,0,0,0,0,0,0,0,0,0,0
0.10146,0,0,0,0,0,0,0,0,0,0,0,0,0,0
0.1024,0,0,0,0,0,0,0,0,0,0,0,0,0,0
0.10105,0,0,0,0,0,0,0,0,0,0,0,0,0,0
0.10339,0,0,0,0,0,0,0,0,0,0,0,0,0,0
0.19058,0,0,0,0,0,0,0,0,0,0,0,0,0,0
0.10114,0,0,0,0,0,0,0,0,0,0,0,0,0,0
0.10197,0,0,0,0,0,0,0,0,0,0,0,0,0,0
0.10247,0,0,0,0,0,0,0,0,0,0,0,0,0,0
0.10593,0,0,0,0,0,0,0,0,0,0,0,0,0,0
0.10313,0,0,0,0,0,0,0,0,0,0,0,0,0,0
0.18836,0,0,0,0,0,0,0,0,0,0,0,0,0,0
0.10257,0,0,0,0,0,0,0,0,0,0,0,0,0,0
0.10471,0,0,0,0,0,0,0,0,0,0,0,0,0,0
0.10011,0,0,0,0,0,0,0,0,0,0,0,0,0,0
0.10165,0,0,0,0,0,0,0,0,0,0,0,0,0,0
0.10207,0,0,0,0,0,0,0,0,0,0,0,0,0,0
0.19561,0,0,0,0,0,0,0,0,0,0,0,0,0,0
0.10407,0,0,0,0,0,0,0,0,0,0,0,0,0,0
0.10825,0,0,0,0,0,0,0,0,0,0,0,0,0,0
0.10157,0,0,0,0,0,0,0,0,0,0,0,0,0,0
0.1046,0,0,0,0,0,0,0,0,0,0,0,0,0,0
0.1086,0,0,0,0,0,0,0,0,0,0,0,0,0,0
0.19314,0,0,0,0,0,0,0,0,0,0,0,0,0,0
0.10157,0,0,0,0,0,0,0,0,0,0,0,0,0,0
0.10238,0,0,0,0,0,0,0,0,0,0,0,0,0,0
0.10239,0,0,0,0,0,0,0,0,0,0,0,0,0,0
0.10403,0,0,0,0,0,0,0,0,0,0,0,0,0,0
0.1084,0,0,0,0,0,0,0,0,0,0,0,0,0,0
0.19921,0,0,0,0,0,0,0,0,0,0,0,0,0,0
0.10858,0,0,0,0,0,0,0,0,0,0,0,0,0,0
0.10631,0,0,0,0,0,0,0,0,0,0,0,0,0,0
0.11064,0,0,0,0,0,0,0,0,0,0,0,0,0,0
0.10741,0,0,0,0,0,0,0,0,0,0,0,0,0,0
0.10821,0,0,0,0,0,0,0,0,0,0,0,0,0,0
0.19573,0,0,0,0,0,0,0,0,0,0,0,0,0,0
0.1078,0,0,0,0,0,0,0,0,0,0,0,0,0,0
0.11035,0,0,0,0,0,0,0,0,0,0,0,0,0,0
0.10588,0,0,0,0,0,0,0,0,0,0,0,0,0,0
0.10994,0,0,0,0,0,0,0,0,0,0,0,0,0,0
0.10845,0,0,0,0,0,0,0,0,0,0,0,0,0,0
0.2015,0,0,0,0,0,0,0,0,0,0,0,0,0,0
0.10214,0,0,0,0,0,0,0,0,0,0,0,0,0,0
0.10651,0,0,0,0,0,0,0,0,0,0,0,0,0,0
0.10187,0,0,0,0,0,0,0,0,0,0,0,0,0,0
0.1094,0,0,0,0,0,0,0,0,0,0,0,0,0,0
0.10769,0,0,0,0,0,0,0,0,0,0,0,0,0,0
0.19825,0,0,0,0,0,0,0,0,0,0,0,0,0,0
0.10795,0,0,0,0,0,0,0,0,0,0,0,0,0,0
0.10605,0,0,0,0,0,0,0,0,0,0,0,0,0,0
0.10786,0,0,0,0,0,0,0,0,0,0,0,0,0,0
0.10515,0,0,0,0,0,0,0,0,0,0,0,0,0,0
0.10925,0,0,0,0,0,0,0,0,0,0,0,0,0,0
0.19402,0,0,0,0,0,0,0,0,0,0,0,0,0,0
0.10311,0,0,0,0,0,0,0,0,0,0,0,0,0,0
0.10626,0,0,0,0,0,0,0,0,0,0,0,0,0,0
0.1054,0,0,0,0,0,0,0,0,0,0,0,0,0,0
0.10828,0,0,0,0,0,0,0,0,0,0,0,0,0,0
0.1042,0,0,0,0,0,0,0,0,0,0,0,0,0,0
0.19562,0,0,0,0,0,0,0,0,0,0,0,0,0,0
0.1076,0,0,0,0,0,0,0,0,0,0,0,0,0,0
0.10445,0,0,0,0,0,0,0,0,0,0,0,0,0,0
0.11403,0,0,0,0,0,0,0,0,0,0,0,0,0,0
0.11073,0,0,0,0,0,0,0,0,0,0,0,0,0,0
0.10908,0,0,0,0,0,0,0,0,0,0,0,0,0,0
0.2015,0,0,0,0,0,0,0,0,0,0,0,0,0,0
0.11223,0,0,0,0,0,0,0,0,0,0,0,0,0,0
0.10577,0,0,0,0,0,0,0,0,0,0,0,0,0,0
0.11058,0,0,0,0,0,0,0,0,0,0,0,0,0,0
0.10856,0,0,0,0,0,0,0,0,0,0,0,0,0,0
0.11305,0,0,0,0,0,0,0,0,0,0,0,0,0,0
0.19881,0,0,0,0,0,0,0,0,0,0,0,0,0,0
0.10592,0,0,0,0,0,0,0,0,0,0,0,0,0,0
0.10618,0,0,0,0,0,0,0,0,0,0,0,0,0,0
0.10609,0,0,0,0,0,0,0,0,0,0,0,0,0,0
0.11362,0,0,0,0,0,0,0,0,0,0,0,0,0,0
0.10388,0,0,0,0,0,0,0,0,0,0,0,0,0,0
0.20101,0,0,0,0,0,0,0,0,0,0,0,0,0,0
0.11362,0,0,0,0,0,0,0,0,0,0,0,0,0,0
0.11227,0,0,0,0,0,0,0,0,0,0,0,0,0,0
0.11549,0,0,0,0,0,0,0,0,0,0,0,0,0,0
0.10445,0,0,0,0,0,0,0,0,0,0,0,0,0,0
0.11369,0,0,0,0,0,0,0,0,0,0,0,0,0,0
0.19776,0,0,0,0,0,0,0,0,0,0,0,0,0,0
0.10598,0,0,0,0,0,0,0,0,0,0,0,0,0,0
0.10732,0,0,0,0,0,0,0,0,0,0,0,0,0,0
0.10293,0,0,0,0,0,0,0,0,0,0,0,0,0,0
0.10407,0,0,0,0,0,0,0,0,0,0,0,0,0,0
0.10854,0,0,0,0,0,0,0,0,0,0,0,0,0,0
0.19485,0,0,0,0,0,0,0,0,0,0,0,0,0,0
0.1064,0,0,0,0,0,0,0,0,0,0,0,0,0,0
0.10447,0,0,0,0,0,0,0,0,0,0,0,0,0,0
0.10596,0,0,0,0,0,0,0,0,0,0,0,0,0,0
0.10735,0,0,0,0,0,0,0,0,0,0,0,0,0,0
0.10429,0,0,0,0,0,0,0,0,0,0,0,0,0,0
0.20044,0,0,0,0,0,0,0,0,0,0,0,0,0,0
0.10639,0,0,0,0,0,0,0,0,0,0,0,0,0,0
0.11759,0,0,0,0,0,0,0,0,0,0,0,0,0,0
0.11095,0,0,0,0,0,0,0,0,0,0,0,0,0,0
0.12215,0,0,0,0,0,0,0,0,0,0,0,0,0,0
0.10741,0,0,0,0,0,0,0,0,0,0,0,0,0,0
0.20284,0,0,0,0,0,0,0,0,0,0,0,0,0,0
0.10202,0,0,0,0,0,0,0,0,0,0,0,0,0,0
0.10659,0,0,0,0,0,0,0,0,0,0,0,0,0,0
0.11136,0,0,0,0,0,0,0,0,0,0,0,0,0,0
0.11123,0,0,0,0,0,0,0,0,0,0,0,0,0,0
0.10433,0,0,0,0,0,0,0,0,0,0,0,0,0,0
0.21386,0,0,0,0,0,0,0,0,0,0,0,0,0,0
0.11188,0,0,0,0,0,0,0,0,0,0,0,0,0,0
0.1113,0,0,0,0,0,0,0,0,0,0,0,0,0,0
0.11772,0,0,0,0,0,0,0,0,0,0,0,0,0,0
0.12064,0,0,0,0,0,0,0,0,0,0,0,0,0,0
0.11304,0,0,0,0,0,0,0,0,0,0,0,0,0,0
0.19751,0,0,0,0,0,0,0,0,0,0,0,0,0,0
0.10658,0,0,0,0,0,0,0,0,0,0,0,0,0,0
0.12241,0,0,0,0,0,0,0,0,0,0,0,0,0,0
0.11905,0,0,0,0,0,0,0,0,0,0,0,0,0,0
0.11258,0,0,0,0,0,0,0,0,0,0,0,0,0,0
0.10822,0,0,0,0,0,0,0,0,0,0,0,0,0,0
0.20884,0,0,0,0,0,0,0,0,0,0,0,0,0,0
0.11944,0,0,0,0,0,0,0,0,0,0,0,0,0,0
0.11796,0,0,0,0,0,0,0,0,0,0,0,0,0,0
0.10294,0,0,0,0,0,0,0,0,0,0,0,0,0,0
0.11377,0,0,0,0,0,0,0,0,0,0,0,0,0,0
0.10656,0,0,0,0,0,0,0,0,0,0,0,0,0,0
0.19329,0,0,0,0,0,0,0,0,0,0,0,0,0,0
0.1057,0,0,0,0,0,0,0,0,0,0,0,0,0,0
0.10584,0,0,0,0,0,0,0,0,0,0,0,0,0,0
0.10717,0,0,0,0,0,0,0,0,0,0,0,0,0,0
0.10553,0,0,0,0,0,0,0,0,0,0,0,0,0,0
0.10578,0,0,0,0,0,0,0,0,0,0,0,0,0,0
0.19512,0,0,0,0,0,0,0,0,0,0,0,0,0,0
0.10652,0,0,0,0,0,0,0,0,0,0,0,0,0,0
0.10767,0,0,0,0,0,0,0,0,0,0,0,0,0,0
0.10643,0,0,0,0,0,0,0,0,0,0,0,0,0,0
0.10398,0,0,0,0,0,0,0,0,0,0,0,0,0,0
0.10502,0,0,0,0,0,0,0,0,0,0,0,0,0,0
0.19448,0,0,0,0,0,0,0,0,0,0,0,0,0,0
0.10522,0,0,0,0,0,0,0,0,0,0,0,0,0,0
0.10955,0,0,0,0,0,0,0,0,0,0,0,0,0,0
0.10753,0,0,0,0,0,0,0,0,0,0,0,0,0,0
0.10998,0,0,0,0,0,0,0,0,0,0,0,0,0,0
0.11058,0,0,0,0,0,0,0,0,0,0,0,0,0,0
0.19799,0,0,0,0,0,0,0,0,0,0,0,0,0,0
0.10531,0,0,0,0,0,0,0,0,0,0,0,0,0,0
0.11238,0,0,0,0,0,0,0,0,0,0,0,0,0,0
0.1126,0,0,0,0,0,0,0,0,0,0,0,0,0,0
0.10854,0,0,0,0,0,0,0,0,0,0,0,0,0,0
0.1087,0,0,0,0,0,0,0,0,0,0,0,0,0,0
0.20186,0,0,0,0,0,0,0,0,0,0,0,0,0,0
0.12123,0,0,0,0,0,0,0,0,0,0,0,0,0,0
0.10868,0,0,0,0,0,0,0,0,0,0,0,0,0,0
0.12042,0,0,0,0,0,0,0,0,0,0,0,0,0,0
0.11243,0,0,0,0,0,0,0,0,0,0,0,0,0,0
0.11426,0,0,0,0,0,0,0,0,0,0,0,0,0,0
0.20487,0,0,0,0,0,0,0,0,0,0,0,0,0,0
0.11529,0,0,0,0,0,0,0,0,0,0,0,0,0,0
0.11366,0,0,0,0,0,0,0,0,0,0,0,0,0,0
0.11316,0,0,0,0,0,0,0,0,0,0,0,0,0,0
0.11034,0,0,0,0,0,0,0,0,0,0,0,0,0,0
0.10736,0,0,0,0,0,0,0,0,0,0,0,0,0,0
0.19724,0,0,0,0,0,0,0,0,0,0,0,0,0,0
0.10963,0,0,0,0,0,0,0,0,0,0,0,0,0,0
0.10562,0,0,0,0,0,0,0,0,0,0,0,0,0,0
0.10316,0,0,0,0,0,0,0,0,0,0,0,0,0,0
0.10863,0,0,0,0,0,0,0,0,0,0,0,0,0,0
0.10272,0,0,0,0,0,0,0,0,0,0,0,0,0,0
0.19899,0,0,0,0,0,0,0,0,0,0,0,0,0,0
0.10384,0,0,0,0,0,0,0,0,0,0,0,0,0,0
0.10421,0,0,0,0,0,0,0,0,0,0,0,0,0,0
0.11195,0,0,0,0,0,0,0,0,0,0,0,0,0,0
0.10416,0,0,0,0,0,0,0,0,0,0,0,0,0,0
0.10261,0,0,0,0,0,0,0,0,0,0,0,0,0,0
0.19565,0,0,0,0,0,0,0,0,0,0,0,0,0,0
0.10961,0,0,0,0,0,0,0,0,0,0,0,0,0,0
0.11461,0,0,0,0,0,0,0,0,0,0,0,0,0,0
0.10424,0,0,0,0,0,0,0,0,0,0,0,0,0,0
0.10453,0,0,0,0,0,0,0,0,0,0,0,0,0,0
0.10277,0,0,0,0,0,0,0,0,0,0,0,0,0,0
0.19571,0,0,0,0,0,0,0,0,0,0,0,0,0,0
0.10606,0,0,0,0,0,0,0,0,0,0,0,0,0,0
0.10715,0,0,0,0,0,0,0,0,0,0,0,0,0,0
0.10916,0,0,0,0,0,0,0,0,0,0,0,0,0,0
0.11166,0,0,0,0,0,0,0,0,0,0,0,0,0,0
0.10571,0,0,0,0,0,0,0,0,0,0,0,0,0,0
0.19418,0,0,0,0,0,0,0,0,0,0,0,0,0,0
0.10178,0,0,0,0,0,0,0,0,0,0,0,0,0,0
0.1036,0,0,0,0,0,0,0,0,0,0,0,0,0,0
0.10569,0,0,0,0,0,0,0,0,0,0,0,0,0,0
0.11053,0,0,0,0,0,0,0,0,0,0,0,0,0,0
0.1047,0,0,0,0,0,0,0,0,0,0,0,0,0,0
0.19471,0,0,0,0,0,0,0,0,0,0,0,0,0,0
0.11309,0,0,0,0,0,0,0,0,0,0,0,0,0,0
0.11249,0,0,0,0,0,0,0,0,0,0,0,0,0,0
0.10799,0,0,0,0,0,0,0,0,0,0,0,0,0,0
0.11469,0,0,0,0,0,0,0,0,0,0,0,0,0,0
0.12272,0,0,0,0,0,0,0,0,0,0,0,0,0,0
0.20218,0,0,0,0,0,0,0,0,0,0,0,0,0,0
0.10815,0,0,0,0,0,0,0,0,0,0,0,0,0,0
0.10677,0,0,0,0,0,0,0,0,0,0,0,0,0,0
0.10207,0,0,0,0,0,0,0,0,0,0,0,0,0,0
0.10446,0,0,0,0,0,0,0,0,0,0,0,0,0,0
NaN,0,0,0,0,0,0,0,0,0,0,0,0,0,0
NaN,0,0,0,0,0,0,0,0,0,0,0,0,0,0
NaN,0,0,0,0,0,0,0,0,0,0,0,0,0,0
NaN,0,0,0,0,0,0,0,0,0,0,0,0,0,0
10.99,0,0,0,0,0,0,0,0,0,0,0,0,0,0
0.23257,0,0,0,0,0,0,0,0,0,0,0,0,0,0
0.183,0,0,0,0,0,0,0,0,0,0,0,0,0,0
0.11546,0,0,0,0,0,0,0,0,0,0,0,0,0,0
0.14362,0,0,0,0,0,0,0,0,0,0,0,0,0,0
0.12924,0,0,0,0,0,0,0,0,0,0,0,0,0,0
0.2942,0,0,0,0,0,0,0,0,0,0,0,0,0,0
0.10893,0,0,0,0,0,0,0,0,0,0,0,0,0,0
0.11068,0,0,0,0,0,0,0,0,0,0,0,0,0,0
0.10714,0,0,0,0,0,0,0,0,0,0,0,0,0,0
0.11205,0,0,0,0,0,0,0,0,0,0,0,0,0,0
0.11472,0,0,0,0,0,0,0,0,0,0,0,0,0,0
0.19315,0,0,0,0,0,0,0,0,0,0,0,0,0,0
0.1098,0,0,0,0,0,0,0,0,0,0,0,0,0,0
0.10652,0,0,0,0,0,0,0,0,0,0,0,0,0,0
0.10591,0,0,0,0,0,0,0,0,0,0,0,0,0,0
0.10412,0,0,0,0,0,0,0,0,0,0,0,0,0,0
0.10411,0,0,0,0,0,0,0,0,0,0,0,0,0,0
0.17848,0,0,0,0,0,0,0,0,0,0,0,0,0,0
0.10791,0,0,0,0,0,0,0,0,0,0,0,0,0,0
0.10791,0,0,0,0,0,0,0,0,0,0,0,0,0,0
0.10698,0,0,0,0,0,0,0,0,0,0,0,0,0,0
0.10633,0,0,0,0,0,0,0,0,0,0,0,0,0,0
0.10834,0,0,0,0,0,0,0,0,0,0,0,0,0,0
0.18156,0,0,0,0,0,0,0,0,0,0,0,0,0,0
0.1071,0,0,0,0,0,0,0,0,0,0,0,0,0,0
0.1086,0,0,0,0,0,0,0,0,0,0,0,0,0,0
0.10908,0,0,0,0,0,0,0,0,0,0,0,0,0,0
0.11243,0,0,0,0,0,0,0,0,0,0,0,0,0,0
0.12019,0,0,0,0,0,0,0,0,0,0,0,0,0,0
0.18254,0,0,0,0,0,0,0,0,0,0,0,0,0,0
