11.504,0,0,0,0,0,0,0,0,0,0,0,0,0,0
0.21303,0,0,0,0,0,0,0,0,0,0,0,0,0,0
0.16134,0,0,0,0,0,0,0,0,0,0,0,0,0,0
0.098064,0,0,0,0,0,0,0,0,0,0,0,0,0,0
0.12689,0,0,0,0,0,0,0,0,0,0,0,0,0,0
0.11241,0,0,0,0,0,0,0,0,0,0,0,0,0,0
0.30405,0,0,0,0,0,0,0,0,0,0,0,0,0,0
0.092413,0,0,0,0,0,0,0,0,0,0,0,0,0,0
0.091139,0,0,0,0,0,0,0,0,0,0,0,0,0,0
0.092134,0,0,0,0,0,0,0,0,0,0,0,0,0,0
0.09996,0,0,0,0,0,0,0,0,0,0,0,0,0,0
0.091873,0,0,0,0,0,0,0,0,0,0,0,0,0,0
0.17321,0,0,0,0,0,0,0,0,0,0,0,0,0,0
0.09378,0,0,0,0,0,0,0,0,0,0,0,0,0,0
0.09329,0,0,0,0,0,0,0,0,0,0,0,0,0,0
0.095708,0,0,0,0,0,0,0,0,0,0,0,0,0,0
0.09347,0,0,0,0,0,0,0,0,0,0,0,0,0,0
0.092384,0,0,0,0,0,0,0,0,0,0,0,0,0,0
0.1878,0,0,0,0,0,0,0,0,0,0,0,0,0,0
0.094216,0,0,0,0,0,0,0,0,0,0,0,0,0,0
0.098041,0,0,0,0,0,0,0,0,0,0,0,0,0,0
0.096096,0,0,0,0,0,0,0,0,0,0,0,0,0,0
0.093603,0,0,0,0,0,0,0,0,0,0,0,0,0,0
0.094506,0,0,0,0,0,0,0,0,0,0,0,0,0,0
0.17485,0,0,0,0,0,0,0,0,0,0,0,0,0,0
0.091842,0,0,0,0,0,0,0,0,0,0,0,0,0,0
0.092836,0,0,0,0,0,0,0,0,0,0,0,0,0,0
0.092407,0,0,0,0,0,0,0,0,0,0,0,0,0,0
0.090857,0,0,0,0,0,0,0,0,0,0,0,0,0,0
0.091981,0,0,0,0,0,0,0,0,0,0,0,0,0,0
0.17597,0,0,0,0,0,0,0,0,0,0,0,0,0,0
0.092445,0,0,0,0,0,0,0,0,0,0,0,0,0,0
0.094733,0,0,0,0,0,0,0,0,0,0,0,0,0,0
0.091848,0,0,0,0,0,0,0,0,0,0,0,0,0,0
0.093826,0,0,0,0,0,0,0,0,0,0,0,0,0,0
0.091179,0,0,0,0,0,0,0,0,0,0,0,0,0,0
0.17461,0,0,0,0,0,0,0,0,0,0,0,0,0,0
0.09266,0,0,0,0,0,0,0,0,0,0,0,0,0,0
0.092135,0,0,0,0,0,0,0,0,0,0,0,0,0,0
0.092448,0,0,0,0,0,0,0,0,0,0,0,0,0,0
0.093574,0,0,0,0,0,0,0,0,0,0,0,0,0,0
0.092634,0,0,0,0,0,0,0,0,0,0,0,0,0,0
0.1716,0,0,0,0,0,0,0,0,0,0,0,0,0,0
0.092773,0,0,0,0,0,0,0,0,0,0,0,0,0,0
0.092931,0,0,0,0,0,0,0,0,0,0,0,0,0,0
0.093578,0,0,0,0,0,0,0,0,0,0,0,0,0,0
0.093526,0,0,0,0,0,0,0,0,0,0,0,0,0,0
0.091906,0,0,0,0,0,0,0,0,0,0,0,0,0,0
0.17067,0,0,0,0,0,0,0,0,0,0,0,0,0,0
0.091542,0,0,0,0,0,0,0,0,0,0,0,0,0,0
0.13326,0,0,0,0,0,0,0,0,0,0,0,0,0,0
0.096455,0,0,0,0,0,0,0,0,0,0,0,0,0,0
0.095171,0,0,0,0,0,0,0,0,0,0,0,0,0,0
0.094534,0,0,0,0,0,0,0,0,0,0,0,0,0,0
0.1795,0,0,0,0,0,0,0,0,0,0,0,0,0,0
0.093837,0,0,0,0,0,0,0,0,0,0,0,0,0,0
0.092977,0,0,0,0,0,0,0,0,0,0,0,0,0,0
0.092232,0,0,0,0,0,0,0,0,0,0,0,0,0,0
0.092645,0,0,0,0,0,0,0,0,0,0,0,0,0,0
0.09304,0,0,0,0,0,0,0,0,0,0,0,0,0,0
0.17257,0,0,0,0,0,0,0,0,0,0,0,0,0,0
0.092895,0,0,0,0,0,0,0,0,0,0,0,0,0,0
0.094688,0,0,0,0,0,0,0,0,0,0,0,0,0,0
0.094367,0,0,0,0,0,0,0,0,0,0,0,0,0,0
0.096447,0,0,0,0,0,0,0,0,0,0,0,0,0,0
0.091452,0,0,0,0,0,0,0,0,0,0,0,0,0,0
0.16386,0,0,0,0,0,0,0,0,0,0,0,0,0,0
0.10051,0,0,0,0,0,0,0,0,0,0,0,0,0,0
0.097901,0,0,0,0,0,0,0,0,0,0,0,0,0,0
0.093567,0,0,0,0,0,0,0,0,0,0,0,0,0,0
0.095548,0,0,0,0,0,0,0,0,0,0,0,0,0,0
0.10425,0,0,0,0,0,0,0,0,0,0,0,0,0,0
0.17449,0,0,0,0,0,0,0,0,0,0,0,0,0,0
0.093955,0,0,0,0,0,0,0,0,0,0,0,0,0,0
0.10051,0,0,0,0,0,0,0,0,0,0,0,0,0,0
0.098549,0,0,0,0,0,0,0,0,0,0,0,0,0,0
0.11052,0,0,0,0,0,0,0,0,0,0,0,0,0,0
0.091285,0,0,0,0,0,0,0,0,0,0,0,0,0,0
0.18347,0,0,0,0,0,0,0,0,0,0,0,0,0,0
0.10148,0,0,0,0,0,0,0,0,0,0,0,0,0,0
0.10338,0,0,0,0,0,0,0,0,0,0,0,0,0,0
0.096901,0,0,0,0,0,0,0,0,0,0,0,0,0,0
0.10491,0,0,0,0,0,0,0,0,0,0,0,0,0,0
0.10341,0,0,0,0,0,0,0,0,0,0,0,0,0,0
0.18265,0,0,0,0,0,0,0,0,0,0,0,0,0,0
0.091466,0,0,0,0,0,0,0,0,0,0,0,0,0,0
0.099637,0,0,0,0,0,0,0,0,0,0,0,0,0,0
0.093766,0,0,0,0,0,0,0,0,0,0,0,0,0,0
0.1038,0,0,0,0,0,0,0,0,0,0,0,0,0,0
0.098456,0,0,0,0,0,0,0,0,0,0,0,0,0,0
0.17519,0,0,0,0,0,0,0,0,0,0,0,0,0,0
0.095015,0,0,0,0,0,0,0,0,0,0,0,0,0,0
0.096972,0,0,0,0,0,0,0,0,0,0,0,0,0,0
NaN,0,0,0,0,0,0,0,0,0,0,0,0,0,0
NaN,0,0,0,0,0,0,0,0,0,0,0,0,0,0
NaN,0,0,0,0,0,0,0,0,0,0,0,0,0,0
NaN,0,0,0,0,0,0,0,0,0,0,0,0,0,0
11.517,0,0,0,0,0,0,0,0,0,0,0,0,0,0
0.2231,0,0,0,0,0,0,0,0,0,0,0,0,0,0
0.16269,0,0,0,0,0,0,0,0,0,0,0,0,0,0
0.10115,0,0,0,0,0,0,0,0,0,0,0,0,0,0
0.1287,0,0,0,0,0,0,0,0,0,0,0,0,0,0
0.11203,0,0,0,0,0,0,0,0,0,0,0,0,0,0
0.30585,0,0,0,0,0,0,0,0,0,0,0,0,0,0
0.093164,0,0,0,0,0,0,0,0,0,0,0,0,0,0
0.091878,0,0,0,0,0,0,0,0,0,0,0,0,0,0
0.092003,0,0,0,0,0,0,0,0,0,0,0,0,0,0
0.090024,0,0,0,0,0,0,0,0,0,0,0,0,0,0
0.087255,0,0,0,0,0,0,0,0,0,0,0,0,0,0
0.17152,0,0,0,0,0,0,0,0,0,0,0,0,0,0
0.087479,0,0,0,0,0,0,0,0,0,0,0,0,0,0
0.088459,0,0,0,0,0,0,0,0,0,0,0,0,0,0
0.088389,0,0,0,0,0,0,0,0,0,0,0,0,0,0
0.088455,0,0,0,0,0,0,0,0,0,0,0,0,0,0
0.087636,0,0,0,0,0,0,0,0,0,0,0,0,0,0
0.16573,0,0,0,0,0,0,0,0,0,0,0,0,0,0
0.08845,0,0,0,0,0,0,0,0,0,0,0,0,0,0
0.088969,0,0,0,0,0,0,0,0,0,0,0,0,0,0
0.088643,0,0,0,0,0,0,0,0,0,0,0,0,0,0
0.08751,0,0,0,0,0,0,0,0,0,0,0,0,0,0
0.088936,0,0,0,0,0,0,0,0,0,0,0,0,0,0
0.16747,0,0,0,0,0,0,0,0,0,0,0,0,0,0
0.088494,0,0,0,0,0,0,0,0,0,0,0,0,0,0
0.094082,0,0,0,0,0,0,0,0,0,0,0,0,0,0
0.090539,0,0,0,0,0,0,0,0,0,0,0,0,0,0
0.09185,0,0,0,0,0,0,0,0,0,0,0,0,0,0
0.092521,0,0,0,0,0,0,0,0,0,0,0,0,0,0
0.17253,0,0,0,0,0,0,0,0,0,0,0,0,0,0
0.092391,0,0,0,0,0,0,0,0,0,0,0,0,0,0
0.09139,0,0,0,0,0,0,0,0,0,0,0,0,0,0
0.092448,0,0,0,0,0,0,0,0,0,0,0,0,0,0
0.10858,0,0,0,0,0,0,0,0,0,0,0,0,0,0
0.11933,0,0,0,0,0,0,0,0,0,0,0,0,0,0
0.16817,0,0,0,0,0,0,0,0,0,0,0,0,0,0
0.09021,0,0,0,0,0,0,0,0,0,0,0,0,0,0
0.090962,0,0,0,0,0,0,0,0,0,0,0,0,0,0
0.091182,0,0,0,0,0,0,0,0,0,0,0,0,0,0
0.092356,0,0,0,0,0,0,0,0,0,0,0,0,0,0
0.091329,0,0,0,0,0,0,0,0,0,0,0,0,0,0
0.16518,0,0,0,0,0,0,0,0,0,0,0,0,0,0
0.092555,0,0,0,0,0,0,0,0,0,0,0,0,0,0
0.091056,0,0,0,0,0,0,0,0,0,0,0,0,0,0
0.089901,0,0,0,0,0,0,0,0,0,0,0,0,0,0
0.091338,0,0,0,0,0,0,0,0,0,0,0,0,0,0
0.09161,0,0,0,0,0,0,0,0,0,0,0,0,0,0
0.16944,0,0,0,0,0,0,0,0,0,0,0,0,0,0
0.090699,0,0,0,0,0,0,0,0,0,0,0,0,0,0
0.22106,0,0,0,0,0,0,0,0,0,0,0,0,0,0
0.14984,0,0,0,0,0,0,0,0,0,0,0,0,0,0
0.098475,0,0,0,0,0,0,0,0,0,0,0,0,0,0
0.09543,0,0,0,0,0,0,0,0,0,0,0,0,0,0
0.19185,0,0,0,0,0,0,0,0,0,0,0,0,0,0
0.096224,0,0,0,0,0,0,0,0,0,0,0,0,0,0
0.091958,0,0,0,0,0,0,0,0,0,0,0,0,0,0
0.090726,0,0,0,0,0,0,0,0,0,0,0,0,0,0
0.09233,0,0,0,0,0,0,0,0,0,0,0,0,0,0
0.092443,0,0,0,0,0,0,0,0,0,0,0,0,0,0
0.1687,0,0,0,0,0,0,0,0,0,0,0,0,0,0
0.092739,0,0,0,0,0,0,0,0,0,0,0,0,0,0
0.092879,0,0,0,0,0,0,0,0,0,0,0,0,0,0
0.094396,0,0,0,0,0,0,0,0,0,0,0,0,0,0
0.094301,0,0,0,0,0,0,0,0,0,0,0,0,0,0
0.091695,0,0,0,0,0,0,0,0,0,0,0,0,0,0
0.16814,0,0,0,0,0,0,0,0,0,0,0,0,0,0
0.091366,0,0,0,0,0,0,0,0,0,0,0,0,0,0
0.091058,0,0,0,0,0,0,0,0,0,0,0,0,0,0
0.091483,0,0,0,0,0,0,0,0,0,0,0,0,0,0
0.090986,0,0,0,0,0,0,0,0,0,0,0,0,0,0
0.093591,0,0,0,0,0,0,0,0,0,0,0,0,0,0
0.16744,0,0,0,0,0,0,0,0,0,0,0,0,0,0
0.090715,0,0,0,0,0,0,0,0,0,0,0,0,0,0
0.0895,0,0,0,0,0,0,0,0,0,0,0,0,0,0
0.08887,0,0,0,0,0,0,0,0,0,0,0,0,0,0
0.089688,0,0,0,0,0,0,0,0,0,0,0,0,0,0
0.091862,0,0,0,0,0,0,0,0,0,0,0,0,0,0
0.16448,0,0,0,0,0,0,0,0,0,0,0,0,0,0
0.09133,0,0,0,0,0,0,0,0,0,0,0,0,0,0
0.090886,0,0,0,0,0,0,0,0,0,0,0,0,0,0
0.08866,0,0,0,0,0,0,0,0,0,0,0,0,0,0
0.088632,0,0,0,0,0,0,0,0,0,0,0,0,0,0
0.088688,0,0,0,0,0,0,0,0,0,0,0,0,0,0
0.16621,0,0,0,0,0,0,0,0,0,0,0,0,0,0
0.092413,0,0,0,0,0,0,0,0,0,0,0,0,0,0
0.087999,0,0,0,0,0,0,0,0,0,0,0,0,0,0
0.090039,0,0,0,0,0,0,0,0,0,0,0,0,0,0
0.088669,0,0,0,0,0,0,0,0,0,0,0,0,0,0
0.087811,0,0,0,0,0,0,0,0,0,0,0,0,0,0
0.16431,0,0,0,0,0,0,0,0,0,0,0,0,0,0
0.08998,0,0,0,0,0,0,0,0,0,0,0,0,0,0
0.087668,0,0,0,0,0,0,0,0,0,0,0,0,0,0
0.087292,0,0,0,0,0,0,0,0,0,0,0,0,0,0
0.087714,0,0,0,0,0,0,0,0,0,0,0,0,0,0
0.087385,0,0,0,0,0,0,0,0,0,0,0,0,0,0
0.16426,0,0,0,0,0,0,0,0,0,0,0,0,0,0
0.087688,0,0,0,0,0,0,0,0,0,0,0,0,0,0
0.086606,0,0,0,0,0,0,0,0,0,0,0,0,0,0
0.089201,0,0,0,0,0,0,0,0,0,0,0,0,0,0
0.090338,0,0,0,0,0,0,0,0,0,0,0,0,0,0
0.086759,0,0,0,0,0,0,0,0,0,0,0,0,0,0
0.16217,0,0,0,0,0,0,0,0,0,0,0,0,0,0
0.086824,0,0,0,0,0,0,0,0,0,0,0,0,0,0
0.098227,0,0,0,0,0,0,0,0,0,0,0,0,0,0
0.094876,0,0,0,0,0,0,0,0,0,0,0,0,0,0
0.087529,0,0,0,0,0,0,0,0,0,0,0,0,0,0
0.088128,0,0,0,0,0,0,0,0,0,0,0,0,0,0
0.16904,0,0,0,0,0,0,0,0,0,0,0,0,0,0
0.086435,0,0,0,0,0,0,0,0,0,0,0,0,0,0
0.086562,0,0,0,0,0,0,0,0,0,0,0,0,0,0
0.09251,0,0,0,0,0,0,0,0,0,0,0,0,0,0
0.090206,0,0,0,0,0,0,0,0,0,0,0,0,0,0
0.090056,0,0,0,0,0,0,0,0,0,0,0,0,0,0
0.1774,0,0,0,0,0,0,0,0,0,0,0,0,0,0
0.091187,0,0,0,0,0,0,0,0,0,0,0,0,0,0
0.091705,0,0,0,0,0,0,0,0,0,0,0,0,0,0
0.09137,0,0,0,0,0,0,0,0,0,0,0,0,0,0
0.090762,0,0,0,0,0,0,0,0,0,0,0,0,0,0
0.091692,0,0,0,0,0,0,0,0,0,0,0,0,0,0
0.1729,0,0,0,0,0,0,0,0,0,0,0,0,0,0
0.09227,0,0,0,0,0,0,0,0,0,0,0,0,0,0
0.091148,0,0,0,0,0,0,0,0,0,0,0,0,0,0
0.090319,0,0,0,0,0,0,0,0,0,0,0,0,0,0
0.09352,0,0,0,0,0,0,0,0,0,0,0,0,0,0
0.097812,0,0,0,0,0,0,0,0,0,0,0,0,0,0
0.17647,0,0,0,0,0,0,0,0,0,0,0,0,0,0
0.093505,0,0,0,0,0,0,0,0,0,0,0,0,0,0
0.092753,0,0,0,0,0,0,0,0,0,0,0,0,0,0
0.090181,0,0,0,0,0,0,0,0,0,0,0,0,0,0
0.090991,0,0,0,0,0,0,0,0,0,0,0,0,0,0
0.090353,0,0,0,0,0,0,0,0,0,0,0,0,0,0
0.17529,0,0,0,0,0,0,0,0,0,0,0,0,0,0
0.092365,0,0,0,0,0,0,0,0,0,0,0,0,0,0
0.092556,0,0,0,0,0,0,0,0,0,0,0,0,0,0
0.091913,0,0,0,0,0,0,0,0,0,0,0,0,0,0
0.091318,0,0,0,0,0,0,0,0,0,0,0,0,0,0
0.089799,0,0,0,0,0,0,0,0,0,0,0,0,0,0
0.17432,0,0,0,0,0,0,0,0,0,0,0,0,0,0
0.08912,0,0,0,0,0,0,0,0,0,0,0,0,0,0
0.09099,0,0,0,0,0,0,0,0,0,0,0,0,0,0
0.093659,0,0,0,0,0,0,0,0,0,0,0,0,0,0
0.090257,0,0,0,0,0,0,0,0,0,0,0,0,0,0
0.092972,0,0,0,0,0,0,0,0,0,0,0,0,0,0
0.20228,0,0,0,0,0,0,0,0,0,0,0,0,0,0
0.091094,0,0,0,0,0,0,0,0,0,0,0,0,0,0
0.09043,0,0,0,0,0,0,0,0,0,0,0,0,0,0
0.089486,0,0,0,0,0,0,0,0,0,0,0,0,0,0
0.091016,0,0,0,0,0,0,0,0,0,0,0,0,0,0
0.091248,0,0,0,0,0,0,0,0,0,0,0,0,0,0
0.17631,0,0,0,0,0,0,0,0,0,0,0,0,0,0
0.09225,0,0,0,0,0,0,0,0,0,0,0,0,0,0
0.090368,0,0,0,0,0,0,0,0,0,0,0,0,0,0
0.090129,0,0,0,0,0,0,0,0,0,0,0,0,0,0
0.091903,0,0,0,0,0,0,0,0,0,0,0,0,0,0
0.08963,0,0,0,0,0,0,0,0,0,0,0,0,0,0
0.17693,0,0,0,0,0,0,0,0,0,0,0,0,0,0
0.090194,0,0,0,0,0,0,0,0,0,0,0,0,0,0
0.091425,0,0,0,0,0,0,0,0,0,0,0,0,0,0
0.090136,0,0,0,0,0,0,0,0,0,0,0,0,0,0
0.089365,0,0,0,0,0,0,0,0,0,0,0,0,0,0
0.090011,0,0,0,0,0,0,0,0,0,0,0,0,0,0
0.16986,0,0,0,0,0,0,0,0,0,0,0,0,0,0
0.090534,0,0,0,0,0,0,0,0,0,0,0,0,0,0
0.088218,0,0,0,0,0,0,0,0,0,0,0,0,0,0
0.08982,0,0,0,0,0,0,0,0,0,0,0,0,0,0
0.09648,0,0,0,0,0,0,0,0,0,0,0,0,0,0
0.099805,0,0,0,0,0,0,0,0,0,0,0,0,0,0
0.17924,0,0,0,0,0,0,0,0,0,0,0,0,0,0
0.091706,0,0,0,0,0,0,0,0,0,0,0,0,0,0
0.10557,0,0,0,0,0,0,0,0,0,0,0,0,0,0
0.10094,0,0,0,0,0,0,0,0,0,0,0,0,0,0
0.10025,0,0,0,0,0,0,0,0,0,0,0,0,0,0
0.10176,0,0,0,0,0,0,0,0,0,0,0,0,0,0
0.18158,0,0,0,0,0,0,0,0,0,0,0,0,0,0
0.099869,0,0,0,0,0,0,0,0,0,0,0,0,0,0
0.093894,0,0,0,0,0,0,0,0,0,0,0,0,0,0
0.094212,0,0,0,0,0,0,0,0,0,0,0,0,0,0
0.094682,0,0,0,0,0,0,0,0,0,0,0,0,0,0
0.10327,0,0,0,0,0,0,0,0,0,0,0,0,0,0
0.18195,0,0,0,0,0,0,0,0,0,0,0,0,0,0
0.10126,0,0,0,0,0,0,0,0,0,0,0,0,0,0
0.091713,0,0,0,0,0,0,0,0,0,0,0,0,0,0
0.095517,0,0,0,0,0,0,0,0,0,0,0,0,0,0
0.090246,0,0,0,0,0,0,0,0,0,0,0,0,0,0
0.088995,0,0,0,0,0,0,0,0,0,0,0,0,0,0
0.17993,0,0,0,0,0,0,0,0,0,0,0,0,0,0
0.096363,0,0,0,0,0,0,0,0,0,0,0,0,0,0
0.096659,0,0,0,0,0,0,0,0,0,0,0,0,0,0
0.091771,0,0,0,0,0,0,0,0,0,0,0,0,0,0
0.092773,0,0,0,0,0,0,0,0,0,0,0,0,0,0
0.10588,0,0,0,0,0,0,0,0,0,0,0,0,0,0
0.18125,0,0,0,0,0,0,0,0,0,0,0,0,0,0
0.097191,0,0,0,0,0,0,0,0,0,0,0,0,0,0
0.096578,0,0,0,0,0,0,0,0,0,0,0,0,0,0
0.093097,0,0,0,0,0,0,0,0,0,0,0,0,0,0
0.088482,0,0,0,0,0,0,0,0,0,0,0,0,0,0
0.088831,0,0,0,0,0,0,0,0,0,0,0,0,0,0
0.17514,0,0,0,0,0,0,0,0,0,0,0,0,0,0
0.089537,0,0,0,0,0,0,0,0,0,0,0,0,0,0
0.088814,0,0,0,0,0,0,0,0,0,0,0,0,0,0
0.095963,0,0,0,0,0,0,0,0,0,0,0,0,0,0
0.090266,0,0,0,0,0,0,0,0,0,0,0,0,0,0
0.088019,0,0,0,0,0,0,0,0,0,0,0,0,0,0
0.17739,0,0,0,0,0,0,0,0,0,0,0,0,0,0
0.094085,0,0,0,0,0,0,0,0,0,0,0,0,0,0
0.09653,0,0,0,0,0,0,0,0,0,0,0,0,0,0
0.094659,0,0,0,0,0,0,0,0,0,0,0,0,0,0
0.091952,0,0,0,0,0,0,0,0,0,0,0,0,0,0
0.10097,0,0,0,0,0,0,0,0,0,0,0,0,0,0
0.18182,0,0,0,0,0,0,0,0,0,0,0,0,0,0
0.093154,0,0,0,0,0,0,0,0,0,0,0,0,0,0
0.097822,0,0,0,0,0,0,0,0,0,0,0,0,0,0
0.093334,0,0,0,0,0,0,0,0,0,0,0,0,0,0
0.088929,0,0,0,0,0,0,0,0,0,0,0,0,0,0
0.098191,0,0,0,0,0,0,0,0,0,0,0,0,0,0
0.18487,0,0,0,0,0,0,0,0,0,0,0,0,0,0
0.091832,0,0,0,0,0,0,0,0,0,0,0,0,0,0
0.093655,0,0,0,0,0,0,0,0,0,0,0,0,0,0
0.08737,0,0,0,0,0,0,0,0,0,0,0,0,0,0
0.086863,0,0,0,0,0,0,0,0,0,0,0,0,0,0
0.087788,0,0,0,0,0,0,0,0,0,0,0,0,0,0
0.21632,0,0,0,0,0,0,0,0,0,0,0,0,0,0
0.14104,0,0,0,0,0,0,0,0,0,0,0,0,0,0
0.082676,0,0,0,0,0,0,0,0,0,0,0,0,0,0
0.082968,0,0,0,0,0,0,0,0,0,0,0,0,0,0
0.084059,0,0,0,0,0,0,0,0,0,0,0,0,0,0
0.082741,0,0,0,0,0,0,0,0,0,0,0,0,0,0
0.15538,0,0,0,0,0,0,0,0,0,0,0,0,0,0
0.081498,0,0,0,0,0,0,0,0,0,0,0,0,0,0
0.085567,0,0,0,0,0,0,0,0,0,0,0,0,0,0
0.084111,0,0,0,0,0,0,0,0,0,0,0,0,0,0
0.083026,0,0,0,0,0,0,0,0,0,0,0,0,0,0
0.0827,0,0,0,0,0,0,0,0,0,0,0,0,0,0
0.15765,0,0,0,0,0,0,0,0,0,0,0,0,0,0
0.085986,0,0,0,0,0,0,0,0,0,0,0,0,0,0
0.084669,0,0,0,0,0,0,0,0,0,0,0,0,0,0
0.084472,0,0,0,0,0,0,0,0,0,0,0,0,0,0
0.085226,0,0,0,0,0,0,0,0,0,0,0,0,0,0
0.084347,0,0,0,0,0,0,0,0,0,0,0,0,0,0
0.15868,0,0,0,0,0,0,0,0,0,0,0,0,0,0
0.085141,0,0,0,0,0,0,0,0,0,0,0,0,0,0
0.085231,0,0,0,0,0,0,0,0,0,0,0,0,0,0
0.085465,0,0,0,0,0,0,0,0,0,0,0,0,0,0
0.082835,0,0,0,0,0,0,0,0,0,0,0,0,0,0
0.081656,0,0,0,0,0,0,0,0,0,0,0,0,0,0
0.15921,0,0,0,0,0,0,0,0,0,0,0,0,0,0
0.084958,0,0,0,0,0,0,0,0,0,0,0,0,0,0
0.084062,0,0,0,0,0,0,0,0,0,0,0,0,0,0
0.083919,0,0,0,0,0,0,0,0,0,0,0,0,0,0
0.08465,0,0,0,0,0,0,0,0,0,0,0,0,0,0
0.087243,0,0,0,0,0,0,0,0,0,0,0,0,0,0
0.16367,0,0,0,0,0,0,0,0,0,0,0,0,0,0
0.087934,0,0,0,0,0,0,0,0,0,0,0,0,0,0
0.087032,0,0,0,0,0,0,0,0,0,0,0,0,0,0
0.086484,0,0,0,0,0,0,0,0,0,0,0,0,0,0
0.087004,0,0,0,0,0,0,0,0,0,0,0,0,0,0
0.085336,0,0,0,0,0,0,0,0,0,0,0,0,0,0
0.16172,0,0,0,0,0,0,0,0,0,0,0,0,0,0
0.085009,0,0,0,0,0,0,0,0,0,0,0,0,0,0
0.086549,0,0,0,0,0,0,0,0,0,0,0,0,0,0
0.084614,0,0,0,0,0,0,0,0,0,0,0,0,0,0
0.084986,0,0,0,0,0,0,0,0,0,0,0,0,0,0
0.084885,0,0,0,0,0,0,0,0,0,0,0,0,0,0
0.16115,0,0,0,0,0,0,0,0,0,0,0,0,0,0
0.084933,0,0,0,0,0,0,0,0,0,0,0,0,0,0
0.085153,0,0,0,0,0,0,0,0,0,0,0,0,0,0
0.084837,0,0,0,0,0,0,0,0,0,0,0,0,0,0
0.083873,0,0,0,0,0,0,0,0,0,0,0,0,0,0
0.084483,0,0,0,0,0,0,0,0,0,0,0,0,0,0
0.15971,0,0,0,0,0,0,0,0,0,0,0,0,0,0
0.084466,0,0,0,0,0,0,0,0,0,0,0,0,0,0
0.084349,0,0,0,0,0,0,0,0,0,0,0,0,0,0
0.084222,0,0,0,0,0,0,0,0,0,0,0,0,0,0
0.084431,0,0,0,0,0,0,0,0,0,0,0,0,0,0
0.08341,0,0,0,0,0,0,0,0,0,0,0,0,0,0
0.15776,0,0,0,0,0,0,0,0,0,0,0,0,0,0
0.083389,0,0,0,0,0,0,0,0,0,0,0,0,0,0
0.085557,0,0,0,0,0,0,0,0,0,0,0,0,0,0
0.085279,0,0,0,0,0,0,0,0,0,0,0,0,0,0
0.085531,0,0,0,0,0,0,0,0,0,0,0,0,0,0
0.084082,0,0,0,0,0,0,0,0,0,0,0,0,0,0
0.16058,0,0,0,0,0,0,0,0,0,0,0,0,0,0
0.085455,0,0,0,0,0,0,0,0,0,0,0,0,0,0
0.085008,0,0,0,0,0,0,0,0,0,0,0,0,0,0
0.084822,0,0,0,0,0,0,0,0,0,0,0,0,0,0
0.084104,0,0,0,0,0,0,0,0,0,0,0,0,0,0
0.083904,0,0,0,0,0,0,0,0,0,0,0,0,0,0
0.15908,0,0,0,0,0,0,0,0,0,0,0,0,0,0
0.084357,0,0,0,0,0,0,0,0,0,0,0,0,0,0
0.082815,0,0,0,0,0,0,0,0,0,0,0,0,0,0
0.08468,0,0,0,0,0,0,0,0,0,0,0,0,0,0
0.083478,0,0,0,0,0,0,0,0,0,0,0,0,0,0
0.084826,0,0,0,0,0,0,0,0,0,0,0,0,0,0
0.15888,0,0,0,0,0,0,0,0,0,0,0,0,0,0
0.084071,0,0,0,0,0,0,0,0,0,0,0,0,0,0
0.083003,0,0,0,0,0,0,0,0,0,0,0,0,0,0
0.08349,0,0,0,0,0,0,0,0,0,0,0,0,0,0
0.084796,0,0,0,0,0,0,0,0,0,0,0,0,0,0
0.082506,0,0,0,0,0,0,0,0,0,0,0,0,0,0
0.15734,0,0,0,0,0,0,0,0,0,0,0,0,0,0
0.083964,0,0,0,0,0,0,0,0,0,0,0,0,0,0
0.083026,0,0,0,0,0,0,0,0,0,0,0,0,0,0
0.085009,0,0,0,0,0,0,0,0,0,0,0,0,0,0
0.083598,0,0,0,0,0,0,0,0,0,0,0,0,0,0
0.084167,0,0,0,0,0,0,0,0,0,0,0,0,0,0
0.15837,0,0,0,0,0,0,0,0,0,0,0,0,0,0
0.083869,0,0,0,0,0,0,0,0,0,0,0,0,0,0
0.083164,0,0,0,0,0,0,0,0,0,0,0,0,0,0
0.084215,0,0,0,0,0,0,0,0,0,0,0,0,0,0
0.18729,0,0,0,0,0,0,0,0,0,0,0,0,0,0
0.1177,0,0,0,0,0,0,0,0,0,0,0,0,0,0
0.16808,0,0,0,0,0,0,0,0,0,0,0,0,0,0
0.08688,0,0,0,0,0,0,0,0,0,0,0,0,0,0
0.087569,0,0,0,0,0,0,0,0,0,0,0,0,0,0
0.085627,0,0,0,0,0,0,0,0,0,0,0,0,0,0
0.087102,0,0,0,0,0,0,0,0,0,0,0,0,0,0
0.083801,0,0,0,0,0,0,0,0,0,0,0,0,0,0
0.15857,0,0,0,0,0,0,0,0,0,0,0,0,0,0
0.08366,0,0,0,0,0,0,0,0,0,0,0,0,0,0
0.083706,0,0,0,0,0,0,0,0,0,0,0,0,0,0
0.084183,0,0,0,0,0,0,0,0,0,0,0,0,0,0
0.083066,0,0,0,0,0,0,0,0,0,0,0,0,0,0
0.083506,0,0,0,0,0,0,0,0,0,0,0,0,0,0
0.15835,0,0,0,0,0,0,0,0,0,0,0,0,0,0
0.083172,0,0,0,0,0,0,0,0,0,0,0,0,0,0
0.084502,0,0,0,0,0,0,0,0,0,0,0,0,0,0
0.083831,0,0,0,0,0,0,0,0,0,0,0,0,0,0
0.083816,0,0,0,0,0,0,0,0,0,0,0,0,0,0
0.082445,0,0,0,0,0,0,0,0,0,0,0,0,0,0
0.15769,0,0,0,0,0,0,0,0,0,0,0,0,0,0
0.082866,0,0,0,0,0,0,0,0,0,0,0,0,0,0
0.082098,0,0,0,0,0,0,0,0,0,0,0,0,0,0
0.084175,0,0,0,0,0,0,0,0,0,0,0,0,0,0
0.084374,0,0,0,0,0,0,0,0,0,0,0,0,0,0
0.08404,0,0,0,0,0,0,0,0,0,0,0,0,0,0
0.15829,0,0,0,0,0,0,0,0,0,0,0,0,0,0
0.084754,0,0,0,0,0,0,0,0,0,0,0,0,0,0
0.08243,0,0,0,0,0,0,0,0,0,0,0,0,0,0
0.082843,0,0,0,0,0,0,0,0,0,0,0,0,0,0
0.082565,0,0,0,0,0,0,0,0,0,0,0,0,0,0
0.085092,0,0,0,0,0,0,0,0,0,0,0,0,0,0
0.16283,0,0,0,0,0,0,0,0,0,0,0,0,0,0
0.082733,0,0,0,0,0,0,0,0,0,0,0,0,0,0
0.083731,0,0,0,0,0,0,0,0,0,0,0,0,0,0
0.083707,0,0,0,0,0,0,0,0,0,0,0,0,0,0
0.082738,0,0,0,0,0,0,0,0,0,0,0,0,0,0
0.083446,0,0,0,0,0,0,0,0,0,0,0,0,0,0
0.15759,0,0,0,0,0,0,0,0,0,0,0,0,0,0
0.08411,0,0,0,0,0,0,0,0,0,0,0,0,0,0
0.084323,0,0,0,0,0,0,0,0,0,0,0,0,0,0
0.083609,0,0,0,0,0,0,0,0,0,0,0,0,0,0
0.08281,0,0,0,0,0,0,0,0,0,0,0,0,0,0
0.082536,0,0,0,0,0,0,0,0,0,0,0,0,0,0
0.15812,0,0,0,0,0,0,0,0,0,0,0,0,0,0
0.080899,0,0,0,0,0,0,0,0,0,0,0,0,0,0
0.083031,0,0,0,0,0,0,0,0,0,0,0,0,0,0
0.082561,0,0,0,0,0,0,0,0,0,0,0,0,0,0
0.080896,0,0,0,0,0,0,0,0,0,0,0,0,0,0
0.080033,0,0,0,0,0,0,0,0,0,0,0,0,0,0
0.15703,0,0,0,0,0,0,0,0,0,0,0,0,0,0
0.081535,0,0,0,0,0,0,0,0,0,0,0,0,0,0
0.0835,0,0,0,0,0,0,0,0,0,0,0,0,0,0
0.084763,0,0,0,0,0,0,0,0,0,0,0,0,0,0
0.083329,0,0,0,0,0,0,0,0,0,0,0,0,0,0
0.082138,0,0,0,0,0,0,0,0,0,0,0,0,0,0
0.15395,0,0,0,0,0,0,0,0,0,0,0,0,0,0
0.081392,0,0,0,0,0,0,0,0,0,0,0,0,0,0
0.083075,0,0,0,0,0,0,0,0,0,0,0,0,0,0
0.090472,0,0,0,0,0,0,0,0,0,0,0,0,0,0
0.082451,0,0,0,0,0,0,0,0,0,0,0,0,0,0
0.083719,0,0,0,0,0,0,0,0,0,0,0,0,0,0
0.16136,0,0,0,0,0,0,0,0,0,0,0,0,0,0
0.083635,0,0,0,0,0,0,0,0,0,0,0,0,0,0
0.085859,0,0,0,0,0,0,0,0,0,0,0,0,0,0
0.08267,0,0,0,0,0,0,0,0,0,0,0,0,0,0
0.083527,0,0,0,0,0,0,0,0,0,0,0,0,0,0
0.085369,0,0,0,0,0,0,0,0,0,0,0,0,0,0
0.16953,0,0,0,0,0,0,0,0,0,0,0,0,0,0
0.086749,0,0,0,0,0,0,0,0,0,0,0,0,0,0
0.087754,0,0,0,0,0,0,0,0,0,0,0,0,0,0
0.086702,0,0,0,0,0,0,0,0,0,0,0,0,0,0
0.087285,0,0,0,0,0,0,0,0,0,0,0,0,0,0
0.085725,0,0,0,0,0,0,0,0,0,0,0,0,0,0
0.17067,0,0,0,0,0,0,0,0,0,0,0,0,0,0
0.085671,0,0,0,0,0,0,0,0,0,0,0,0,0,0
0.087822,0,0,0,0,0,0,0,0,0,0,0,0,0,0
0.087903,0,0,0,0,0,0,0,0,0,0,0,0,0,0
0.087108,0,0,0,0,0,0,0,0,0,0,0,0,0,0
0.087991,0,0,0,0,0,0,0,0,0,0,0,0,0,0
0.17266,0,0,0,0,0,0,0,0,0,0,0,0,0,0
0.088005,0,0,0,0,0,0,0,0,0,0,0,0,0,0
0.085433,0,0,0,0,0,0,0,0,0,0,0,0,0,0
0.088065,0,0,0,0,0,0,0,0,0,0,0,0,0,0
0.086179,0,0,0,0,0,0,0,0,0,0,0,0,0,0
0.087541,0,0,0,0,0,0,0,0,0,0,0,0,0,0
0.17239,0,0,0,0,0,0,0,0,0,0,0,0,0,0
0.087166,0,0,0,0,0,0,0,0,0,0,0,0,0,0
0.087575,0,0,0,0,0,0,0,0,0,0,0,0,0,0
0.087178,0,0,0,0,0,0,0,0,0,0,0,0,0,0
0.087972,0,0,0,0,0,0,0,0,0,0,0,0,0,0
0.086619,0,0,0,0,0,0,0,0,0,0,0,0,0,0
0.17092,0,0,0,0,0,0,0,0,0,0,0,0,0,0
0.087125,0,0,0,0,0,0,0,0,0,0,0,0,0,0
0.088534,0,0,0,0,0,0,0,0,0,0,0,0,0,0
0.087629,0,0,0,0,0,0,0,0,0,0,0,0,0,0
0.086884,0,0,0,0,0,0,0,0,0,0,0,0,0,0
0.087171,0,0,0,0,0,0,0,0,0,0,0,0,0,0
0.17167,0,0,0,0,0,0,0,0,0,0,0,0,0,0
0.087209,0,0,0,0,0,0,0,0,0,0,0,0,0,0
0.086699,0,0,0,0,0,0,0,0,0,0,0,0,0,0
0.086518,0,0,0,0,0,0,0,0,0,0,0,0,0,0
0.085961,0,0,0,0,0,0,0,0,0,0,0,0,0,0
0.086699,0,0,0,0,0,0,0,0,0,0,0,0,0,0
0.1748,0,0,0,0,0,0,0,0,0,0,0,0,0,0
0.086345,0,0,0,0,0,0,0,0,0,0,0,0,0,0
0.086327,0,0,0,0,0,0,0,0,0,0,0,0,0,0
0.086979,0,0,0,0,0,0,0,0,0,0,0,0,0,0
0.086964,0,0,0,0,0,0,0,0,0,0,0,0,0,0
0.086997,0,0,0,0,0,0,0,0,0,0,0,0,0,0
0.1713,0,0,0,0,0,0,0,0,0,0,0,0,0,0
0.08649,0,0,0,0,0,0,0,0,0,0,0,0,0,0
0.086354,0,0,0,0,0,0,0,0,0,0,0,0,0,0
0.085782,0,0,0,0,0,0,0,0,0,0,0,0,0,0
0.088556,0,0,0,0,0,0,0,0,0,0,0,0,0,0
0.086717,0,0,0,0,0,0,0,0,0,0,0,0,0,0
0.17273,0,0,0,0,0,0,0,0,0,0,0,0,0,0
0.08688,0,0,0,0,0,0,0,0,0,0,0,0,0,0
0.088551,0,0,0,0,0,0,0,0,0,0,0,0,0,0
0.088271,0,0,0,0,0,0,0,0,0,0,0,0,0,0
0.089178,0,0,0,0,0,0,0,0,0,0,0,0,0,0
0.084926,0,0,0,0,0,0,0,0,0,0,0,0,0,0
0.16736,0,0,0,0,0,0,0,0,0,0,0,0,0,0
0.086689,0,0,0,0,0,0,0,0,0,0,0,0,0,0
0.086596,0,0,0,0,0,0,0,0,0,0,0,0,0,0
0.086561,0,0,0,0,0,0,0,0,0,0,0,0,0,0
0.085104,0,0,0,0,0,0,0,0,0,0,0,0,0,0
0.086124,0,0,0,0,0,0,0,0,0,0,0,0,0,0
0.17655,0,0,0,0,0,0,0,0,0,0,0,0,0,0
0.08476,0,0,0,0,0,0,0,0,0,0,0,0,0,0
0.08369,0,0,0,0,0,0,0,0,0,0,0,0,0,0
0.085427,0,0,0,0,0,0,0,0,0,0,0,0,0,0
0.085761,0,0,0,0,0,0,0,0,0,0,0,0,0,0
0.15613,0,0,0,0,0,0,0,0,0,0,0,0,0,0
0.22518,0,0,0,0,0,0,0,0,0,0,0,0,0,0
0.082861,0,0,0,0,0,0,0,0,0,0,0,0,0,0
0.082388,0,0,0,0,0,0,0,0,0,0,0,0,0,0
0.083238,0,0,0,0,0,0,0,0,0,0,0,0,0,0
0.082999,0,0,0,0,0,0,0,0,0,0,0,0,0,0
0.083082,0,0,0,0,0,0,0,0,0,0,0,0,0,0
0.15432,0,0,0,0,0,0,0,0,0,0,0,0,0,0
0.083267,0,0,0,0,0,0,0,0,0,0,0,0,0,0
0.093564,0,0,0,0,0,0,0,0,0,0,0,0,0,0
0.084388,0,0,0,0,0,0,0,0,0,0,0,0,0,0
0.083425,0,0,0,0,0,0,0,0,0,0,0,0,0,0
0.086539,0,0,0,0,0,0,0,0,0,0,0,0,0,0
0.16193,0,0,0,0,0,0,0,0,0,0,0,0,0,0
0.086443,0,0,0,0,0,0,0,0,0,0,0,0,0,0
0.086103,0,0,0,0,0,0,0,0,0,0,0,0,0,0
0.085833,0,0,0,0,0,0,0,0,0,0,0,0,0,0
0.085653,0,0,0,0,0,0,0,0,0,0,0,0,0,0
0.08533,0,0,0,0,0,0,0,0,0,0,0,0,0,0
0.15901,0,0,0,0,0,0,0,0,0,0,0,0,0,0
0.08582,0,0,0,0,0,0,0,0,0,0,0,0,0,0
0.083323,0,0,0,0,0,0,0,0,0,0,0,0,0,0
0.080799,0,0,0,0,0,0,0,0,0,0,0,0,0,0
0.082865,0,0,0,0,0,0,0,0,0,0,0,0,0,0
0.083541,0,0,0,0,0,0,0,0,0,0,0,0,0,0
0.15756,0,0,0,0,0,0,0,0,0,0,0,0,0,0
0.082173,0,0,0,0,0,0,0,0,0,0,0,0,0,0
