11.052,0,0,0,0,0,0,0,0,0,0,0,0,0,0
0.23477,0,0,0,0,0,0,0,0,0,0,0,0,0,0
0.17881,0,0,0,0,0,0,0,0,0,0,0,0,0,0
0.11277,0,0,0,0,0,0,0,0,0,0,0,0,0,0
0.14827,0,0,0,0,0,0,0,0,0,0,0,0,0,0
0.26326,0,0,0,0,0,0,0,0,0,0,0,0,0,0
0.3364,0,0,0,0,0,0,0,0,0,0,0,0,0,0
0.10997,0,0,0,0,0,0,0,0,0,0,0,0,0,0
0.10643,0,0,0,0,0,0,0,0,0,0,0,0,0,0
0.10139,0,0,0,0,0,0,0,0,0,0,0,0,0,0
0.10182,0,0,0,0,0,0,0,0,0,0,0,0,0,0
0.10307,0,0,0,0,0,0,0,0,0,0,0,0,0,0
0.1942,0,0,0,0,0,0,0,0,0,0,0,0,0,0
0.10523,0,0,0,0,0,0,0,0,0,0,0,0,0,0
0.10407,0,0,0,0,0,0,0,0,0,0,0,0,0,0
0.10396,0,0,0,0,0,0,0,0,0,0,0,0,0,0
0.10296,0,0,0,0,0,0,0,0,0,0,0,0,0,0
0.10521,0,0,0,0,0,0,0,0,0,0,0,0,0,0
0.18516,0,0,0,0,0,0,0,0,0,0,0,0,0,0
0.10459,0,0,0,0,0,0,0,0,0,0,0,0,0,0
0.10485,0,0,0,0,0,0,0,0,0,0,0,0,0,0
0.10409,0,0,0,0,0,0,0,0,0,0,0,0,0,0
0.10533,0,0,0,0,0,0,0,0,0,0,0,0,0,0
0.10299,0,0,0,0,0,0,0,0,0,0,0,0,0,0
0.18539,0,0,0,0,0,0,0,0,0,0,0,0,0,0
0.10617,0,0,0,0,0,0,0,0,0,0,0,0,0,0
0.10544,0,0,0,0,0,0,0,0,0,0,0,0,0,0
0.10447,0,0,0,0,0,0,0,0,0,0,0,0,0,0
0.103,0,0,0,0,0,0,0,0,0,0,0,0,0,0
0.10467,0,0,0,0,0,0,0,0,0,0,0,0,0,0
0.19771,0,0,0,0,0,0,0,0,0,0,0,0,0,0
0.10638,0,0,0,0,0,0,0,0,0,0,0,0,0,0
0.10665,0,0,0,0,0,0,0,0,0,0,0,0,0,0
0.10441,0,0,0,0,0,0,0,0,0,0,0,0,0,0
0.10562,0,0,0,0,0,0,0,0,0,0,0,0,0,0
0.10342,0,0,0,0,0,0,0,0,0,0,0,0,0,0
0.18853,0,0,0,0,0,0,0,0,0,0,0,0,0,0
0.10405,0,0,0,0,0,0,0,0,0,0,0,0,0,0
0.10389,0,0,0,0,0,0,0,0,0,0,0,0,0,0
0.10752,0,0,0,0,0,0,0,0,0,0,0,0,0,0
0.10418,0,0,0,0,0,0,0,0,0,0,0,0,0,0
0.10544,0,0,0,0,0,0,0,0,0,0,0,0,0,0
0.18826,0,0,0,0,0,0,0,0,0,0,0,0,0,0
0.1064,0,0,0,0,0,0,0,0,0,0,0,0,0,0
0.10383,0,0,0,0,0,0,0,0,0,0,0,0,0,0
0.10878,0,0,0,0,0,0,0,0,0,0,0,0,0,0
0.10866,0,0,0,0,0,0,0,0,0,0,0,0,0,0
0.10919,0,0,0,0,0,0,0,0,0,0,0,0,0,0
0.18671,0,0,0,0,0,0,0,0,0,0,0,0,0,0
0.10364,0,0,0,0,0,0,0,0,0,0,0,0,0,0
0.20684,0,0,0,0,0,0,0,0,0,0,0,0,0,0
0.15209,0,0,0,0,0,0,0,0,0,0,0,0,0,0
0.12107,0,0,0,0,0,0,0,0,0,0,0,0,0,0
0.1124,0,0,0,0,0,0,0,0,0,0,0,0,0,0
0.212,0,0,0,0,0,0,0,0,0,0,0,0,0,0
0.11337,0,0,0,0,0,0,0,0,0,0,0,0,0,0
0.11077,0,0,0,0,0,0,0,0,0,0,0,0,0,0
0.11223,0,0,0,0,0,0,0,0,0,0,0,0,0,0
0.11652,0,0,0,0,0,0,0,0,0,0,0,0,0,0
0.11592,0,0,0,0,0,0,0,0,0,0,0,0,0,0
0.20081,0,0,0,0,0,0,0,0,0,0,0,0,0,0
0.10958,0,0,0,0,0,0,0,0,0,0,0,0,0,0
0.11067,0,0,0,0,0,0,0,0,0,0,0,0,0,0
0.11309,0,0,0,0,0,0,0,0,0,0,0,0,0,0
0.10818,0,0,0,0,0,0,0,0,0,0,0,0,0,0
0.10948,0,0,0,0,0,0,0,0,0,0,0,0,0,0
0.19736,0,0,0,0,0,0,0,0,0,0,0,0,0,0
0.10832,0,0,0,0,0,0,0,0,0,0,0,0,0,0
0.1087,0,0,0,0,0,0,0,0,0,0,0,0,0,0
0.10733,0,0,0,0,0,0,0,0,0,0,0,0,0,0
0.10717,0,0,0,0,0,0,0,0,0,0,0,0,0,0
0.11079,0,0,0,0,0,0,0,0,0,0,0,0,0,0
0.19068,0,0,0,0,0,0,0,0,0,0,0,0,0,0
0.10874,0,0,0,0,0,0,0,0,0,0,0,0,0,0
0.10623,0,0,0,0,0,0,0,0,0,0,0,0,0,0
0.10773,0,0,0,0,0,0,0,0,0,0,0,0,0,0
0.1075,0,0,0,0,0,0,0,0,0,0,0,0,0,0
0.10587,0,0,0,0,0,0,0,0,0,0,0,0,0,0
0.19159,0,0,0,0,0,0,0,0,0,0,0,0,0,0
0.10644,0,0,0,0,0,0,0,0,0,0,0,0,0,0
0.1078,0,0,0,0,0,0,0,0,0,0,0,0,0,0
0.10636,0,0,0,0,0,0,0,0,0,0,0,0,0,0
0.10647,0,0,0,0,0,0,0,0,0,0,0,0,0,0
0.10389,0,0,0,0,0,0,0,0,0,0,0,0,0,0
0.18958,0,0,0,0,0,0,0,0,0,0,0,0,0,0
0.10805,0,0,0,0,0,0,0,0,0,0,0,0,0,0
0.10579,0,0,0,0,0,0,0,0,0,0,0,0,0,0
0.10636,0,0,0,0,0,0,0,0,0,0,0,0,0,0
0.10593,0,0,0,0,0,0,0,0,0,0,0,0,0,0
0.10648,0,0,0,0,0,0,0,0,0,0,0,0,0,0
0.19047,0,0,0,0,0,0,0,0,0,0,0,0,0,0
0.10651,0,0,0,0,0,0,0,0,0,0,0,0,0,0
0.1067,0,0,0,0,0,0,0,0,0,0,0,0,0,0
0.10816,0,0,0,0,0,0,0,0,0,0,0,0,0,0
0.10727,0,0,0,0,0,0,0,0,0,0,0,0,0,0
0.1052,0,0,0,0,0,0,0,0,0,0,0,0,0,0
0.19224,0,0,0,0,0,0,0,0,0,0,0,0,0,0
0.11145,0,0,0,0,0,0,0,0,0,0,0,0,0,0
0.11137,0,0,0,0,0,0,0,0,0,0,0,0,0,0
0.10876,0,0,0,0,0,0,0,0,0,0,0,0,0,0
0.11291,0,0,0,0,0,0,0,0,0,0,0,0,0,0
0.11357,0,0,0,0,0,0,0,0,0,0,0,0,0,0
0.18922,0,0,0,0,0,0,0,0,0,0,0,0,0,0
0.10802,0,0,0,0,0,0,0,0,0,0,0,0,0,0
0.10687,0,0,0,0,0,0,0,0,0,0,0,0,0,0
0.1132,0,0,0,0,0,0,0,0,0,0,0,0,0,0
0.11873,0,0,0,0,0,0,0,0,0,0,0,0,0,0
0.10836,0,0,0,0,0,0,0,0,0,0,0,0,0,0
0.20363,0,0,0,0,0,0,0,0,0,0,0,0,0,0
0.11002,0,0,0,0,0,0,0,0,0,0,0,0,0,0
0.1128,0,0,0,0,0,0,0,0,0,0,0,0,0,0
0.11404,0,0,0,0,0,0,0,0,0,0,0,0,0,0
0.10885,0,0,0,0,0,0,0,0,0,0,0,0,0,0
0.10835,0,0,0,0,0,0,0,0,0,0,0,0,0,0
0.20167,0,0,0,0,0,0,0,0,0,0,0,0,0,0
0.12019,0,0,0,0,0,0,0,0,0,0,0,0,0,0
0.11763,0,0,0,0,0,0,0,0,0,0,0,0,0,0
0.11654,0,0,0,0,0,0,0,0,0,0,0,0,0,0
0.11249,0,0,0,0,0,0,0,0,0,0,0,0,0,0
0.11466,0,0,0,0,0,0,0,0,0,0,0,0,0,0
0.20465,0,0,0,0,0,0,0,0,0,0,0,0,0,0
0.10988,0,0,0,0,0,0,0,0,0,0,0,0,0,0
0.10796,0,0,0,0,0,0,0,0,0,0,0,0,0,0
0.11631,0,0,0,0,0,0,0,0,0,0,0,0,0,0
0.11571,0,0,0,0,0,0,0,0,0,0,0,0,0,0
0.11845,0,0,0,0,0,0,0,0,0,0,0,0,0,0
0.20306,0,0,0,0,0,0,0,0,0,0,0,0,0,0
0.12334,0,0,0,0,0,0,0,0,0,0,0,0,0,0
0.11239,0,0,0,0,0,0,0,0,0,0,0,0,0,0
0.11986,0,0,0,0,0,0,0,0,0,0,0,0,0,0
0.11286,0,0,0,0,0,0,0,0,0,0,0,0,0,0
0.11131,0,0,0,0,0,0,0,0,0,0,0,0,0,0
0.19606,0,0,0,0,0,0,0,0,0,0,0,0,0,0
0.11248,0,0,0,0,0,0,0,0,0,0,0,0,0,0
0.11341,0,0,0,0,0,0,0,0,0,0,0,0,0,0
0.11204,0,0,0,0,0,0,0,0,0,0,0,0,0,0
0.10769,0,0,0,0,0,0,0,0,0,0,0,0,0,0
0.11554,0,0,0,0,0,0,0,0,0,0,0,0,0,0
0.19488,0,0,0,0,0,0,0,0,0,0,0,0,0,0
0.10904,0,0,0,0,0,0,0,0,0,0,0,0,0,0
0.10876,0,0,0,0,0,0,0,0,0,0,0,0,0,0
0.11284,0,0,0,0,0,0,0,0,0,0,0,0,0,0
0.10882,0,0,0,0,0,0,0,0,0,0,0,0,0,0
0.11502,0,0,0,0,0,0,0,0,0,0,0,0,0,0
0.20407,0,0,0,0,0,0,0,0,0,0,0,0,0,0
0.11004,0,0,0,0,0,0,0,0,0,0,0,0,0,0
0.10736,0,0,0,0,0,0,0,0,0,0,0,0,0,0
0.10812,0,0,0,0,0,0,0,0,0,0,0,0,0,0
0.11194,0,0,0,0,0,0,0,0,0,0,0,0,0,0
0.11783,0,0,0,0,0,0,0,0,0,0,0,0,0,0
0.19847,0,0,0,0,0,0,0,0,0,0,0,0,0,0
0.1048,0,0,0,0,0,0,0,0,0,0,0,0,0,0
0.11039,0,0,0,0,0,0,0,0,0,0,0,0,0,0
0.1153,0,0,0,0,0,0,0,0,0,0,0,0,0,0
0.10923,0,0,0,0,0,0,0,0,0,0,0,0,0,0
0.11051,0,0,0,0,0,0,0,0,0,0,0,0,0,0
0.19227,0,0,0,0,0,0,0,0,0,0,0,0,0,0
0.11427,0,0,0,0,0,0,0,0,0,0,0,0,0,0
0.10996,0,0,0,0,0,0,0,0,0,0,0,0,0,0
0.11551,0,0,0,0,0,0,0,0,0,0,0,0,0,0
0.10971,0,0,0,0,0,0,0,0,0,0,0,0,0,0
0.11084,0,0,0,0,0,0,0,0,0,0,0,0,0,0
0.19764,0,0,0,0,0,0,0,0,0,0,0,0,0,0
0.12988,0,0,0,0,0,0,0,0,0,0,0,0,0,0
0.11226,0,0,0,0,0,0,0,0,0,0,0,0,0,0
0.10833,0,0,0,0,0,0,0,0,0,0,0,0,0,0
0.11845,0,0,0,0,0,0,0,0,0,0,0,0,0,0
0.11177,0,0,0,0,0,0,0,0,0,0,0,0,0,0
0.20033,0,0,0,0,0,0,0,0,0,0,0,0,0,0
0.11232,0,0,0,0,0,0,0,0,0,0,0,0,0,0
0.10626,0,0,0,0,0,0,0,0,0,0,0,0,0,0
0.11454,0,0,0,0,0,0,0,0,0,0,0,0,0,0
0.10305,0,0,0,0,0,0,0,0,0,0,0,0,0,0
0.10305,0,0,0,0,0,0,0,0,0,0,0,0,0,0
0.17599,0,0,0,0,0,0,0,0,0,0,0,0,0,0
0.10216,0,0,0,0,0,0,0,0,0,0,0,0,0,0
0.099013,0,0,0,0,0,0,0,0,0,0,0,0,0,0
0.10096,0,0,0,0,0,0,0,0,0,0,0,0,0,0
0.10025,0,0,0,0,0,0,0,0,0,0,0,0,0,0
0.09933,0,0,0,0,0,0,0,0,0,0,0,0,0,0
0.17185,0,0,0,0,0,0,0,0,0,0,0,0,0,0
0.10772,0,0,0,0,0,0,0,0,0,0,0,0,0,0
0.10424,0,0,0,0,0,0,0,0,0,0,0,0,0,0
0.10206,0,0,0,0,0,0,0,0,0,0,0,0,0,0
0.10403,0,0,0,0,0,0,0,0,0,0,0,0,0,0
0.16058,0,0,0,0,0,0,0,0,0,0,0,0,0,0
0.22015,0,0,0,0,0,0,0,0,0,0,0,0,0,0
0.098107,0,0,0,0,0,0,0,0,0,0,0,0,0,0
0.098606,0,0,0,0,0,0,0,0,0,0,0,0,0,0
0.10061,0,0,0,0,0,0,0,0,0,0,0,0,0,0
0.10028,0,0,0,0,0,0,0,0,0,0,0,0,0,0
0.098911,0,0,0,0,0,0,0,0,0,0,0,0,0,0
0.17069,0,0,0,0,0,0,0,0,0,0,0,0,0,0
0.10051,0,0,0,0,0,0,0,0,0,0,0,0,0,0
0.099066,0,0,0,0,0,0,0,0,0,0,0,0,0,0
0.10018,0,0,0,0,0,0,0,0,0,0,0,0,0,0
0.10386,0,0,0,0,0,0,0,0,0,0,0,0,0,0
0.10219,0,0,0,0,0,0,0,0,0,0,0,0,0,0
0.17666,0,0,0,0,0,0,0,0,0,0,0,0,0,0
0.10102,0,0,0,0,0,0,0,0,0,0,0,0,0,0
0.10273,0,0,0,0,0,0,0,0,0,0,0,0,0,0
0.10153,0,0,0,0,0,0,0,0,0,0,0,0,0,0
0.10763,0,0,0,0,0,0,0,0,0,0,0,0,0,0
0.10048,0,0,0,0,0,0,0,0,0,0,0,0,0,0
0.17197,0,0,0,0,0,0,0,0,0,0,0,0,0,0
0.10268,0,0,0,0,0,0,0,0,0,0,0,0,0,0
0.10039,0,0,0,0,0,0,0,0,0,0,0,0,0,0
0.10101,0,0,0,0,0,0,0,0,0,0,0,0,0,0
0.10105,0,0,0,0,0,0,0,0,0,0,0,0,0,0
0.10389,0,0,0,0,0,0,0,0,0,0,0,0,0,0
0.17861,0,0,0,0,0,0,0,0,0,0,0,0,0,0
0.10524,0,0,0,0,0,0,0,0,0,0,0,0,0,0
0.10519,0,0,0,0,0,0,0,0,0,0,0,0,0,0
0.10466,0,0,0,0,0,0,0,0,0,0,0,0,0,0
0.10478,0,0,0,0,0,0,0,0,0,0,0,0,0,0
0.103,0,0,0,0,0,0,0,0,0,0,0,0,0,0
0.17778,0,0,0,0,0,0,0,0,0,0,0,0,0,0
0.10393,0,0,0,0,0,0,0,0,0,0,0,0,0,0
0.10336,0,0,0,0,0,0,0,0,0,0,0,0,0,0
0.10397,0,0,0,0,0,0,0,0,0,0,0,0,0,0
0.10511,0,0,0,0,0,0,0,0,0,0,0,0,0,0
0.10492,0,0,0,0,0,0,0,0,0,0,0,0,0,0
0.17607,0,0,0,0,0,0,0,0,0,0,0,0,0,0
0.10069,0,0,0,0,0,0,0,0,0,0,0,0,0,0
0.10244,0,0,0,0,0,0,0,0,0,0,0,0,0,0
0.10253,0,0,0,0,0,0,0,0,0,0,0,0,0,0
0.10007,0,0,0,0,0,0,0,0,0,0,0,0,0,0
0.10316,0,0,0,0,0,0,0,0,0,0,0,0,0,0
0.17648,0,0,0,0,0,0,0,0,0,0,0,0,0,0
0.099736,0,0,0,0,0,0,0,0,0,0,0,0,0,0
0.10099,0,0,0,0,0,0,0,0,0,0,0,0,0,0
0.10139,0,0,0,0,0,0,0,0,0,0,0,0,0,0
0.099763,0,0,0,0,0,0,0,0,0,0,0,0,0,0
0.10164,0,0,0,0,0,0,0,0,0,0,0,0,0,0
0.172,0,0,0,0,0,0,0,0,0,0,0,0,0,0
0.1019,0,0,0,0,0,0,0,0,0,0,0,0,0,0
0.10136,0,0,0,0,0,0,0,0,0,0,0,0,0,0
0.1026,0,0,0,0,0,0,0,0,0,0,0,0,0,0
0.098989,0,0,0,0,0,0,0,0,0,0,0,0,0,0
0.10285,0,0,0,0,0,0,0,0,0,0,0,0,0,0
0.17371,0,0,0,0,0,0,0,0,0,0,0,0,0,0
0.10378,0,0,0,0,0,0,0,0,0,0,0,0,0,0
0.10006,0,0,0,0,0,0,0,0,0,0,0,0,0,0
0.10284,0,0,0,0,0,0,0,0,0,0,0,0,0,0
0.10255,0,0,0,0,0,0,0,0,0,0,0,0,0,0
0.10325,0,0,0,0,0,0,0,0,0,0,0,0,0,0
0.17721,0,0,0,0,0,0,0,0,0,0,0,0,0,0
0.10599,0,0,0,0,0,0,0,0,0,0,0,0,0,0
0.10104,0,0,0,0,0,0,0,0,0,0,0,0,0,0
0.10152,0,0,0,0,0,0,0,0,0,0,0,0,0,0
0.10314,0,0,0,0,0,0,0,0,0,0,0,0,0,0
0.1022,0,0,0,0,0,0,0,0,0,0,0,0,0,0
0.17861,0,0,0,0,0,0,0,0,0,0,0,0,0,0
0.10248,0,0,0,0,0,0,0,0,0,0,0,0,0,0
0.10218,0,0,0,0,0,0,0,0,0,0,0,0,0,0
0.10109,0,0,0,0,0,0,0,0,0,0,0,0,0,0
0.10053,0,0,0,0,0,0,0,0,0,0,0,0,0,0
0.10422,0,0,0,0,0,0,0,0,0,0,0,0,0,0
0.33704,0,0,0,0,0,0,0,0,0,0,0,0,0,0
0.10509,0,0,0,0,0,0,0,0,0,0,0,0,0,0
0.10362,0,0,0,0,0,0,0,0,0,0,0,0,0,0
0.10434,0,0,0,0,0,0,0,0,0,0,0,0,0,0
0.10623,0,0,0,0,0,0,0,0,0,0,0,0,0,0
0.10448,0,0,0,0,0,0,0,0,0,0,0,0,0,0
0.17655,0,0,0,0,0,0,0,0,0,0,0,0,0,0
0.10058,0,0,0,0,0,0,0,0,0,0,0,0,0,0
0.10153,0,0,0,0,0,0,0,0,0,0,0,0,0,0
0.10006,0,0,0,0,0,0,0,0,0,0,0,0,0,0
0.10138,0,0,0,0,0,0,0,0,0,0,0,0,0,0
0.099415,0,0,0,0,0,0,0,0,0,0,0,0,0,0
0.17555,0,0,0,0,0,0,0,0,0,0,0,0,0,0
0.0997,0,0,0,0,0,0,0,0,0,0,0,0,0,0
0.10102,0,0,0,0,0,0,0,0,0,0,0,0,0,0
0.099353,0,0,0,0,0,0,0,0,0,0,0,0,0,0
0.099357,0,0,0,0,0,0,0,0,0,0,0,0,0,0
0.10078,0,0,0,0,0,0,0,0,0,0,0,0,0,0
0.1753,0,0,0,0,0,0,0,0,0,0,0,0,0,0
0.098926,0,0,0,0,0,0,0,0,0,0,0,0,0,0
0.099208,0,0,0,0,0,0,0,0,0,0,0,0,0,0
0.099403,0,0,0,0,0,0,0,0,0,0,0,0,0,0
0.10108,0,0,0,0,0,0,0,0,0,0,0,0,0,0
0.098986,0,0,0,0,0,0,0,0,0,0,0,0,0,0
0.17372,0,0,0,0,0,0,0,0,0,0,0,0,0,0
0.10198,0,0,0,0,0,0,0,0,0,0,0,0,0,0
0.10294,0,0,0,0,0,0,0,0,0,0,0,0,0,0
0.10318,0,0,0,0,0,0,0,0,0,0,0,0,0,0
0.098923,0,0,0,0,0,0,0,0,0,0,0,0,0,0
0.10149,0,0,0,0,0,0,0,0,0,0,0,0,0,0
0.17721,0,0,0,0,0,0,0,0,0,0,0,0,0,0
0.10105,0,0,0,0,0,0,0,0,0,0,0,0,0,0
0.10123,0,0,0,0,0,0,0,0,0,0,0,0,0,0
0.10151,0,0,0,0,0,0,0,0,0,0,0,0,0,0
0.10194,0,0,0,0,0,0,0,0,0,0,0,0,0,0
0.10145,0,0,0,0,0,0,0,0,0,0,0,0,0,0
0.17534,0,0,0,0,0,0,0,0,0,0,0,0,0,0
0.10169,0,0,0,0,0,0,0,0,0,0,0,0,0,0
0.10105,0,0,0,0,0,0,0,0,0,0,0,0,0,0
0.10245,0,0,0,0,0,0,0,0,0,0,0,0,0,0
0.10107,0,0,0,0,0,0,0,0,0,0,0,0,0,0
0.10076,0,0,0,0,0,0,0,0,0,0,0,0,0,0
0.17478,0,0,0,0,0,0,0,0,0,0,0,0,0,0
0.10254,0,0,0,0,0,0,0,0,0,0,0,0,0,0
0.10244,0,0,0,0,0,0,0,0,0,0,0,0,0,0
0.10247,0,0,0,0,0,0,0,0,0,0,0,0,0,0
0.10023,0,0,0,0,0,0,0,0,0,0,0,0,0,0
0.1028,0,0,0,0,0,0,0,0,0,0,0,0,0,0
0.17883,0,0,0,0,0,0,0,0,0,0,0,0,0,0
0.10333,0,0,0,0,0,0,0,0,0,0,0,0,0,0
0.099758,0,0,0,0,0,0,0,0,0,0,0,0,0,0
0.10216,0,0,0,0,0,0,0,0,0,0,0,0,0,0
0.1016,0,0,0,0,0,0,0,0,0,0,0,0,0,0
0.10102,0,0,0,0,0,0,0,0,0,0,0,0,0,0
0.18096,0,0,0,0,0,0,0,0,0,0,0,0,0,0
0.10046,0,0,0,0,0,0,0,0,0,0,0,0,0,0
0.10414,0,0,0,0,0,0,0,0,0,0,0,0,0,0
0.10353,0,0,0,0,0,0,0,0,0,0,0,0,0,0
0.10273,0,0,0,0,0,0,0,0,0,0,0,0,0,0
0.10353,0,0,0,0,0,0,0,0,0,0,0,0,0,0
0.18653,0,0,0,0,0,0,0,0,0,0,0,0,0,0
0.10235,0,0,0,0,0,0,0,0,0,0,0,0,0,0
0.10307,0,0,0,0,0,0,0,0,0,0,0,0,0,0
0.10401,0,0,0,0,0,0,0,0,0,0,0,0,0,0
0.10418,0,0,0,0,0,0,0,0,0,0,0,0,0,0
0.10328,0,0,0,0,0,0,0,0,0,0,0,0,0,0
0.18897,0,0,0,0,0,0,0,0,0,0,0,0,0,0
0.10294,0,0,0,0,0,0,0,0,0,0,0,0,0,0
0.10126,0,0,0,0,0,0,0,0,0,0,0,0,0,0
0.10191,0,0,0,0,0,0,0,0,0,0,0,0,0,0
0.10234,0,0,0,0,0,0,0,0,0,0,0,0,0,0
0.10298,0,0,0,0,0,0,0,0,0,0,0,0,0,0
0.18612,0,0,0,0,0,0,0,0,0,0,0,0,0,0
0.1014,0,0,0,0,0,0,0,0,0,0,0,0,0,0
0.10268,0,0,0,0,0,0,0,0,0,0,0,0,0,0
0.10282,0,0,0,0,0,0,0,0,0,0,0,0,0,0
0.10193,0,0,0,0,0,0,0,0,0,0,0,0,0,0
0.10255,0,0,0,0,0,0,0,0,0,0,0,0,0,0
0.18696,0,0,0,0,0,0,0,0,0,0,0,0,0,0
0.10195,0,0,0,0,0,0,0,0,0,0,0,0,0,0
0.10436,0,0,0,0,0,0,0,0,0,0,0,0,0,0
0.10947,0,0,0,0,0,0,0,0,0,0,0,0,0,0
0.10297,0,0,0,0,0,0,0,0,0,0,0,0,0,0
0.10422,0,0,0,0,0,0,0,0,0,0,0,0,0,0
0.18682,0,0,0,0,0,0,0,0,0,0,0,0,0,0
0.10164,0,0,0,0,0,0,0,0,0,0,0,0,0,0
0.10327,0,0,0,0,0,0,0,0,0,0,0,0,0,0
0.10271,0,0,0,0,0,0,0,0,0,0,0,0,0,0
0.10158,0,0,0,0,0,0,0,0,0,0,0,0,0,0
0.10355,0,0,0,0,0,0,0,0,0,0,0,0,0,0
0.18642,0,0,0,0,0,0,0,0,0,0,0,0,0,0
0.10451,0,0,0,0,0,0,0,0,0,0,0,0,0,0
0.10159,0,0,0,0,0,0,0,0,0,0,0,0,0,0
0.10355,0,0,0,0,0,0,0,0,0,0,0,0,0,0
0.1038,0,0,0,0,0,0,0,0,0,0,0,0,0,0
0.10169,0,0,0,0,0,0,0,0,0,0,0,0,0,0
0.18623,0,0,0,0,0,0,0,0,0,0,0,0,0,0
0.10408,0,0,0,0,0,0,0,0,0,0,0,0,0,0
0.10206,0,0,0,0,0,0,0,0,0,0,0,0,0,0
0.10257,0,0,0,0,0,0,0,0,0,0,0,0,0,0
0.099437,0,0,0,0,0,0,0,0,0,0,0,0,0,0
0.10102,0,0,0,0,0,0,0,0,0,0,0,0,0,0
0.18341,0,0,0,0,0,0,0,0,0,0,0,0,0,0
0.10902,0,0,0,0,0,0,0,0,0,0,0,0,0,0
0.10216,0,0,0,0,0,0,0,0,0,0,0,0,0,0
0.11476,0,0,0,0,0,0,0,0,0,0,0,0,0,0
0.10569,0,0,0,0,0,0,0,0,0,0,0,0,0,0
0.10615,0,0,0,0,0,0,0,0,0,0,0,0,0,0
0.19576,0,0,0,0,0,0,0,0,0,0,0,0,0,0
0.10931,0,0,0,0,0,0,0,0,0,0,0,0,0,0
0.10507,0,0,0,0,0,0,0,0,0,0,0,0,0,0
0.10827,0,0,0,0,0,0,0,0,0,0,0,0,0,0
0.10415,0,0,0,0,0,0,0,0,0,0,0,0,0,0
0.1098,0,0,0,0,0,0,0,0,0,0,0,0,0,0
0.20187,0,0,0,0,0,0,0,0,0,0,0,0,0,0
0.10586,0,0,0,0,0,0,0,0,0,0,0,0,0,0
0.11221,0,0,0,0,0,0,0,0,0,0,0,0,0,0
0.10995,0,0,0,0,0,0,0,0,0,0,0,0,0,0
0.10335,0,0,0,0,0,0,0,0,0,0,0,0,0,0
0.10818,0,0,0,0,0,0,0,0,0,0,0,0,0,0
0.19267,0,0,0,0,0,0,0,0,0,0,0,0,0,0
0.11308,0,0,0,0,0,0,0,0,0,0,0,0,0,0
0.10358,0,0,0,0,0,0,0,0,0,0,0,0,0,0
0.10211,0,0,0,0,0,0,0,0,0,0,0,0,0,0
0.10823,0,0,0,0,0,0,0,0,0,0,0,0,0,0
0.10265,0,0,0,0,0,0,0,0,0,0,0,0,0,0
0.20329,0,0,0,0,0,0,0,0,0,0,0,0,0,0
0.10469,0,0,0,0,0,0,0,0,0,0,0,0,0,0
0.10615,0,0,0,0,0,0,0,0,0,0,0,0,0,0
0.10779,0,0,0,0,0,0,0,0,0,0,0,0,0,0
0.11312,0,0,0,0,0,0,0,0,0,0,0,0,0,0
0.10452,0,0,0,0,0,0,0,0,0,0,0,0,0,0
0.19354,0,0,0,0,0,0,0,0,0,0,0,0,0,0
0.11169,0,0,0,0,0,0,0,0,0,0,0,0,0,0
0.1109,0,0,0,0,0,0,0,0,0,0,0,0,0,0
0.10296,0,0,0,0,0,0,0,0,0,0,0,0,0,0
0.1009,0,0,0,0,0,0,0,0,0,0,0,0,0,0
0.10128,0,0,0,0,0,0,0,0,0,0,0,0,0,0
0.18821,0,0,0,0,0,0,0,0,0,0,0,0,0,0
0.10506,0,0,0,0,0,0,0,0,0,0,0,0,0,0
0.10637,0,0,0,0,0,0,0,0,0,0,0,0,0,0
0.10799,0,0,0,0,0,0,0,0,0,0,0,0,0,0
0.10746,0,0,0,0,0,0,0,0,0,0,0,0,0,0
0.10466,0,0,0,0,0,0,0,0,0,0,0,0,0,0
0.19571,0,0,0,0,0,0,0,0,0,0,0,0,0,0
0.10697,0,0,0,0,0,0,0,0,0,0,0,0,0,0
0.11056,0,0,0,0,0,0,0,0,0,0,0,0,0,0
0.11859,0,0,0,0,0,0,0,0,0,0,0,0,0,0
0.11092,0,0,0,0,0,0,0,0,0,0,0,0,0,0
0.1051,0,0,0,0,0,0,0,0,0,0,0,0,0,0
0.18925,0,0,0,0,0,0,0,0,0,0,0,0,0,0
0.11031,0,0,0,0,0,0,0,0,0,0,0,0,0,0
0.10222,0,0,0,0,0,0,0,0,0,0,0,0,0,0
0.10969,0,0,0,0,0,0,0,0,0,0,0,0,0,0
0.10895,0,0,0,0,0,0,0,0,0,0,0,0,0,0
0.10756,0,0,0,0,0,0,0,0,0,0,0,0,0,0
0.19329,0,0,0,0,0,0,0,0,0,0,0,0,0,0
0.10611,0,0,0,0,0,0,0,0,0,0,0,0,0,0
0.10743,0,0,0,0,0,0,0,0,0,0,0,0,0,0
0.106,0,0,0,0,0,0,0,0,0,0,0,0,0,0
0.10393,0,0,0,0,0,0,0,0,0,0,0,0,0,0
0.10564,0,0,0,0,0,0,0,0,0,0,0,0,0,0
0.19592,0,0,0,0,0,0,0,0,0,0,0,0,0,0
0.10971,0,0,0,0,0,0,0,0,0,0,0,0,0,0
0.10425,0,0,0,0,0,0,0,0,0,0,0,0,0,0
0.10306,0,0,0,0,0,0,0,0,0,0,0,0,0,0
0.10606,0,0,0,0,0,0,0,0,0,0,0,0,0,0
0.11031,0,0,0,0,0,0,0,0,0,0,0,0,0,0
0.19209,0,0,0,0,0,0,0,0,0,0,0,0,0,0
0.1111,0,0,0,0,0,0,0,0,0,0,0,0,0,0
0.10743,0,0,0,0,0,0,0,0,0,0,0,0,0,0
0.1046,0,0,0,0,0,0,0,0,0,0,0,0,0,0
0.10322,0,0,0,0,0,0,0,0,0,0,0,0,0,0
0.10878,0,0,0,0,0,0,0,0,0,0,0,0,0,0
0.19666,0,0,0,0,0,0,0,0,0,0,0,0,0,0
0.10561,0,0,0,0,0,0,0,0,0,0,0,0,0,0
0.10107,0,0,0,0,0,0,0,0,0,0,0,0,0,0
0.10723,0,0,0,0,0,0,0,0,0,0,0,0,0,0
0.10873,0,0,0,0,0,0,0,0,0,0,0,0,0,0
0.11162,0,0,0,0,0,0,0,0,0,0,0,0,0,0
0.19114,0,0,0,0,0,0,0,0,0,0,0,0,0,0
0.10397,0,0,0,0,0,0,0,0,0,0,0,0,0,0
0.10783,0,0,0,0,0,0,0,0,0,0,0,0,0,0
0.10123,0,0,0,0,0,0,0,0,0,0,0,0,0,0
0.10925,0,0,0,0,0,0,0,0,0,0,0,0,0,0
0.10242,0,0,0,0,0,0,0,0,0,0,0,0,0,0
0.19864,0,0,0,0,0,0,0,0,0,0,0,0,0,0
0.11013,0,0,0,0,0,0,0,0,0,0,0,0,0,0
0.10932,0,0,0,0,0,0,0,0,0,0,0,0,0,0
0.10351,0,0,0,0,0,0,0,0,0,0,0,0,0,0
0.10328,0,0,0,0,0,0,0,0,0,0,0,0,0,0
0.10949,0,0,0,0,0,0,0,0,0,0,0,0,0,0
0.19692,0,0,0,0,0,0,0,0,0,0,0,0,0,0
0.1125,0,0,0,0,0,0,0,0,0,0,0,0,0,0
0.10724,0,0,0,0,0,0,0,0,0,0,0,0,0,0
0.10626,0,0,0,0,0,0,0,0,0,0,0,0,0,0
0.10509,0,0,0,0,0,0,0,0,0,0,0,0,0,0
0.10607,0,0,0,0,0,0,0,0,0,0,0,0,0,0
0.1982,0,0,0,0,0,0,0,0,0,0,0,0,0,0
0.10544,0,0,0,0,0,0,0,0,0,0,0,0,0,0
0.10396,0,0,0,0,0,0,0,0,0,0,0,0,0,0
0.1113,0,0,0,0,0,0,0,0,0,0,0,0,0,0
0.10544,0,0,0,0,0,0,0,0,0,0,0,0,0,0
0.10825,0,0,0,0,0,0,0,0,0,0,0,0,0,0
0.20041,0,0,0,0,0,0,0,0,0,0,0,0,0,0
0.10808,0,0,0,0,0,0,0,0,0,0,0,0,0,0
0.10755,0,0,0,0,0,0,0,0,0,0,0,0,0,0
0.10699,0,0,0,0,0,0,0,0,0,0,0,0,0,0
0.10515,0,0,0,0,0,0,0,0,0,0,0,0,0,0
0.10461,0,0,0,0,0,0,0,0,0,0,0,0,0,0
0.19826,0,0,0,0,0,0,0,0,0,0,0,0,0,0
0.11238,0,0,0,0,0,0,0,0,0,0,0,0,0,0
0.10665,0,0,0,0,0,0,0,0,0,0,0,0,0,0
0.1048,0,0,0,0,0,0,0,0,0,0,0,0,0,0
0.10376,0,0,0,0,0,0,0,0,0,0,0,0,0,0
0.10373,0,0,0,0,0,0,0,0,0,0,0,0,0,0
0.19784,0,0,0,0,0,0,0,0,0,0,0,0,0,0
0.10641,0,0,0,0,0,0,0,0,0,0,0,0,0,0
0.11235,0,0,0,0,0,0,0,0,0,0,0,0,0,0
0.10849,0,0,0,0,0,0,0,0,0,0,0,0,0,0
0.10416,0,0,0,0,0,0,0,0,0,0,0,0,0,0
0.10708,0,0,0,0,0,0,0,0,0,0,0,0,0,0
0.18788,0,0,0,0,0,0,0,0,0,0,0,0,0,0
0.10712,0,0,0,0,0,0,0,0,0,0,0,0,0,0
0.11096,0,0,0,0,0,0,0,0,0,0,0,0,0,0
0.10573,0,0,0,0,0,0,0,0,0,0,0,0,0,0
0.10836,0,0,0,0,0,0,0,0,0,0,0,0,0,0
0.10751,0,0,0,0,0,0,0,0,0,0,0,0,0,0
0.19142,0,0,0,0,0,0,0,0,0,0,0,0,0,0
0.10419,0,0,0,0,0,0,0,0,0,0,0,0,0,0
0.10122,0,0,0,0,0,0,0,0,0,0,0,0,0,0
0.099039,0,0,0,0,0,0,0,0,0,0,0,0,0,0
0.099547,0,0,0,0,0,0,0,0,0,0,0,0,0,0
0.09984,0,0,0,0,0,0,0,0,0,0,0,0,0,0
0.27061,0,0,0,0,0,0,0,0,0,0,0,0,0,0
0.092486,0,0,0,0,0,0,0,0,0,0,0,0,0,0
0.092331,0,0,0,0,0,0,0,0,0,0,0,0,0,0
0.092323,0,0,0,0,0,0,0,0,0,0,0,0,0,0
0.092495,0,0,0,0,0,0,0,0,0,0,0,0,0,0
0.093707,0,0,0,0,0,0,0,0,0,0,0,0,0,0
0.16447,0,0,0,0,0,0,0,0,0,0,0,0,0,0
0.093486,0,0,0,0,0,0,0,0,0,0,0,0,0,0
0.097236,0,0,0,0,0,0,0,0,0,0,0,0,0,0
0.096124,0,0,0,0,0,0,0,0,0,0,0,0,0,0
0.09296,0,0,0,0,0,0,0,0,0,0,0,0,0,0
0.097258,0,0,0,0,0,0,0,0,0,0,0,0,0,0
0.17058,0,0,0,0,0,0,0,0,0,0,0,0,0,0
0.096705,0,0,0,0,0,0,0,0,0,0,0,0,0,0
0.096036,0,0,0,0,0,0,0,0,0,0,0,0,0,0
0.09691,0,0,0,0,0,0,0,0,0,0,0,0,0,0
0.094971,0,0,0,0,0,0,0,0,0,0,0,0,0,0
0.096499,0,0,0,0,0,0,0,0,0,0,0,0,0,0
0.16833,0,0,0,0,0,0,0,0,0,0,0,0,0,0
0.095643,0,0,0,0,0,0,0,0,0,0,0,0,0,0
0.096426,0,0,0,0,0,0,0,0,0,0,0,0,0,0
0.12571,0,0,0,0,0,0,0,0,0,0,0,0,0,0
0.14202,0,0,0,0,0,0,0,0,0,0,0,0,0,0
0.1434,0,0,0,0,0,0,0,0,0,0,0,0,0,0
0.1779,0,0,0,0,0,0,0,0,0,0,0,0,0,0
0.10026,0,0,0,0,0,0,0,0,0,0,0,0,0,0
0.1019,0,0,0,0,0,0,0,0,0,0,0,0,0,0
0.10325,0,0,0,0,0,0,0,0,0,0,0,0,0,0
0.10007,0,0,0,0,0,0,0,0,0,0,0,0,0,0
0.10208,0,0,0,0,0,0,0,0,0,0,0,0,0,0
0.18075,0,0,0,0,0,0,0,0,0,0,0,0,0,0
0.10278,0,0,0,0,0,0,0,0,0,0,0,0,0,0
0.10363,0,0,0,0,0,0,0,0,0,0,0,0,0,0
0.1033,0,0,0,0,0,0,0,0,0,0,0,0,0,0
0.1019,0,0,0,0,0,0,0,0,0,0,0,0,0,0
0.10084,0,0,0,0,0,0,0,0,0,0,0,0,0,0
0.18085,0,0,0,0,0,0,0,0,0,0,0,0,0,0
0.1087,0,0,0,0,0,0,0,0,0,0,0,0,0,0
0.10256,0,0,0,0,0,0,0,0,0,0,0,0,0,0
0.098568,0,0,0,0,0,0,0,0,0,0,0,0,0,0
0.099418,0,0,0,0,0,0,0,0,0,0,0,0,0,0
0.099521,0,0,0,0,0,0,0,0,0,0,0,0,0,0
0.17854,0,0,0,0,0,0,0,0,0,0,0,0,0,0
0.099711,0,0,0,0,0,0,0,0,0,0,0,0,0,0
0.10113,0,0,0,0,0,0,0,0,0,0,0,0,0,0
0.099499,0,0,0,0,0,0,0,0,0,0,0,0,0,0
0.09831,0,0,0,0,0,0,0,0,0,0,0,0,0,0
0.10111,0,0,0,0,0,0,0,0,0,0,0,0,0,0
0.18549,0,0,0,0,0,0,0,0,0,0,0,0,0,0
0.1015,0,0,0,0,0,0,0,0,0,0,0,0,0,0
0.10096,0,0,0,0,0,0,0,0,0,0,0,0,0,0
0.10275,0,0,0,0,0,0,0,0,0,0,0,0,0,0
0.10438,0,0,0,0,0,0,0,0,0,0,0,0,0,0
0.10297,0,0,0,0,0,0,0,0,0,0,0,0,0,0
0.18591,0,0,0,0,0,0,0,0,0,0,0,0,0,0
0.10366,0,0,0,0,0,0,0,0,0,0,0,0,0,0
0.10249,0,0,0,0,0,0,0,0,0,0,0,0,0,0
0.1006,0,0,0,0,0,0,0,0,0,0,0,0,0,0
0.10151,0,0,0,0,0,0,0,0,0,0,0,0,0,0
0.10423,0,0,0,0,0,0,0,0,0,0,0,0,0,0
0.18452,0,0,0,0,0,0,0,0,0,0,0,0,0,0
0.10314,0,0,0,0,0,0,0,0,0,0,0,0,0,0
0.1036,0,0,0,0,0,0,0,0,0,0,0,0,0,0
0.10528,0,0,0,0,0,0,0,0,0,0,0,0,0,0
0.099821,0,0,0,0,0,0,0,0,0,0,0,0,0,0
0.10429,0,0,0,0,0,0,0,0,0,0,0,0,0,0
0.18113,0,0,0,0,0,0,0,0,0,0,0,0,0,0
0.10229,0,0,0,0,0,0,0,0,0,0,0,0,0,0
0.099811,0,0,0,0,0,0,0,0,0,0,0,0,0,0
0.10145,0,0,0,0,0,0,0,0,0,0,0,0,0,0
0.10174,0,0,0,0,0,0,0,0,0,0,0,0,0,0
0.099243,0,0,0,0,0,0,0,0,0,0,0,0,0,0
0.17927,0,0,0,0,0,0,0,0,0,0,0,0,0,0
0.19712,0,0,0,0,0,0,0,0,0,0,0,0,0,0
0.13787,0,0,0,0,0,0,0,0,0,0,0,0,0,0
0.1197,0,0,0,0,0,0,0,0,0,0,0,0,0,0
0.10595,0,0,0,0,0,0,0,0,0,0,0,0,0,0
0.10866,0,0,0,0,0,0,0,0,0,0,0,0,0,0
0.19176,0,0,0,0,0,0,0,0,0,0,0,0,0,0
0.10225,0,0,0,0,0,0,0,0,0,0,0,0,0,0
0.10019,0,0,0,0,0,0,0,0,0,0,0,0,0,0
0.10261,0,0,0,0,0,0,0,0,0,0,0,0,0,0
0.10156,0,0,0,0,0,0,0,0,0,0,0,0,0,0
0.10167,0,0,0,0,0,0,0,0,0,0,0,0,0,0
0.18244,0,0,0,0,0,0,0,0,0,0,0,0,0,0
0.10156,0,0,0,0,0,0,0,0,0,0,0,0,0,0
0.09958,0,0,0,0,0,0,0,0,0,0,0,0,0,0
0.10299,0,0,0,0,0,0,0,0,0,0,0,0,0,0
0.10046,0,0,0,0,0,0,0,0,0,0,0,0,0,0
0.10224,0,0,0,0,0,0,0,0,0,0,0,0,0,0
0.18314,0,0,0,0,0,0,0,0,0,0,0,0,0,0
0.10107,0,0,0,0,0,0,0,0,0,0,0,0,0,0
0.099775,0,0,0,0,0,0,0,0,0,0,0,0,0,0
0.099556,0,0,0,0,0,0,0,0,0,0,0,0,0,0
0.099904,0,0,0,0,0,0,0,0,0,0,0,0,0,0
0.10054,0,0,0,0,0,0,0,0,0,0,0,0,0,0
0.18197,0,0,0,0,0,0,0,0,0,0,0,0,0,0
0.10354,0,0,0,0,0,0,0,0,0,0,0,0,0,0
0.10357,0,0,0,0,0,0,0,0,0,0,0,0,0,0
0.10664,0,0,0,0,0,0,0,0,0,0,0,0,0,0
0.10824,0,0,0,0,0,0,0,0,0,0,0,0,0,0
0.10292,0,0,0,0,0,0,0,0,0,0,0,0,0,0
0.18312,0,0,0,0,0,0,0,0,0,0,0,0,0,0
0.10534,0,0,0,0,0,0,0,0,0,0,0,0,0,0
0.10012,0,0,0,0,0,0,0,0,0,0,0,0,0,0
0.10165,0,0,0,0,0,0,0,0,0,0,0,0,0,0
0.10049,0,0,0,0,0,0,0,0,0,0,0,0,0,0
0.10091,0,0,0,0,0,0,0,0,0,0,0,0,0,0
0.1815,0,0,0,0,0,0,0,0,0,0,0,0,0,0
0.10023,0,0,0,0,0,0,0,0,0,0,0,0,0,0
0.10355,0,0,0,0,0,0,0,0,0,0,0,0,0,0
0.10283,0,0,0,0,0,0,0,0,0,0,0,0,0,0
0.10173,0,0,0,0,0,0,0,0,0,0,0,0,0,0
0.10239,0,0,0,0,0,0,0,0,0,0,0,0,0,0
0.18031,0,0,0,0,0,0,0,0,0,0,0,0,0,0
0.10017,0,0,0,0,0,0,0,0,0,0,0,0,0,0
0.10218,0,0,0,0,0,0,0,0,0,0,0,0,0,0
0.10464,0,0,0,0,0,0,0,0,0,0,0,0,0,0
0.11171,0,0,0,0,0,0,0,0,0,0,0,0,0,0
0.10339,0,0,0,0,0,0,0,0,0,0,0,0,0,0
0.18363,0,0,0,0,0,0,0,0,0,0,0,0,0,0
0.10078,0,0,0,0,0,0,0,0,0,0,0,0,0,0
0.10918,0,0,0,0,0,0,0,0,0,0,0,0,0,0
0.10273,0,0,0,0,0,0,0,0,0,0,0,0,0,0
0.10211,0,0,0,0,0,0,0,0,0,0,0,0,0,0
0.10196,0,0,0,0,0,0,0,0,0,0,0,0,0,0
0.1857,0,0,0,0,0,0,0,0,0,0,0,0,0,0
0.10329,0,0,0,0,0,0,0,0,0,0,0,0,0,0
0.10467,0,0,0,0,0,0,0,0,0,0,0,0,0,0
0.10259,0,0,0,0,0,0,0,0,0,0,0,0,0,0
0.10887,0,0,0,0,0,0,0,0,0,0,0,0,0,0
0.11135,0,0,0,0,0,0,0,0,0,0,0,0,0,0
0.20013,0,0,0,0,0,0,0,0,0,0,0,0,0,0
0.10728,0,0,0,0,0,0,0,0,0,0,0,0,0,0
0.10209,0,0,0,0,0,0,0,0,0,0,0,0,0,0
0.10096,0,0,0,0,0,0,0,0,0,0,0,0,0,0
0.10093,0,0,0,0,0,0,0,0,0,0,0,0,0,0
0.10161,0,0,0,0,0,0,0,0,0,0,0,0,0,0
0.18647,0,0,0,0,0,0,0,0,0,0,0,0,0,0
0.10157,0,0,0,0,0,0,0,0,0,0,0,0,0,0
0.10098,0,0,0,0,0,0,0,0,0,0,0,0,0,0
0.10208,0,0,0,0,0,0,0,0,0,0,0,0,0,0
0.10034,0,0,0,0,0,0,0,0,0,0,0,0,0,0
0.103,0,0,0,0,0,0,0,0,0,0,0,0,0,0
0.18811,0,0,0,0,0,0,0,0,0,0,0,0,0,0
0.10098,0,0,0,0,0,0,0,0,0,0,0,0,0,0
0.1013,0,0,0,0,0,0,0,0,0,0,0,0,0,0
0.10098,0,0,0,0,0,0,0,0,0,0,0,0,0,0
0.10335,0,0,0,0,0,0,0,0,0,0,0,0,0,0
0.099904,0,0,0,0,0,0,0,0,0,0,0,0,0,0
0.18529,0,0,0,0,0,0,0,0,0,0,0,0,0,0
0.10208,0,0,0,0,0,0,0,0,0,0,0,0,0,0
0.099227,0,0,0,0,0,0,0,0,0,0,0,0,0,0
0.10127,0,0,0,0,0,0,0,0,0,0,0,0,0,0
0.1019,0,0,0,0,0,0,0,0,0,0,0,0,0,0
0.099713,0,0,0,0,0,0,0,0,0,0,0,0,0,0
0.18802,0,0,0,0,0,0,0,0,0,0,0,0,0,0
0.10101,0,0,0,0,0,0,0,0,0,0,0,0,0,0
0.10024,0,0,0,0,0,0,0,0,0,0,0,0,0,0
0.1021,0,0,0,0,0,0,0,0,0,0,0,0,0,0
0.10376,0,0,0,0,0,0,0,0,0,0,0,0,0,0
0.10277,0,0,0,0,0,0,0,0,0,0,0,0,0,0
0.18764,0,0,0,0,0,0,0,0,0,0,0,0,0,0
0.10172,0,0,0,0,0,0,0,0,0,0,0,0,0,0
0.10092,0,0,0,0,0,0,0,0,0,0,0,0,0,0
0.10266,0,0,0,0,0,0,0,0,0,0,0,0,0,0
0.10073,0,0,0,0,0,0,0,0,0,0,0,0,0,0
0.10286,0,0,0,0,0,0,0,0,0,0,0,0,0,0
0.18998,0,0,0,0,0,0,0,0,0,0,0,0,0,0
0.10193,0,0,0,0,0,0,0,0,0,0,0,0,0,0
0.10216,0,0,0,0,0,0,0,0,0,0,0,0,0,0
0.10242,0,0,0,0,0,0,0,0,0,0,0,0,0,0
0.096984,0,0,0,0,0,0,0,0,0,0,0,0,0,0
0.10297,0,0,0,0,0,0,0,0,0,0,0,0,0,0
0.18745,0,0,0,0,0,0,0,0,0,0,0,0,0,0
0.10369,0,0,0,0,0,0,0,0,0,0,0,0,0,0
0.098035,0,0,0,0,0,0,0,0,0,0,0,0,0,0
0.10087,0,0,0,0,0,0,0,0,0,0,0,0,0,0
0.10738,0,0,0,0,0,0,0,0,0,0,0,0,0,0
0.10615,0,0,0,0,0,0,0,0,0,0,0,0,0,0
0.19187,0,0,0,0,0,0,0,0,0,0,0,0,0,0
0.10159,0,0,0,0,0,0,0,0,0,0,0,0,0,0
0.10194,0,0,0,0,0,0,0,0,0,0,0,0,0,0
0.10814,0,0,0,0,0,0,0,0,0,0,0,0,0,0
0.10687,0,0,0,0,0,0,0,0,0,0,0,0,0,0
0.10482,0,0,0,0,0,0,0,0,0,0,0,0,0,0
0.19263,0,0,0,0,0,0,0,0,0,0,0,0,0,0
0.10135,0,0,0,0,0,0,0,0,0,0,0,0,0,0
0.10753,0,0,0,0,0,0,0,0,0,0,0,0,0,0
0.10139,0,0,0,0,0,0,0,0,0,0,0,0,0,0
0.1015,0,0,0,0,0,0,0,0,0,0,0,0,0,0
0.1024,0,0,0,0,0,0,0,0,0,0,0,0,0,0
0.19358,0,0,0,0,0,0,0,0,0,0,0,0,0,0
0.10289,0,0,0,0,0,0,0,0,0,0,0,0,0,0
0.10983,0,0,0,0,0,0,0,0,0,0,0,0,0,0
0.10374,0,0,0,0,0,0,0,0,0,0,0,0,0,0
0.10015,0,0,0,0,0,0,0,0,0,0,0,0,0,0
0.10394,0,0,0,0,0,0,0,0,0,0,0,0,0,0
0.19013,0,0,0,0,0,0,0,0,0,0,0,0,0,0
0.11217,0,0,0,0,0,0,0,0,0,0,0,0,0,0
0.1053,0,0,0,0,0,0,0,0,0,0,0,0,0,0
0.10495,0,0,0,0,0,0,0,0,0,0,0,0,0,0
0.10032,0,0,0,0,0,0,0,0,0,0,0,0,0,0
0.10599,0,0,0,0,0,0,0,0,0,0,0,0,0,0
0.20121,0,0,0,0,0,0,0,0,0,0,0,0,0,0
0.10294,0,0,0,0,0,0,0,0,0,0,0,0,0,0
0.10443,0,0,0,0,0,0,0,0,0,0,0,0,0,0
0.10117,0,0,0,0,0,0,0,0,0,0,0,0,0,0
0.10601,0,0,0,0,0,0,0,0,0,0,0,0,0,0
0.10491,0,0,0,0,0,0,0,0,0,0,0,0,0,0
0.19366,0,0,0,0,0,0,0,0,0,0,0,0,0,0
0.1031,0,0,0,0,0,0,0,0,0,0,0,0,0,0
0.10131,0,0,0,0,0,0,0,0,0,0,0,0,0,0
0.10627,0,0,0,0,0,0,0,0,0,0,0,0,0,0
0.10265,0,0,0,0,0,0,0,0,0,0,0,0,0,0
0.10129,0,0,0,0,0,0,0,0,0,0,0,0,0,0
0.18662,0,0,0,0,0,0,0,0,0,0,0,0,0,0
0.10468,0,0,0,0,0,0,0,0,0,0,0,0,0,0
0.10668,0,0,0,0,0,0,0,0,0,0,0,0,0,0
0.10565,0,0,0,0,0,0,0,0,0,0,0,0,0,0
0.10099,0,0,0,0,0,0,0,0,0,0,0,0,0,0
0.10157,0,0,0,0,0,0,0,0,0,0,0,0,0,0
0.19535,0,0,0,0,0,0,0,0,0,0,0,0,0,0
0.10706,0,0,0,0,0,0,0,0,0,0,0,0,0,0
0.10376,0,0,0,0,0,0,0,0,0,0,0,0,0,0
0.10509,0,0,0,0,0,0,0,0,0,0,0,0,0,0
0.10197,0,0,0,0,0,0,0,0,0,0,0,0,0,0
0.10199,0,0,0,0,0,0,0,0,0,0,0,0,0,0
0.18809,0,0,0,0,0,0,0,0,0,0,0,0,0,0
0.10003,0,0,0,0,0,0,0,0,0,0,0,0,0,0
0.1024,0,0,0,0,0,0,0,0,0,0,0,0,0,0
0.10154,0,0,0,0,0,0,0,0,0,0,0,0,0,0
0.10792,0,0,0,0,0,0,0,0,0,0,0,0,0,0
0.10436,0,0,0,0,0,0,0,0,0,0,0,0,0,0
0.19347,0,0,0,0,0,0,0,0,0,0,0,0,0,0
0.1062,0,0,0,0,0,0,0,0,0,0,0,0,0,0
0.10465,0,0,0,0,0,0,0,0,0,0,0,0,0,0
0.1059,0,0,0,0,0,0,0,0,0,0,0,0,0,0
0.11238,0,0,0,0,0,0,0,0,0,0,0,0,0,0
0.10351,0,0,0,0,0,0,0,0,0,0,0,0,0,0
0.19632,0,0,0,0,0,0,0,0,0,0,0,0,0,0
0.10418,0,0,0,0,0,0,0,0,0,0,0,0,0,0
0.10863,0,0,0,0,0,0,0,0,0,0,0,0,0,0
0.10385,0,0,0,0,0,0,0,0,0,0,0,0,0,0
0.10897,0,0,0,0,0,0,0,0,0,0,0,0,0,0
0.10647,0,0,0,0,0,0,0,0,0,0,0,0,0,0
0.19254,0,0,0,0,0,0,0,0,0,0,0,0,0,0
0.10624,0,0,0,0,0,0,0,0,0,0,0,0,0,0
0.10387,0,0,0,0,0,0,0,0,0,0,0,0,0,0
0.10374,0,0,0,0,0,0,0,0,0,0,0,0,0,0
