1
428.00,216.00,484.00,216.00,484.00,309.00,428.00,309.00
428.00,215.00,484.00,215.00,484.00,308.00,428.00,308.00
428.00,215.00,484.00,215.00,484.00,308.00,428.00,308.00
428.00,214.00,484.00,214.00,484.00,308.00,428.00,308.00
428.00,213.00,485.00,213.00,485.00,308.00,428.00,308.00
430.00,214.00,486.00,214.00,486.00,307.00,430.00,307.00
431.00,213.00,487.00,213.00,487.00,307.00,431.00,307.00
432.00,213.00,488.00,213.00,488.00,306.00,432.00,306.00
433.00,213.00,489.00,213.00,489.00,306.00,433.00,306.00
433.00,214.00,488.00,214.00,488.00,305.00,433.00,305.00
432.00,212.00,489.00,212.00,489.00,306.00,432.00,306.00
434.00,213.00,489.00,213.00,489.00,305.00,434.00,305.00
435.00,214.00,490.00,214.00,490.00,306.00,435.00,306.00
436.00,214.00,491.00,214.00,491.00,307.00,436.00,307.00
436.00,215.00,491.00,215.00,491.00,307.00,436.00,307.00
435.00,216.00,490.00,216.00,490.00,308.00,435.00,308.00
436.00,218.00,490.00,218.00,490.00,308.00,436.00,308.00
436.00,219.00,490.00,219.00,490.00,309.00,436.00,309.00
435.00,218.00,491.00,218.00,491.00,311.00,435.00,311.00
436.00,218.00,492.00,218.00,492.00,310.00,436.00,310.00
438.00,218.00,493.00,218.00,493.00,310.00,438.00,310.00
438.00,218.00,493.00,218.00,493.00,310.00,438.00,310.00
439.00,219.00,493.00,219.00,493.00,308.00,439.00,308.00
438.00,218.00,493.00,218.00,493.00,310.00,438.00,310.00
439.00,219.00,492.00,219.00,492.00,308.00,439.00,308.00
439.00,219.00,493.00,219.00,493.00,309.00,439.00,309.00
439.00,219.00,492.00,219.00,492.00,308.00,439.00,308.00
440.00,219.00,492.00,219.00,492.00,307.00,440.00,307.00
439.00,218.00,493.00,218.00,493.00,308.00,439.00,308.00
439.00,217.00,494.00,217.00,494.00,309.00,439.00,309.00
439.00,217.00,495.00,217.00,495.00,309.00,439.00,309.00
440.00,217.00,495.00,217.00,495.00,309.00,440.00,309.00
440.00,217.00,495.00,217.00,495.00,309.00,440.00,309.00
441.00,217.00,495.00,217.00,495.00,308.00,441.00,308.00
442.00,217.00,495.00,217.00,495.00,307.00,442.00,307.00
441.00,216.00,496.00,216.00,496.00,308.00,441.00,308.00
441.00,216.00,496.00,216.00,496.00,308.00,441.00,308.00
443.00,218.00,497.00,218.00,497.00,306.00,443.00,306.00
444.00,218.00,497.00,218.00,497.00,306.00,444.00,306.00
444.00,217.00,497.00,217.00,497.00,306.00,444.00,306.00
445.00,217.00,498.00,217.00,498.00,306.00,445.00,306.00
444.00,216.00,498.00,216.00,498.00,307.00,444.00,307.00
443.00,215.00,499.00,215.00,499.00,308.00,443.00,308.00
443.00,215.00,499.00,215.00,499.00,308.00,443.00,308.00
444.00,215.00,499.00,215.00,499.00,307.00,444.00,307.00
444.00,216.00,498.00,216.00,498.00,306.00,444.00,306.00
445.00,216.00,498.00,216.00,498.00,305.00,445.00,305.00
445.00,215.00,499.00,215.00,499.00,307.00,445.00,307.00
445.00,215.00,500.00,215.00,500.00,307.00,445.00,307.00
446.00,216.00,499.00,216.00,499.00,306.00,446.00,306.00
445.00,215.00,500.00,215.00,500.00,307.00,445.00,307.00
446.00,215.00,500.00,215.00,500.00,307.00,446.00,307.00
447.00,216.00,500.00,216.00,500.00,305.00,447.00,305.00
447.00,214.00,501.00,214.00,501.00,306.00,447.00,306.00
448.00,214.00,502.00,214.00,502.00,305.00,448.00,305.00
448.00,214.00,503.00,214.00,503.00,305.00,448.00,305.00
450.00,215.00,504.00,215.00,504.00,304.00,450.00,304.00
451.00,214.00,505.00,214.00,505.00,305.00,451.00,305.00
452.00,214.00,505.00,214.00,505.00,303.00,452.00,303.00
452.00,213.00,506.00,213.00,506.00,304.00,452.00,304.00
453.00,214.00,507.00,214.00,507.00,302.00,453.00,302.00
455.00,213.00,507.00,213.00,507.00,299.00,455.00,299.00
457.00,213.00,508.00,213.00,508.00,297.00,457.00,297.00
462.00,212.00,510.00,212.00,510.00,294.00,462.00,294.00
466.00,211.00,514.00,211.00,514.00,291.00,466.00,291.00
444.00,216.00,494.00,216.00,494.00,299.00,444.00,299.00
443.00,218.00,493.00,218.00,493.00,301.00,443.00,301.00
443.00,218.00,493.00,218.00,493.00,302.00,443.00,302.00
442.00,218.00,494.00,218.00,494.00,305.00,442.00,305.00
440.00,218.00,494.00,218.00,494.00,307.00,440.00,307.00
439.00,218.00,495.00,218.00,495.00,310.00,439.00,310.00
439.00,218.00,494.00,218.00,494.00,309.00,439.00,309.00
440.00,218.00,493.00,218.00,493.00,308.00,440.00,308.00
442.00,219.00,494.00,219.00,494.00,306.00,442.00,306.00
444.00,219.00,496.00,219.00,496.00,305.00,444.00,305.00
447.00,220.00,498.00,220.00,498.00,304.00,447.00,304.00
449.00,221.00,499.00,221.00,499.00,305.00,449.00,305.00
450.00,221.00,500.00,221.00,500.00,306.00,450.00,306.00
451.00,222.00,500.00,222.00,500.00,304.00,451.00,304.00
452.00,224.00,500.00,224.00,500.00,304.00,452.00,304.00
454.00,225.00,501.00,225.00,501.00,303.00,454.00,303.00
454.00,225.00,501.00,225.00,501.00,304.00,454.00,304.00
456.00,225.00,502.00,225.00,502.00,302.00,456.00,302.00
478.00,216.00,525.00,216.00,525.00,295.00,478.00,295.00
480.00,215.00,528.00,215.00,528.00,295.00,480.00,295.00
481.00,217.00,528.00,217.00,528.00,294.00,481.00,294.00
484.00,221.00,530.00,221.00,530.00,297.00,484.00,297.00
487.00,225.00,532.00,225.00,532.00,300.00,487.00,300.00
489.00,229.00,532.00,229.00,532.00,302.00,489.00,302.00
491.00,231.00,534.00,231.00,534.00,302.00,491.00,302.00
494.00,232.00,537.00,232.00,537.00,303.00,494.00,303.00
496.00,233.00,539.00,233.00,539.00,306.00,496.00,306.00
497.00,233.00,541.00,233.00,541.00,306.00,497.00,306.00
504.00,233.00,548.00,233.00,548.00,307.00,504.00,307.00
507.00,233.00,552.00,233.00,552.00,310.00,507.00,310.00
509.00,234.00,556.00,234.00,556.00,313.00,509.00,313.00
510.00,235.00,558.00,235.00,558.00,315.00,510.00,315.00
510.00,234.00,559.00,234.00,559.00,317.00,510.00,317.00
512.00,236.00,562.00,236.00,562.00,319.00,512.00,319.00
515.00,237.00,563.00,237.00,563.00,318.00,515.00,318.00
518.00,240.00,565.00,240.00,565.00,318.00,518.00,318.00
520.00,242.00,566.00,242.00,566.00,319.00,520.00,319.00
521.00,243.00,567.00,243.00,567.00,320.00,521.00,320.00
520.00,243.00,567.00,243.00,567.00,321.00,520.00,321.00
520.00,242.00,568.00,242.00,568.00,322.00,520.00,322.00
519.00,241.00,567.00,241.00,567.00,322.00,519.00,322.00
517.00,240.00,567.00,240.00,567.00,323.00,517.00,323.00
515.00,239.00,566.00,239.00,566.00,324.00,515.00,324.00
515.00,239.00,566.00,239.00,566.00,325.00,515.00,325.00
509.00,237.00,562.00,237.00,562.00,326.00,509.00,326.00
508.00,237.00,562.00,237.00,562.00,327.00,508.00,327.00
510.00,237.00,562.00,237.00,562.00,325.00,510.00,325.00
513.00,238.00,564.00,238.00,564.00,323.00,513.00,323.00
501.00,242.00,550.00,242.00,550.00,325.00,501.00,325.00
499.00,245.00,547.00,245.00,547.00,325.00,499.00,325.00
498.00,246.00,544.00,246.00,544.00,324.00,498.00,324.00
497.00,247.00,542.00,247.00,542.00,322.00,497.00,322.00
497.00,247.00,541.00,247.00,541.00,321.00,497.00,321.00
497.00,247.00,540.00,247.00,540.00,319.00,497.00,319.00
498.00,247.00,541.00,247.00,541.00,318.00,498.00,318.00
499.00,247.00,542.00,247.00,542.00,318.00,499.00,318.00
501.00,247.00,542.00,247.00,542.00,316.00,501.00,316.00
500.00,245.00,543.00,245.00,543.00,317.00,500.00,317.00
501.00,245.00,545.00,245.00,545.00,318.00,501.00,318.00
517.00,243.00,562.00,243.00,562.00,319.00,517.00,319.00
517.00,243.00,562.00,243.00,562.00,318.00,517.00,318.00
517.00,243.00,561.00,243.00,561.00,317.00,517.00,317.00
519.00,244.00,562.00,244.00,562.00,316.00,519.00,316.00
521.00,244.00,564.00,244.00,564.00,315.00,521.00,315.00
522.00,243.00,565.00,243.00,565.00,316.00,522.00,316.00
523.00,240.00,568.00,240.00,568.00,315.00,523.00,315.00
524.00,239.00,570.00,239.00,570.00,316.00,524.00,316.00
527.00,238.00,574.00,238.00,574.00,316.00,527.00,316.00
534.00,237.00,580.00,237.00,580.00,314.00,534.00,314.00
538.00,236.00,586.00,236.00,586.00,315.00,538.00,315.00
544.00,237.00,590.00,237.00,590.00,314.00,544.00,314.00
548.00,239.00,595.00,239.00,595.00,316.00,548.00,316.00
551.00,240.00,599.00,240.00,599.00,320.00,551.00,320.00
553.00,242.00,601.00,242.00,601.00,322.00,553.00,322.00
555.00,244.00,605.00,244.00,605.00,326.00,555.00,326.00
559.00,247.00,607.00,247.00,607.00,328.00,559.00,328.00
560.00,249.00,610.00,249.00,610.00,332.00,560.00,332.00
559.00,250.00,611.00,250.00,611.00,336.00,559.00,336.00
560.00,252.00,612.00,252.00,612.00,340.00,560.00,340.00
561.00,255.00,613.00,255.00,613.00,342.00,561.00,342.00
560.00,256.00,614.00,256.00,614.00,347.00,560.00,347.00
560.00,258.00,614.00,258.00,614.00,349.00,560.00,349.00
559.00,258.00,615.00,258.00,615.00,350.00,559.00,350.00
559.00,258.00,615.00,258.00,615.00,352.00,559.00,352.00
558.00,257.00,616.00,257.00,616.00,354.00,558.00,354.00
558.00,258.00,616.00,258.00,616.00,356.00,558.00,356.00
559.00,262.00,617.00,262.00,617.00,358.00,559.00,358.00
560.00,264.00,616.00,264.00,616.00,358.00,560.00,358.00
560.00,266.00,616.00,266.00,616.00,359.00,560.00,359.00
561.00,269.00,616.00,269.00,616.00,360.00,561.00,360.00
565.00,274.00,618.00,274.00,618.00,363.00,565.00,363.00
564.00,277.00,617.00,277.00,617.00,365.00,564.00,365.00
565.00,280.00,616.00,280.00,616.00,365.00,565.00,365.00
562.00,280.00,613.00,280.00,613.00,365.00,562.00,365.00
560.00,280.00,610.00,280.00,610.00,362.00,560.00,362.00
558.00,279.00,606.00,279.00,606.00,360.00,558.00,360.00
555.00,278.00,602.00,278.00,602.00,357.00,555.00,357.00
549.00,277.00,597.00,277.00,597.00,357.00,549.00,357.00
541.00,275.00,591.00,275.00,591.00,358.00,541.00,358.00
535.00,274.00,586.00,274.00,586.00,359.00,535.00,359.00
530.00,265.00,583.00,265.00,583.00,353.00,530.00,353.00
525.00,260.00,579.00,260.00,579.00,350.00,525.00,350.00
520.00,257.00,576.00,257.00,576.00,350.00,520.00,350.00
517.00,254.00,573.00,254.00,573.00,347.00,517.00,347.00
516.00,253.00,572.00,253.00,572.00,345.00,516.00,345.00
508.00,274.00,565.00,274.00,565.00,369.00,508.00,369.00
505.00,275.00,562.00,275.00,562.00,371.00,505.00,371.00
503.00,277.00,559.00,277.00,559.00,371.00,503.00,371.00
503.00,279.00,557.00,279.00,557.00,370.00,503.00,370.00
500.00,276.00,556.00,276.00,556.00,370.00,500.00,370.00
487.00,275.00,544.00,275.00,544.00,371.00,487.00,371.00
486.00,277.00,543.00,277.00,543.00,372.00,486.00,372.00
481.00,276.00,539.00,276.00,539.00,374.00,481.00,374.00
476.00,276.00,536.00,276.00,536.00,376.00,476.00,376.00
470.00,275.00,531.00,275.00,531.00,377.00,470.00,377.00
464.00,273.00,527.00,273.00,527.00,378.00,464.00,378.00
458.00,271.00,523.00,271.00,523.00,379.00,458.00,379.00
454.00,270.00,520.00,270.00,520.00,381.00,454.00,381.00
451.00,269.00,517.00,269.00,517.00,379.00,451.00,379.00
449.00,269.00,514.00,269.00,514.00,377.00,449.00,377.00
448.00,267.00,513.00,267.00,513.00,376.00,448.00,376.00
445.00,266.00,512.00,266.00,512.00,377.00,445.00,377.00
444.00,264.00,509.00,264.00,509.00,374.00,444.00,374.00
440.00,261.00,508.00,261.00,508.00,373.00,440.00,373.00
438.00,259.00,506.00,259.00,506.00,371.00,438.00,371.00
436.00,257.00,503.00,257.00,503.00,367.00,436.00,367.00
434.00,254.00,499.00,254.00,499.00,362.00,434.00,362.00
430.00,251.00,496.00,251.00,496.00,361.00,430.00,361.00
428.00,249.00,494.00,249.00,494.00,358.00,428.00,358.00
427.00,248.00,494.00,248.00,494.00,358.00,427.00,358.00
426.00,246.00,491.00,246.00,491.00,354.00,426.00,354.00
427.00,248.00,490.00,248.00,490.00,353.00,427.00,353.00
426.00,247.00,488.00,247.00,488.00,350.00,426.00,350.00
425.00,246.00,486.00,246.00,486.00,348.00,425.00,348.00
424.00,243.00,487.00,243.00,487.00,348.00,424.00,348.00
424.00,242.00,486.00,242.00,486.00,344.00,424.00,344.00
425.00,240.00,486.00,240.00,486.00,341.00,425.00,341.00
425.00,242.00,488.00,242.00,488.00,346.00,425.00,346.00
408.00,242.00,469.00,242.00,469.00,342.00,408.00,342.00
409.00,240.00,471.00,240.00,471.00,343.00,409.00,343.00
411.00,241.00,471.00,241.00,471.00,341.00,411.00,341.00
413.00,240.00,472.00,240.00,472.00,339.00,413.00,339.00
415.00,239.00,474.00,239.00,474.00,338.00,415.00,338.00
417.00,240.00,475.00,240.00,475.00,336.00,417.00,336.00
417.00,241.00,473.00,241.00,473.00,334.00,417.00,334.00
416.00,239.00,473.00,239.00,473.00,334.00,416.00,334.00
415.00,238.00,472.00,238.00,472.00,333.00,415.00,333.00
413.00,237.00,471.00,237.00,471.00,334.00,413.00,334.00
412.00,236.00,471.00,236.00,471.00,333.00,412.00,333.00
413.00,237.00,469.00,237.00,469.00,331.00,413.00,331.00
413.00,237.00,470.00,237.00,470.00,332.00,413.00,332.00
411.00,235.00,469.00,235.00,469.00,332.00,411.00,332.00
410.00,235.00,466.00,235.00,466.00,329.00,410.00,329.00
408.00,235.00,465.00,235.00,465.00,330.00,408.00,330.00
420.00,236.00,479.00,236.00,479.00,334.00,420.00,334.00
417.00,236.00,477.00,236.00,477.00,336.00,417.00,336.00
415.00,236.00,476.00,236.00,476.00,337.00,415.00,337.00
416.00,237.00,475.00,237.00,475.00,336.00,416.00,336.00
416.00,237.00,475.00,237.00,475.00,336.00,416.00,336.00
415.00,238.00,475.00,238.00,475.00,338.00,415.00,338.00
414.00,237.00,475.00,237.00,475.00,338.00,414.00,338.00
415.00,238.00,473.00,238.00,473.00,336.00,415.00,336.00
415.00,238.00,474.00,238.00,474.00,335.00,415.00,335.00
417.00,238.00,474.00,238.00,474.00,334.00,417.00,334.00
417.00,240.00,474.00,240.00,474.00,335.00,417.00,335.00
416.00,239.00,474.00,239.00,474.00,336.00,416.00,336.00
415.00,239.00,474.00,239.00,474.00,336.00,415.00,336.00
415.00,240.00,474.00,240.00,474.00,338.00,415.00,338.00
415.00,241.00,473.00,241.00,473.00,338.00,415.00,338.00
416.00,242.00,474.00,242.00,474.00,338.00,416.00,338.00
415.00,243.00,472.00,243.00,472.00,339.00,415.00,339.00
407.00,242.00,465.00,242.00,465.00,339.00,407.00,339.00
403.00,243.00,461.00,243.00,461.00,339.00,403.00,339.00
403.00,242.00,460.00,242.00,460.00,336.00,403.00,336.00
404.00,242.00,459.00,242.00,459.00,335.00,404.00,335.00
404.00,242.00,459.00,242.00,459.00,334.00,404.00,334.00
404.00,244.00,459.00,244.00,459.00,335.00,404.00,335.00
401.00,242.00,458.00,242.00,458.00,336.00,401.00,336.00
394.00,237.00,449.00,237.00,449.00,329.00,394.00,329.00
390.00,237.00,446.00,237.00,446.00,330.00,390.00,330.00
388.00,238.00,442.00,238.00,442.00,328.00,388.00,328.00
387.00,239.00,439.00,239.00,439.00,327.00,387.00,327.00
385.00,242.00,436.00,242.00,436.00,327.00,385.00,327.00
380.00,243.00,433.00,243.00,433.00,330.00,380.00,330.00
379.00,243.00,431.00,243.00,431.00,329.00,379.00,329.00
379.00,244.00,429.00,244.00,429.00,329.00,379.00,329.00
377.00,241.00,427.00,241.00,427.00,323.00,377.00,323.00
377.00,239.00,425.00,239.00,425.00,320.00,377.00,320.00
376.00,236.00,423.00,236.00,423.00,315.00,376.00,315.00
376.00,234.00,421.00,234.00,421.00,310.00,376.00,310.00
376.00,232.00,421.00,232.00,421.00,307.00,376.00,307.00
373.00,231.00,417.00,231.00,417.00,304.00,373.00,304.00
370.00,228.00,415.00,228.00,415.00,303.00,370.00,303.00
366.00,225.00,413.00,225.00,413.00,301.00,366.00,301.00
365.00,222.00,412.00,222.00,412.00,301.00,365.00,301.00
368.00,223.00,414.00,223.00,414.00,300.00,368.00,300.00
367.00,222.00,414.00,222.00,414.00,300.00,367.00,300.00
364.00,220.00,412.00,220.00,412.00,300.00,364.00,300.00
360.00,213.00,407.00,213.00,407.00,291.00,360.00,291.00
356.00,206.00,402.00,206.00,402.00,283.00,356.00,283.00
369.00,219.00,414.00,219.00,414.00,293.00,369.00,293.00
362.00,223.00,407.00,223.00,407.00,298.00,362.00,298.00
359.00,223.00,405.00,223.00,405.00,300.00,359.00,300.00
357.00,224.00,404.00,224.00,404.00,302.00,357.00,302.00
354.00,224.00,402.00,224.00,402.00,304.00,354.00,304.00
350.00,223.00,399.00,223.00,399.00,306.00,350.00,306.00
348.00,225.00,396.00,225.00,396.00,306.00,348.00,306.00
346.00,227.00,394.00,227.00,394.00,307.00,346.00,307.00
344.00,228.00,392.00,228.00,392.00,308.00,344.00,308.00
338.00,231.00,386.00,231.00,386.00,311.00,338.00,311.00
334.00,232.00,381.00,232.00,381.00,312.00,334.00,312.00
334.00,234.00,380.00,234.00,380.00,311.00,334.00,311.00
329.00,233.00,377.00,233.00,377.00,313.00,329.00,313.00
325.00,235.00,372.00,235.00,372.00,314.00,325.00,314.00
306.00,233.00,354.00,233.00,354.00,314.00,306.00,314.00
301.00,237.00,350.00,237.00,350.00,318.00,301.00,318.00
298.00,241.00,346.00,241.00,346.00,321.00,298.00,321.00
295.00,245.00,342.00,245.00,342.00,324.00,295.00,324.00
291.00,248.00,339.00,248.00,339.00,328.00,291.00,328.00
288.00,252.00,336.00,252.00,336.00,332.00,288.00,332.00
283.00,255.00,332.00,255.00,332.00,336.00,283.00,336.00
278.00,259.00,327.00,259.00,327.00,341.00,278.00,341.00
273.00,260.00,323.00,260.00,323.00,344.00,273.00,344.00
270.00,259.00,322.00,259.00,322.00,345.00,270.00,345.00
260.00,256.00,311.00,256.00,311.00,341.00,260.00,341.00
258.00,257.00,309.00,257.00,309.00,343.00,258.00,343.00
256.00,258.00,308.00,258.00,308.00,344.00,256.00,344.00
256.00,257.00,307.00,257.00,307.00,341.00,256.00,341.00
256.00,258.00,308.00,258.00,308.00,345.00,256.00,345.00
256.00,259.00,309.00,259.00,309.00,346.00,256.00,346.00
259.00,259.00,313.00,259.00,313.00,349.00,259.00,349.00
258.00,256.00,313.00,256.00,313.00,348.00,258.00,348.00
257.00,254.00,313.00,254.00,313.00,347.00,257.00,347.00
256.00,251.00,312.00,251.00,312.00,343.00,256.00,343.00
257.00,249.00,311.00,249.00,311.00,339.00,257.00,339.00
258.00,247.00,311.00,247.00,311.00,334.00,258.00,334.00
259.00,243.00,311.00,243.00,311.00,330.00,259.00,330.00
259.00,238.00,310.00,238.00,310.00,322.00,259.00,322.00
260.00,235.00,309.00,235.00,309.00,316.00,260.00,316.00
259.00,232.00,307.00,232.00,307.00,312.00,259.00,312.00
257.00,228.00,306.00,228.00,306.00,309.00,257.00,309.00
255.00,225.00,305.00,225.00,305.00,308.00,255.00,308.00
252.00,222.00,303.00,222.00,303.00,307.00,252.00,307.00
248.00,219.00,300.00,219.00,300.00,306.00,248.00,306.00
245.00,216.00,299.00,216.00,299.00,306.00,245.00,306.00
242.00,214.00,298.00,214.00,298.00,307.00,242.00,307.00
240.00,212.00,297.00,212.00,297.00,308.00,240.00,308.00
239.00,212.00,297.00,212.00,297.00,309.00,239.00,309.00
237.00,211.00,297.00,211.00,297.00,311.00,237.00,311.00
236.00,210.00,297.00,210.00,297.00,311.00,236.00,311.00
235.00,208.00,297.00,208.00,297.00,312.00,235.00,312.00
232.00,204.00,296.00,204.00,296.00,311.00,232.00,311.00
230.00,201.00,294.00,201.00,294.00,307.00,230.00,307.00
230.00,200.00,294.00,200.00,294.00,306.00,230.00,306.00
226.00,195.00,292.00,195.00,292.00,304.00,226.00,304.00
223.00,191.00,288.00,191.00,288.00,299.00,223.00,299.00
220.00,186.00,285.00,186.00,285.00,294.00,220.00,294.00
219.00,181.00,283.00,181.00,283.00,287.00,219.00,287.00
218.00,175.00,284.00,175.00,284.00,285.00,218.00,285.00
219.00,172.00,286.00,172.00,286.00,283.00,219.00,283.00
220.00,169.00,286.00,169.00,286.00,278.00,220.00,278.00
220.00,166.00,285.00,166.00,285.00,274.00,220.00,274.00
219.00,162.00,285.00,162.00,285.00,272.00,219.00,272.00
220.00,161.00,284.00,161.00,284.00,267.00,220.00,267.00
220.00,159.00,284.00,159.00,284.00,266.00,220.00,266.00
219.00,155.00,285.00,155.00,285.00,264.00,219.00,264.00
219.00,152.00,286.00,152.00,286.00,264.00,219.00,264.00
217.00,149.00,285.00,149.00,285.00,261.00,217.00,261.00
217.00,146.00,283.00,146.00,283.00,255.00,217.00,255.00
218.00,144.00,281.00,144.00,281.00,250.00,218.00,250.00
218.00,142.00,281.00,142.00,281.00,247.00,218.00,247.00
217.00,141.00,280.00,141.00,280.00,245.00,217.00,245.00
217.00,141.00,278.00,141.00,278.00,243.00,217.00,243.00
216.00,141.00,277.00,141.00,277.00,243.00,216.00,243.00
216.00,143.00,277.00,143.00,277.00,244.00,216.00,244.00
215.00,144.00,278.00,144.00,278.00,249.00,215.00,249.00
215.00,147.00,278.00,147.00,278.00,251.00,215.00,251.00
214.00,148.00,277.00,148.00,277.00,253.00,214.00,253.00
213.00,148.00,276.00,148.00,276.00,254.00,213.00,254.00
213.00,148.00,276.00,148.00,276.00,253.00,213.00,253.00
211.00,144.00,276.00,144.00,276.00,252.00,211.00,252.00
208.00,141.00,274.00,141.00,274.00,250.00,208.00,250.00
205.00,137.00,272.00,137.00,272.00,249.00,205.00,249.00
203.00,138.00,268.00,138.00,268.00,247.00,203.00,247.00
204.00,140.00,268.00,140.00,268.00,246.00,204.00,246.00
207.00,142.00,269.00,142.00,269.00,245.00,207.00,245.00
207.00,145.00,268.00,145.00,268.00,247.00,207.00,247.00
207.00,150.00,268.00,150.00,268.00,252.00,207.00,252.00
207.00,155.00,268.00,155.00,268.00,256.00,207.00,256.00
208.00,163.00,267.00,163.00,267.00,261.00,208.00,261.00
209.00,174.00,266.00,174.00,266.00,269.00,209.00,269.00
210.00,182.00,265.00,182.00,265.00,274.00,210.00,274.00
210.00,192.00,263.00,192.00,263.00,281.00,210.00,281.00
210.00,201.00,262.00,201.00,262.00,288.00,210.00,288.00
211.00,208.00,262.00,208.00,262.00,293.00,211.00,293.00
209.00,212.00,260.00,212.00,260.00,296.00,209.00,296.00
207.00,212.00,258.00,212.00,258.00,298.00,207.00,298.00
207.00,211.00,258.00,211.00,258.00,296.00,207.00,296.00
208.00,208.00,259.00,208.00,259.00,292.00,208.00,292.00
209.00,204.00,258.00,204.00,258.00,286.00,209.00,286.00
207.00,197.00,257.00,197.00,257.00,281.00,207.00,281.00
208.00,194.00,257.00,194.00,257.00,276.00,208.00,276.00
206.00,187.00,256.00,187.00,256.00,271.00,206.00,271.00
204.00,183.00,255.00,183.00,255.00,267.00,204.00,267.00
205.00,180.00,255.00,180.00,255.00,264.00,205.00,264.00
206.00,175.00,256.00,175.00,256.00,258.00,206.00,258.00
204.00,167.00,256.00,167.00,256.00,253.00,204.00,253.00
204.00,162.00,257.00,162.00,257.00,251.00,204.00,251.00
201.00,158.00,255.00,158.00,255.00,247.00,201.00,247.00
198.00,155.00,253.00,155.00,253.00,246.00,198.00,246.00
198.00,152.00,254.00,152.00,254.00,245.00,198.00,245.00
198.00,148.00,256.00,148.00,256.00,244.00,198.00,244.00
200.00,147.00,258.00,147.00,258.00,245.00,200.00,245.00
201.00,147.00,261.00,147.00,261.00,248.00,201.00,248.00
201.00,146.00,264.00,146.00,264.00,250.00,201.00,250.00
201.00,143.00,265.00,143.00,265.00,250.00,201.00,250.00
202.00,143.00,267.00,143.00,267.00,251.00,202.00,251.00
206.00,145.00,269.00,145.00,269.00,250.00,206.00,250.00
209.00,144.00,272.00,144.00,272.00,250.00,209.00,250.00
213.00,145.00,276.00,145.00,276.00,250.00,213.00,250.00
217.00,145.00,278.00,145.00,278.00,247.00,217.00,247.00
223.00,145.00,283.00,145.00,283.00,245.00,223.00,245.00
230.00,143.00,290.00,143.00,290.00,244.00,230.00,244.00
240.00,141.00,298.00,141.00,298.00,239.00,240.00,239.00
247.00,137.00,307.00,137.00,307.00,238.00,247.00,238.00
255.00,136.00,313.00,136.00,313.00,234.00,255.00,234.00
259.00,134.00,319.00,134.00,319.00,234.00,259.00,234.00
260.00,133.00,320.00,133.00,320.00,232.00,260.00,232.00
261.00,133.00,320.00,133.00,320.00,231.00,261.00,231.00
263.00,134.00,323.00,134.00,323.00,235.00,263.00,235.00
265.00,137.00,324.00,137.00,324.00,235.00,265.00,235.00
267.00,138.00,326.00,138.00,326.00,236.00,267.00,236.00
268.00,139.00,327.00,139.00,327.00,236.00,268.00,236.00
269.00,140.00,328.00,140.00,328.00,238.00,269.00,238.00
270.00,143.00,328.00,143.00,328.00,241.00,270.00,241.00
271.00,148.00,328.00,148.00,328.00,243.00,271.00,243.00
270.00,149.00,329.00,149.00,329.00,246.00,270.00,246.00
270.00,149.00,328.00,149.00,328.00,247.00,270.00,247.00
269.00,150.00,327.00,150.00,327.00,248.00,269.00,248.00
269.00,153.00,326.00,153.00,326.00,248.00,269.00,248.00
266.00,153.00,324.00,153.00,324.00,249.00,266.00,249.00
265.00,153.00,323.00,153.00,323.00,250.00,265.00,250.00
262.00,152.00,322.00,152.00,322.00,252.00,262.00,252.00
260.00,152.00,320.00,152.00,320.00,252.00,260.00,252.00
256.00,151.00,317.00,151.00,317.00,252.00,256.00,252.00
254.00,150.00,314.00,150.00,314.00,251.00,254.00,251.00
251.00,150.00,312.00,150.00,312.00,251.00,251.00,251.00
250.00,152.00,309.00,152.00,309.00,251.00,250.00,251.00
247.00,153.00,307.00,153.00,307.00,252.00,247.00,252.00
246.00,153.00,305.00,153.00,305.00,252.00,246.00,252.00
244.00,154.00,303.00,154.00,303.00,251.00,244.00,251.00
244.00,154.00,303.00,154.00,303.00,253.00,244.00,253.00
244.00,154.00,303.00,154.00,303.00,253.00,244.00,253.00
244.00,155.00,302.00,155.00,302.00,252.00,244.00,252.00
244.00,154.00,304.00,154.00,304.00,253.00,244.00,253.00
244.00,154.00,303.00,154.00,303.00,253.00,244.00,253.00
243.00,154.00,302.00,154.00,302.00,253.00,243.00,253.00
242.00,155.00,301.00,155.00,301.00,253.00,242.00,253.00
242.00,155.00,300.00,155.00,300.00,252.00,242.00,252.00
242.00,155.00,300.00,155.00,300.00,252.00,242.00,252.00
242.00,155.00,300.00,155.00,300.00,252.00,242.00,252.00
241.00,156.00,299.00,156.00,299.00,253.00,241.00,253.00
239.00,155.00,299.00,155.00,299.00,254.00,239.00,254.00
237.00,155.00,296.00,155.00,296.00,253.00,237.00,253.00
234.00,154.00,294.00,154.00,294.00,255.00,234.00,255.00
233.00,155.00,292.00,155.00,292.00,253.00,233.00,253.00
232.00,155.00,292.00,155.00,292.00,254.00,232.00,254.00
232.00,155.00,291.00,155.00,291.00,253.00,232.00,253.00
232.00,156.00,291.00,156.00,291.00,253.00,232.00,253.00
232.00,156.00,290.00,156.00,290.00,253.00,232.00,253.00
232.00,158.00,289.00,158.00,289.00,252.00,232.00,252.00
232.00,158.00,289.00,158.00,289.00,253.00,232.00,253.00
230.00,157.00,288.00,157.00,288.00,253.00,230.00,253.00
230.00,156.00,288.00,156.00,288.00,254.00,230.00,254.00
229.00,156.00,288.00,156.00,288.00,254.00,229.00,254.00
229.00,157.00,287.00,157.00,287.00,253.00,229.00,253.00
228.00,156.00,286.00,156.00,286.00,252.00,228.00,252.00
226.00,155.00,284.00,155.00,284.00,252.00,226.00,252.00
227.00,156.00,283.00,156.00,283.00,250.00,227.00,250.00
229.00,155.00,284.00,155.00,284.00,246.00,229.00,246.00
234.00,152.00,288.00,152.00,288.00,242.00,234.00,242.00
212.00,156.00,266.00,156.00,266.00,244.00,212.00,244.00
213.00,157.00,265.00,157.00,265.00,243.00,213.00,243.00
214.00,155.00,267.00,155.00,267.00,243.00,214.00,243.00
214.00,155.00,268.00,155.00,268.00,245.00,214.00,245.00
214.00,155.00,267.00,155.00,267.00,244.00,214.00,244.00
214.00,155.00,267.00,155.00,267.00,243.00,214.00,243.00
213.00,155.00,267.00,155.00,267.00,245.00,213.00,245.00
212.00,155.00,265.00,155.00,265.00,243.00,212.00,243.00
210.00,156.00,264.00,156.00,264.00,244.00,210.00,244.00
209.00,156.00,261.00,156.00,261.00,242.00,209.00,242.00
209.00,155.00,260.00,155.00,260.00,241.00,209.00,241.00
207.00,154.00,259.00,154.00,259.00,242.00,207.00,242.00
205.00,153.00,259.00,153.00,259.00,244.00,205.00,244.00
202.00,152.00,258.00,152.00,258.00,245.00,202.00,245.00
200.00,151.00,257.00,151.00,257.00,246.00,200.00,246.00
198.00,149.00,257.00,149.00,257.00,247.00,198.00,247.00
199.00,148.00,258.00,148.00,258.00,246.00,199.00,246.00
199.00,148.00,257.00,148.00,257.00,245.00,199.00,245.00
